# yaw
0.000000000000000000e+00 0.000000000000000000e+00 0.000000000000000000e+00 0.000000000000000000e+00 0.000000000000000000e+00 2.861519068200179916e+01 -6.754739374952962727e+00 -1.156349103256704147e+01 -2.162949797976030653e-01 2.830909712171360582e+01 3.000000000000000000e+01 2.191410247453143612e+01 2.368204126951694732e+01 3.560776401712975048e+00 3.000000000000000000e+01 3.000000000000000000e+01 5.773376338001251717e+00 5.884420985716389829e+00 4.329526903618316602e+00 3.000000000000000000e+01 2.880118340569402235e+01 2.880829577091377303e+01 3.000000000000000000e+01 -2.932049328738919325e+00 3.000000000000000000e+01
0.000000000000000000e+00 0.000000000000000000e+00 0.000000000000000000e+00 0.000000000000000000e+00 0.000000000000000000e+00 2.623591177903307781e+01 -3.896120251070853246e+00 -1.979221056499534015e+01 1.221765448504068630e+01 2.935780566023275284e+01 1.815629613249364027e+01 4.322367193791302853e+00 4.004848536244012713e+00 0.000000000000000000e+00 1.721395478067569940e+01 2.121787993323631838e+01 -1.199117154891932380e+00 5.424938198581751763e-04 7.755599475434258316e+00 2.620986982048014013e+01 1.559633604238186599e+01 2.475934275820685215e+01 1.738466554407446552e+01 3.000000000000000000e+01 2.654782021750676080e+01
0.000000000000000000e+00 0.000000000000000000e+00 0.000000000000000000e+00 0.000000000000000000e+00 0.000000000000000000e+00 1.532966086634406011e+01 5.197458940903413982e+00 -1.567976519894066278e+01 1.356133160825900674e+01 1.701216184524884412e+01 6.438727444272366540e+00 4.392208717297066889e-04 1.400013934300909507e-03 0.000000000000000000e+00 2.543967773642310082e+00 3.572240110159887294e+00 -1.892999703970712844e+01 -1.411184925255958156e+01 -5.271596510335107233e+00 3.000000000000000000e+01 1.134296633328952097e+01 2.999999999999999645e+01 -1.091990113504090054e+01 -9.773224167676225482e-01 2.256167941487414907e+01
0.000000000000000000e+00 0.000000000000000000e+00 0.000000000000000000e+00 0.000000000000000000e+00 0.000000000000000000e+00 1.796961481216990464e+01 4.552983987722348580e+00 2.741044239260049142e+00 7.220347442165587992e+00 1.227493177254924106e+01 3.888936321357825410e-01 -6.021923330384425926e-02 0.000000000000000000e+00 0.000000000000000000e+00 -1.556499676700610024e+01 0.000000000000000000e+00 1.423212945125396756e+00 8.457438993793816806e+00 1.144323589941247166e+00 2.170756191284205627e+01 8.777997883435434190e+00 2.541921894510699431e+01 6.015991302814454045e+00 1.174881747468774051e+01 1.318021984652961542e+01
0.000000000000000000e+00 0.000000000000000000e+00 0.000000000000000000e+00 0.000000000000000000e+00 0.000000000000000000e+00 6.450178087808851934e+00 1.283954424831884467e+01 2.753126855257663053e+01 5.572529897121277997e+00 -1.322121618534317022e+01 0.000000000000000000e+00 -1.653506120158652593e+01 -3.968456212847952247e-01 -4.782056834041009452e+00 3.000000000000000000e+01 0.000000000000000000e+00 -9.222147639340938952e+00 6.993951215953751799e+00 6.869398982769487461e+00 2.109027253358629686e-02 0.000000000000000000e+00 -4.215835623929306664e+00 1.121761757216782662e+01 2.271470286473907763e+01 -1.681385871411715582e+00
0.000000000000000000e+00 0.000000000000000000e+00 0.000000000000000000e+00 0.000000000000000000e+00 0.000000000000000000e+00 3.077090552376790869e-02 6.057698894486683194e+00 9.518025189834832034e+00 5.700926324140634079e-04 -1.577890156140911415e+01 0.000000000000000000e+00 -1.610216782874081076e+01 -2.999957362442712494e+01 -2.234934297321790098e+01 2.606139247405585380e+01 0.000000000000000000e+00 2.349981883025226281e+01 -1.667489805880950016e+01 -5.373920572388625416e+00 -4.214195185814770817e+00 0.000000000000000000e+00 -1.632462964206175826e+01 9.236671849344309848e+00 1.911494520086619575e+00 4.434796838518268558e+00
0.000000000000000000e+00 0.000000000000000000e+00 0.000000000000000000e+00 0.000000000000000000e+00 0.000000000000000000e+00 0.000000000000000000e+00 2.812440829452163893e+00 2.373797641871399478e+01 0.000000000000000000e+00 -1.053448759596011719e+01 0.000000000000000000e+00 2.188918835702149579e+01 -3.000000000000000000e+01 2.983658556451881338e+01 7.277325415685657717e+00 0.000000000000000000e+00 1.113315314595351246e+01 2.698796549022961599e+01 -2.369468518904300325e+01 -2.993802045420488867e+01 0.000000000000000000e+00 -1.229271567599819548e+01 1.484188918191725826e+01 2.454430541109413610e+01 4.559894302537969679e+00
0.000000000000000000e+00 0.000000000000000000e+00 0.000000000000000000e+00 0.000000000000000000e+00 0.000000000000000000e+00 0.000000000000000000e+00 5.074799765034569976e-01 8.092911507886499933e+00 0.000000000000000000e+00 2.926711087780912735e+01 0.000000000000000000e+00 3.000000000000000000e+01 3.000000000000000000e+01 2.676795626085904445e+01 -8.555090202917570608e+00 0.000000000000000000e+00 1.154090914564225717e-02 2.342793484460803555e+01 3.000000000000000000e+01 3.000000000000000000e+01 0.000000000000000000e+00 3.000000000000000000e+01 -5.935888266430656479e+00 1.360516656220716492e+00 -4.910307736938765544e+00
0.000000000000000000e+00 0.000000000000000000e+00 0.000000000000000000e+00 0.000000000000000000e+00 0.000000000000000000e+00 0.000000000000000000e+00 -1.969049630099873813e-02 4.077093594289632472e-02 0.000000000000000000e+00 1.915051630196428079e+01 0.000000000000000000e+00 1.792191857318003656e+01 1.691347290810878690e+01 5.373914308145292473e+00 -5.135447382146937301e+00 0.000000000000000000e+00 0.000000000000000000e+00 7.199668480346068655e+00 2.133381918050644543e+01 2.745865518024792351e+01 0.000000000000000000e+00 2.200535390830185278e+01 2.040169806208908909e+01 -5.261509289785027299e+00 -1.356768513000938192e+01
0.000000000000000000e+00 0.000000000000000000e+00 0.000000000000000000e+00 0.000000000000000000e+00 0.000000000000000000e+00 0.000000000000000000e+00 -4.137745721842362556e+00 0.000000000000000000e+00 -9.982687953943433432e-03 9.356892667063606339e+00 0.000000000000000000e+00 5.818941217650781539e+00 8.839257436512417243e+00 2.736219548541818369e+00 1.462537415962890108e+01 0.000000000000000000e+00 -8.293490837527946885e-04 -1.784308212978356067e+00 -2.298073883067560885e+00 1.230225491274151040e+01 0.000000000000000000e+00 2.226570602560648737e+01 -4.950385542405975059e+00 2.106047635643679694e+00 -1.793151684236626764e+01
0.000000000000000000e+00 0.000000000000000000e+00 0.000000000000000000e+00 0.000000000000000000e+00 0.000000000000000000e+00 0.000000000000000000e+00 -1.726272544181384205e+01 -1.259619110320019608e+00 -1.118929357284939030e+01 -7.926052382484690462e+00 0.000000000000000000e+00 0.000000000000000000e+00 -5.934725312722894941e-01 -1.212262694387476136e+00 6.767322020002924710e+00 0.000000000000000000e+00 -4.817193092038065672e+00 7.710685343796357394e+00 -7.321605718158966658e-01 3.302641807635363413e+00 0.000000000000000000e+00 4.789003936790484084e-01 -1.431931759461123299e+01 2.485506724469188633e+00 -2.106692069246559385e+01
0.000000000000000000e+00 0.000000000000000000e+00 0.000000000000000000e+00 0.000000000000000000e+00 0.000000000000000000e+00 0.000000000000000000e+00 -2.518560712219721509e+01 -1.306566896043857362e+01 -2.327011287207699297e+01 -1.536382125084986150e+01 0.000000000000000000e+00 -8.424189885419213208e-01 1.694976839713508987e+00 1.833100505460397756e+01 1.581135030363992833e+00 0.000000000000000000e+00 -1.360168734388428113e+01 3.092453371268311449e-03 -5.609189312849718334e+00 3.739647091597810391e+00 0.000000000000000000e+00 0.000000000000000000e+00 -2.231071410232177143e+01 -1.250480269689731294e+01 -2.564654157283233715e+01
0.000000000000000000e+00 0.000000000000000000e+00 0.000000000000000000e+00 0.000000000000000000e+00 -9.966802601797400962e-01 0.000000000000000000e+00 2.965478459986369231e+01 -2.250436349904915545e+01 3.000000000000000000e+01 -1.961231093027067018e+01 0.000000000000000000e+00 -6.755583086294381090e+00 5.953700800940953997e+00 -3.766284607060828016e+00 -1.649815500954527536e+01 0.000000000000000000e+00 -9.514795111894585489e+00 0.000000000000000000e+00 2.399104368148359612e+01 8.844060383353633981e+00 0.000000000000000000e+00 -1.722707353322417312e+00 2.939761534819960787e+01 -2.143616127520652981e+01 2.593961689212260779e+01
0.000000000000000000e+00 0.000000000000000000e+00 0.000000000000000000e+00 0.000000000000000000e+00 -5.167029238834182081e+00 0.000000000000000000e+00 1.884520244908772568e+01 2.661812841607403257e+01 2.182724945296765995e+01 2.977430744300999166e+01 0.000000000000000000e+00 -2.152831601903642778e+01 1.597605800922675650e-05 2.258920744189422081e+01 -1.512685244645604499e+00 0.000000000000000000e+00 -9.622514972933705835e+00 -3.252783753890766683e-01 1.850627957837058357e+00 -3.541349281607173882e+00 0.000000000000000000e+00 -8.272814200872538493e+00 1.709038269080163630e+01 3.000000000000000000e+01 1.782843673772264026e+01
0.000000000000000000e+00 -4.851889975516578968e-01 0.000000000000000000e+00 0.000000000000000000e+00 -8.030888982702240497e+00 0.000000000000000000e+00 5.755089876452513131e+00 -3.700828849154497835e+00 -1.420486680583563643e+00 -1.783558450314664157e+01 0.000000000000000000e+00 -2.011115754951474699e+01 -3.696483514240485047e+00 -4.945279402996427542e+00 -3.530774974086398288e+00 0.000000000000000000e+00 -5.672187926000429314e+00 -9.883613625347162923e+00 0.000000000000000000e+00 4.669500349434200892e+00 0.000000000000000000e+00 -1.410693553591495863e+01 9.079406300493583215e-01 2.991887140641604148e+01 4.770803562027747802e+00
0.000000000000000000e+00 -3.938637375102584492e+00 -8.216402445140829069e-01 -3.301356230462343611e+00 -1.076723645266628537e+01 0.000000000000000000e+00 -4.644207336353986193e+00 -2.318871306010400757e-01 -4.030140926408033231e+00 3.000000000000000000e+01 0.000000000000000000e+00 9.815590502358983116e+00 -1.519469264897642979e+01 -1.627989292213564809e+01 -2.075458119422737013e+01 0.000000000000000000e+00 2.028419260254906931e+00 -2.458776434648731524e+01 -1.208316262673526514e-01 -4.849535523548683003e+00 0.000000000000000000e+00 -2.038835074786317492e+01 -1.265887636206906253e+00 1.683530147192083382e+00 -2.047038660878799377e+01
0.000000000000000000e+00 -1.599294040010837392e+01 -1.085491627884679744e+01 -1.867337492156159229e+01 -9.183466886093272663e+00 0.000000000000000000e+00 -1.356510458787966833e+01 -1.173139240096933555e+01 -3.432805616679848182e+00 2.499926372056944146e+01 0.000000000000000000e+00 1.051610522684346982e+01 -2.640289300086659807e+01 -2.188634156553688470e+01 3.000000000000000000e+01 0.000000000000000000e+00 8.142176409000290604e+00 3.000000000000000000e+01 -1.214897238089974429e+01 -1.735550992900172318e+01 0.000000000000000000e+00 -2.302440396106885245e+01 -9.326970971328032434e+00 -2.115990818174865495e+01 -8.129847458417889250e-01
0.000000000000000000e+00 -3.000000000000000000e+01 -2.335897225679853051e+01 -2.639839717221788717e+01 -2.101944687825105618e+01 0.000000000000000000e+00 -1.819539621956702291e+01 -2.059215255070434125e+01 3.000000000000000000e+01 2.269849459643711498e+01 0.000000000000000000e+00 2.112858458796899797e+01 2.431058583715054766e+01 3.000000000000000000e+01 1.389769727889293627e+01 0.000000000000000000e+00 1.985916056427089060e+01 1.733338830247032547e+01 -2.999999939646615132e+01 -2.814511573075404272e+01 0.000000000000000000e+00 -1.881735070706849555e+01 -2.209460168408215708e+01 -2.789995078395011419e+01 -1.958268943635580328e+01
0.000000000000000000e+00 2.939246121785606647e+01 3.000000000000000000e+01 3.000000000000000000e+01 3.000000000000000000e+01 0.000000000000000000e+00 1.627516188838029265e+01 3.000000000000000000e+01 1.657644740528192884e+01 1.193448855184816715e+01 0.000000000000000000e+00 1.080527033800535008e+01 1.592259537772622124e+01 2.295113604638724425e+01 4.069916724282497178e+00 0.000000000000000000e+00 1.204135060540879465e+01 1.568535520701085773e+01 2.252580653717728509e+01 2.999999999999999645e+01 0.000000000000000000e+00 3.000000000000000000e+01 3.000000000000000000e+01 3.000000000000000000e+01 3.000000000000000000e+01
0.000000000000000000e+00 2.656965982768183565e+01 1.717883979035392983e+01 2.200742486959758537e+01 1.878465730291961222e+01 0.000000000000000000e+00 1.529876377239374463e+01 2.105961604122404651e+01 4.180221713900501790e+00 5.629277357678250659e-01 0.000000000000000000e+00 6.976310070396715690e-03 8.323361322469839507e+00 1.386217508211455751e+01 -8.000133692492343851e-01 0.000000000000000000e+00 7.189736735345689134e+00 3.691919066694175466e+00 1.617093848486410579e+01 2.685095230218310647e+01 0.000000000000000000e+00 2.568695080598126168e+01 1.685814371704253745e+01 2.312844372321864483e+01 1.725702667582314476e+01
0.000000000000000000e+00 2.120199290593706820e+01 7.391051142019975373e+00 3.000000000000000000e+01 -5.620475217715957150e+00 0.000000000000000000e+00 7.715793023542554252e+00 4.527824475715644503e+00 -3.154079170269410870e+00 -2.963517090619489203e+00 0.000000000000000000e+00 0.000000000000000000e+00 2.272065292347732746e-01 3.058987148218701879e+00 -1.847087472465977598e+01 0.000000000000000000e+00 3.055542274321638163e-01 -7.588056424633455865e-01 2.221782669484742101e+01 3.000000000000000000e+01 0.000000000000000000e+00 1.970872466423944047e+01 1.834326393598500360e+00 8.104840079980210277e+00 1.301470334246455529e+01
0.000000000000000000e+00 2.999999999995385735e+01 -4.452630965854705636e+00 1.689692279538704600e+00 1.917089667148018250e+01 0.000000000000000000e+00 1.112888558640824588e+00 5.139353455352843603e-02 4.366893350891450254e+00 2.620209738892527174e+00 0.000000000000000000e+00 0.000000000000000000e+00 0.000000000000000000e+00 -1.375690023858253141e+01 1.858447317570137258e+01 0.000000000000000000e+00 0.000000000000000000e+00 -1.646373898379381018e+01 1.851671797730548619e+01 1.766491108555998935e+01 0.000000000000000000e+00 1.409200762313768784e+01 0.000000000000000000e+00 2.937834050215602441e-02 1.868211747992618399e+01
0.000000000000000000e+00 -5.021414567453112987e+00 -9.456719761733120677e+00 -2.640779306630211209e+00 3.166297213595493432e+00 0.000000000000000000e+00 0.000000000000000000e+00 -1.237786004941055573e+01 -5.328884278856478751e+00 -4.773186864124732587e+00 0.000000000000000000e+00 0.000000000000000000e+00 -1.293072033974020929e+00 6.113877415675762483e-01 -1.212049661193474925e+01 0.000000000000000000e+00 0.000000000000000000e+00 -5.552288663602277907e+00 -1.039949924441737394e+01 -3.833966351857672095e+00 0.000000000000000000e+00 2.771555316556390647e+00 0.000000000000000000e+00 0.000000000000000000e+00 0.000000000000000000e+00
0.000000000000000000e+00 0.000000000000000000e+00 0.000000000000000000e+00 0.000000000000000000e+00 0.000000000000000000e+00 0.000000000000000000e+00 0.000000000000000000e+00 0.000000000000000000e+00 0.000000000000000000e+00 0.000000000000000000e+00 0.000000000000000000e+00 0.000000000000000000e+00 0.000000000000000000e+00 0.000000000000000000e+00 0.000000000000000000e+00 0.000000000000000000e+00 0.000000000000000000e+00 0.000000000000000000e+00 0.000000000000000000e+00 0.000000000000000000e+00 0.000000000000000000e+00 0.000000000000000000e+00 0.000000000000000000e+00 0.000000000000000000e+00 0.000000000000000000e+00
0.000000000000000000e+00 0.000000000000000000e+00 0.000000000000000000e+00 0.000000000000000000e+00 0.000000000000000000e+00 0.000000000000000000e+00 0.000000000000000000e+00 0.000000000000000000e+00 0.000000000000000000e+00 0.000000000000000000e+00 0.000000000000000000e+00 0.000000000000000000e+00 0.000000000000000000e+00 0.000000000000000000e+00 0.000000000000000000e+00 0.000000000000000000e+00 0.000000000000000000e+00 0.000000000000000000e+00 0.000000000000000000e+00 0.000000000000000000e+00 0.000000000000000000e+00 0.000000000000000000e+00 0.000000000000000000e+00 0.000000000000000000e+00 0.000000000000000000e+00
0.000000000000000000e+00 0.000000000000000000e+00 0.000000000000000000e+00 0.000000000000000000e+00 0.000000000000000000e+00 0.000000000000000000e+00 0.000000000000000000e+00 0.000000000000000000e+00 0.000000000000000000e+00 0.000000000000000000e+00 0.000000000000000000e+00 0.000000000000000000e+00 0.000000000000000000e+00 0.000000000000000000e+00 0.000000000000000000e+00 0.000000000000000000e+00 0.000000000000000000e+00 0.000000000000000000e+00 0.000000000000000000e+00 0.000000000000000000e+00 0.000000000000000000e+00 0.000000000000000000e+00 0.000000000000000000e+00 0.000000000000000000e+00 0.000000000000000000e+00
0.000000000000000000e+00 0.000000000000000000e+00 0.000000000000000000e+00 0.000000000000000000e+00 0.000000000000000000e+00 0.000000000000000000e+00 0.000000000000000000e+00 0.000000000000000000e+00 0.000000000000000000e+00 0.000000000000000000e+00 0.000000000000000000e+00 0.000000000000000000e+00 0.000000000000000000e+00 0.000000000000000000e+00 0.000000000000000000e+00 0.000000000000000000e+00 0.000000000000000000e+00 0.000000000000000000e+00 0.000000000000000000e+00 0.000000000000000000e+00 0.000000000000000000e+00 0.000000000000000000e+00 0.000000000000000000e+00 0.000000000000000000e+00 0.000000000000000000e+00
0.000000000000000000e+00 1.980912573285161571e+01 2.184758859630618844e+01 4.676803418439685056e-01 -9.192555341642592026e+00 0.000000000000000000e+00 6.953750449937600386e+00 7.964681253932967664e+00 1.998878347103076791e+01 -5.084496087246524354e+00 0.000000000000000000e+00 -1.580439058376092554e+01 2.937316592415439942e+01 4.669408905109517782e+00 1.087562817355992628e+01 0.000000000000000000e+00 -7.538954883418002240e+00 0.000000000000000000e+00 1.783648243168821779e+01 1.951254780852480053e+01 0.000000000000000000e+00 0.000000000000000000e+00 0.000000000000000000e+00 0.000000000000000000e+00 0.000000000000000000e+00
0.000000000000000000e+00 8.456572606817641002e+00 1.309001083440975988e+00 -1.365068599657491610e+01 3.000000000000000000e+01 0.000000000000000000e+00 1.916708235155855178e+01 1.636355109449191403e+01 1.423505421127672221e+01 3.000000000000000000e+01 0.000000000000000000e+00 -2.037814715726550574e+01 -2.743643263193121573e+00 1.968354633225201411e+01 1.931633296899881458e+01 0.000000000000000000e+00 2.250514717486400862e+00 0.000000000000000000e+00 0.000000000000000000e+00 1.117110041866405545e+01 0.000000000000000000e+00 0.000000000000000000e+00 0.000000000000000000e+00 0.000000000000000000e+00 0.000000000000000000e+00
0.000000000000000000e+00 -1.293576586189161581e+01 -1.253834755489786268e+01 2.746128590481049159e+01 2.876130652658644848e+01 0.000000000000000000e+00 5.147903531272373989e+00 -1.330592468207096601e+01 -8.077732801270737895e+00 2.697929193993990538e+01 0.000000000000000000e+00 2.647039879767383752e+01 2.565108090088516146e+00 -1.392408588065399933e+01 5.607045409130689606e+00 0.000000000000000000e+00 2.778105164872927801e+01 0.000000000000000000e+00 0.000000000000000000e+00 0.000000000000000000e+00 0.000000000000000000e+00 0.000000000000000000e+00 0.000000000000000000e+00 0.000000000000000000e+00 0.000000000000000000e+00
-1.009105364836012431e+00 2.263922425133852556e+01 7.030405549860951453e+00 1.059391777813397439e+01 2.461633540696345435e+01 0.000000000000000000e+00 -1.643473508659376581e+00 1.399052678792917703e+01 7.834958536892972170e+00 8.702717166599411858e-01 0.000000000000000000e+00 1.689264744257907580e+01 5.538562464399229945e+00 1.923966799305549102e+01 -5.650447057581553523e+00 0.000000000000000000e+00 1.676715944835683914e+01 0.000000000000000000e+00 0.000000000000000000e+00 -1.369371127182697379e+00 0.000000000000000000e+00 0.000000000000000000e+00 0.000000000000000000e+00 0.000000000000000000e+00 0.000000000000000000e+00
-5.211056194427224675e+00 1.537814720517800815e+01 1.592223591180643183e+01 1.805942271636095242e+01 1.848287985650534182e+01 0.000000000000000000e+00 -5.946151578290360895e+00 6.813782912481604725e+00 3.018277901744123248e+00 -1.700284063039095273e+01 0.000000000000000000e+00 -1.362525593757314368e+01 5.436681353562818059e-05 2.134667264901628059e+00 1.098316036528870576e+01 0.000000000000000000e+00 7.473977039167289504e+00 0.000000000000000000e+00 0.000000000000000000e+00 -7.782053534666075301e+00 0.000000000000000000e+00 0.000000000000000000e+00 0.000000000000000000e+00 0.000000000000000000e+00 0.000000000000000000e+00
-8.031921896426560181e+00 -4.608597580647169067e+00 8.676900759715865163e+00 -4.254942327581066053e+00 -9.610971143635175240e-01 -1.211181527194105240e-01 -8.599591844969827648e+00 -6.664556256002662771e+00 -3.827755979187114299e+00 -1.069357989894482941e+01 0.000000000000000000e+00 -1.224999741323122748e+01 -5.124582813490079047e+00 -5.034845691724081779e-02 -4.383440108584914507e-01 -4.454278547027230861e-02 -6.695972264894318737e-01 0.000000000000000000e+00 0.000000000000000000e+00 -1.291991211639831505e+01 0.000000000000000000e+00 0.000000000000000000e+00 0.000000000000000000e+00 0.000000000000000000e+00 0.000000000000000000e+00
-8.775618795363067548e+00 1.597366765006132994e+01 -4.802551462119827863e-01 -9.276357157489581340e+00 8.501891972541487874e+00 -1.166877424870999924e+01 -3.927074939536562059e+00 -1.642008331605648408e+01 -1.178734216692106429e+01 1.067698142688320040e+01 -2.429177246941017360e-02 -2.157582007007521341e+01 -1.236518089782662422e+01 -9.663703282992898380e+00 -5.942961729880924082e+00 -3.820942602456085968e+00 -1.041348512547251381e+01 -3.427979038775844089e-01 -6.764819903985502814e-01 -1.729871786880353923e+01 0.000000000000000000e+00 0.000000000000000000e+00 0.000000000000000000e+00 0.000000000000000000e+00 0.000000000000000000e+00
-1.156056221319570554e+01 -1.059987341065774302e+01 -5.381302100089195406e+00 -2.610536976824579725e+01 -7.173227382130382246e+00 -2.079544332034509324e+01 -2.421300046572233455e+01 -2.714002438490314972e+01 2.506179865243134941e+01 -1.333985697430085082e+01 -8.080776835580952167e+00 -2.791603134308283884e+01 -1.476064365055007244e+01 -1.658670187893469716e+01 -1.086476946805953325e+01 -1.607999392116088089e+01 -1.356331130191002110e+01 -1.027962117430157285e+01 -6.681554047286407005e+00 -2.287029403746537781e+01 0.000000000000000000e+00 0.000000000000000000e+00 0.000000000000000000e+00 0.000000000000000000e+00 0.000000000000000000e+00
-2.023634609565113607e+01 -3.000000000000000000e+01 -2.053596805181197738e+01 2.999999999999999645e+01 -1.606051039738457575e+01 -2.248247387653207952e+01 1.383914637563475303e+01 1.967020765023066176e+01 1.281321615204901398e+01 -2.256232647017862192e+01 -2.010222770713276219e+01 2.129535808833438182e+01 -2.593607984872324934e+01 -2.733712326407477278e+01 -2.214083916522385920e+01 -2.471179143636915754e+01 -7.181061696902225400e+00 -1.015544745334781140e+01 -8.056447542888969693e+00 -2.272282020912521716e+01 0.000000000000000000e+00 0.000000000000000000e+00 0.000000000000000000e+00 0.000000000000000000e+00 0.000000000000000000e+00
3.000000000000000000e+01 3.000000000000000000e+01 2.963902299882283486e+01 2.472188082454320224e+01 2.772652221091306046e+01 3.000000000000000000e+01 7.521247376135979934e+00 6.097632121113932158e+00 1.072128957317445952e+00 3.000000000000000000e+01 2.820635179008376880e+01 8.069728456257891480e+00 2.079444446928722812e+01 2.738114414416060427e+01 3.000000000000000000e+01 2.486844999849626703e+01 3.511861900108750323e+00 -1.029616969316292696e+01 -6.022436758792934164e+00 2.434767873110518366e+01 0.000000000000000000e+00 0.000000000000000000e+00 0.000000000000000000e+00 0.000000000000000000e+00 0.000000000000000000e+00
1.971933539400877322e+01 2.738662160509783305e+01 1.505981354838780462e+01 2.494738317334253708e+01 1.439629144597289212e+01 2.158569302309632221e+01 1.472736480806602577e+00 8.232691437946822177e-02 -1.630088462768314761e+00 1.921731235453457387e+01 1.472978791499413020e+01 0.000000000000000000e+00 4.043047219548588700e+00 1.217528131319151896e+01 1.769118271037002899e+01 2.183558388776799930e+01 1.185652654804548334e+01 -1.797304429762267475e+01 -5.156557966842106211e+00 2.326553842147201578e+01 0.000000000000000000e+00 0.000000000000000000e+00 0.000000000000000000e+00 0.000000000000000000e+00 0.000000000000000000e+00
2.344175404578094657e+01 -1.640347937337759276e+01 -7.704789865736944243e+00 3.000000000000000000e+01 9.283433131275101502e+00 2.688974824129426366e+01 -7.589946837741496921e+00 -9.734056212911848860e+00 -1.733578118952412694e+01 3.200152506266605634e+00 2.607026892968532739e+00 0.000000000000000000e+00 0.000000000000000000e+00 8.162063431432978189e-02 5.454844907295031575e+00 1.492839155604404056e+01 9.346280610626394036e+00 -2.137981486231160488e+01 3.708640140722939904e+00 1.288909871955137021e+01 0.000000000000000000e+00 0.000000000000000000e+00 0.000000000000000000e+00 0.000000000000000000e+00 0.000000000000000000e+00
7.312360329963979666e+00 2.619217992292005093e+01 2.558445352633451719e+01 1.700304986557950215e+01 1.653510748241932227e+00 1.499572601225017188e+01 2.046134740661426932e+01 2.376699033447023623e+01 1.370047110154466008e+00 0.000000000000000000e+00 -1.717229786960913174e+01 0.000000000000000000e+00 0.000000000000000000e+00 -3.000278168948459015e-02 4.373576385729527338e-01 6.075207954678244704e+00 3.920754385002322095e+00 2.271576084315524469e+01 1.194845851193020714e+01 1.445893502964020705e+01 0.000000000000000000e+00 0.000000000000000000e+00 0.000000000000000000e+00 0.000000000000000000e+00 0.000000000000000000e+00
-8.009858636771625129e-01 1.624348469007419027e+01 9.987856897295513292e+00 -2.908306830320554148e+00 0.000000000000000000e+00 1.445811682427825817e-01 5.469598276013577731e+00 7.090779481632285552e+00 2.885376910389322092e+01 0.000000000000000000e+00 -2.531929169301245608e+01 -3.476544352409709937e+00 -2.074971571267355402e-02 -1.259865181146499502e+01 0.000000000000000000e+00 -6.630347384307967218e+00 6.214642998592327938e-01 2.141623845336554766e+01 1.108289418575225582e+01 5.126908024994402346e+00 0.000000000000000000e+00 0.000000000000000000e+00 0.000000000000000000e+00 0.000000000000000000e+00 0.000000000000000000e+00
1.599849483357372470e+01 2.896096289653083389e+01 2.140831185182043939e+01 -1.541156143539594758e+01 0.000000000000000000e+00 -6.569624391475060499e+00 -4.368627637390236629e+00 -1.407189867938424221e+01 1.965924791714668629e+01 0.000000000000000000e+00 2.102809048827855776e+01 -2.059184487605131864e+01 -1.243590355582714402e+01 -2.179748046158581332e+01 0.000000000000000000e+00 -1.824259266236590804e+01 0.000000000000000000e+00 1.354820570567582472e+01 6.677026899777555258e+00 3.283227885833938514e-02 0.000000000000000000e+00 0.000000000000000000e+00 0.000000000000000000e+00 0.000000000000000000e+00 0.000000000000000000e+00
3.219302260764760781e+00 1.934961205145624419e+01 1.142590844467530076e+01 -2.339594993126037892e+01 0.000000000000000000e+00 -2.489051053966733207e+01 -1.716685426763437050e+01 3.000000000000000000e+01 8.893420259447673004e+00 0.000000000000000000e+00 1.094294231731994849e+01 3.000000000000000000e+01 -2.563722275352494506e+01 2.999999999999999645e+01 0.000000000000000000e+00 -2.291536747358376047e+01 0.000000000000000000e+00 1.313148342153198733e+01 2.620881638934133839e+00 0.000000000000000000e+00 0.000000000000000000e+00 0.000000000000000000e+00 0.000000000000000000e+00 0.000000000000000000e+00 0.000000000000000000e+00
-3.890777898150127090e+00 -1.167843318260586960e+00 -3.825074227657586867e+00 2.536183169596928622e+01 0.000000000000000000e+00 2.572548870629030304e+01 2.752401836282280456e+01 2.056769767922185821e+01 0.000000000000000000e+00 0.000000000000000000e+00 -7.546960687995439621e+00 2.390204159695747066e+01 3.000000000000000000e+01 3.000000000000000000e+01 0.000000000000000000e+00 2.628793650469679477e+01 0.000000000000000000e+00 5.761717327978796099e+00 1.104277510188304223e+00 0.000000000000000000e+00 0.000000000000000000e+00 0.000000000000000000e+00 0.000000000000000000e+00 0.000000000000000000e+00 0.000000000000000000e+00
-1.184196436760609750e+01 -6.736622688726034092e+00 1.920423043072998226e+01 1.864823055346053238e+01 0.000000000000000000e+00 2.224188866008375598e+01 1.827321428252423630e+01 5.286126290641635528e+00 0.000000000000000000e+00 0.000000000000000000e+00 -5.619718141528782240e+00 6.630920952299194759e+00 1.701886691408523333e+01 1.811324239568044447e+01 0.000000000000000000e+00 1.949965293758428331e+01 0.000000000000000000e+00 2.471195520125588074e-02 -3.186063389645920479e-02 0.000000000000000000e+00 0.000000000000000000e+00 0.000000000000000000e+00 0.000000000000000000e+00 0.000000000000000000e+00 0.000000000000000000e+00
-2.333965911775113611e+01 1.574129319127397508e+01 1.450481400949965805e+00 9.683043932853163227e+00 0.000000000000000000e+00 8.123655649874899964e+00 -1.767753114944683235e+00 -1.635925709665572114e+01 -1.918740170971291015e+00 0.000000000000000000e+00 1.159471607597637544e+01 -1.689153213380013341e+01 2.336445478030277911e+01 6.195761996243399850e+00 0.000000000000000000e+00 1.015933597454396420e+01 -1.004545483333984857e+00 0.000000000000000000e+00 -6.015320308285208917e+00 0.000000000000000000e+00 0.000000000000000000e+00 0.000000000000000000e+00 0.000000000000000000e+00 0.000000000000000000e+00 0.000000000000000000e+00
-1.938468870555046308e+01 -3.629598713338568761e+00 -1.024900242584454269e+01 3.880979771980311299e-02 0.000000000000000000e+00 2.284185872493574632e+00 -2.238630440942415589e+00 8.302875101967041260e+00 -7.791758697721309801e+00 0.000000000000000000e+00 6.283197436608940478e+00 3.420018363289856644e+00 -2.685042099758822021e-01 0.000000000000000000e+00 0.000000000000000000e+00 -3.076047910987934397e+00 -1.475004576625032549e+01 -7.981056326576778381e-02 -1.793752998618402827e+01 0.000000000000000000e+00 0.000000000000000000e+00 0.000000000000000000e+00 0.000000000000000000e+00 0.000000000000000000e+00 0.000000000000000000e+00
-2.499649697006638505e+01 -1.638687649630686494e+01 -1.865510331605032945e+01 0.000000000000000000e+00 0.000000000000000000e+00 2.417246218716098838e+01 -1.229802070425547456e+00 5.460998886573998137e-03 -1.232980723895769160e+01 0.000000000000000000e+00 -7.016504736204078885e-01 1.889083874426451004e+01 3.483172882090383449e-01 -3.187519505735508241e-01 0.000000000000000000e+00 -1.098177326155635392e+01 -2.332527813342426271e+01 -1.060241042887529517e+01 -2.651669020432935753e+01 0.000000000000000000e+00 0.000000000000000000e+00 0.000000000000000000e+00 0.000000000000000000e+00 0.000000000000000000e+00 0.000000000000000000e+00
2.615676883333707892e+01 -2.143231324699537055e+01 -2.281327921857777241e+01 -1.629718444592087589e+00 0.000000000000000000e+00 7.124680063196667135e+00 2.300105702276175634e+01 0.000000000000000000e+00 -2.263046826868317751e+01 0.000000000000000000e+00 -1.862123701893936101e+01 -1.907116244111178416e+00 6.344455760164996683e+00 -5.449787382341294339e+00 0.000000000000000000e+00 -1.764707582731590207e+01 2.565959970420721348e+01 -2.079822291707927917e+01 2.803843295585003048e+01 0.000000000000000000e+00 -8.574131057141344270e-01 0.000000000000000000e+00 0.000000000000000000e+00 0.000000000000000000e+00 0.000000000000000000e+00
1.822806988512613913e+01 2.649554551864395435e+01 1.925957240391482728e+01 -8.120216731874942084e+00 0.000000000000000000e+00 -9.255226474798474712e+00 1.641604150888300584e+00 -1.040614850086598805e-03 -8.261713673800061386e+00 0.000000000000000000e+00 -4.486918106189054511e-01 2.189308029441063042e+01 5.292874663187917706e-04 -2.164758140540769915e+01 0.000000000000000000e+00 -3.000000000000000000e+01 9.559283057810979756e+00 2.787913798703213075e+01 1.868859079831756986e+01 0.000000000000000000e+00 -5.104083244645943651e+00 0.000000000000000000e+00 0.000000000000000000e+00 0.000000000000000000e+00 0.000000000000000000e+00
5.598881518074398933e+00 2.788382957428295938e+01 2.412848325876428834e+00 -1.382682166898802301e+01 0.000000000000000000e+00 3.945906644431383725e+00 0.000000000000000000e+00 -5.515303365991934825e+00 2.910605356397927945e+00 0.000000000000000000e+00 -3.916380933800207131e+00 -5.236656479775630757e+00 -3.308760697631166980e+00 -2.193017189334474537e+01 0.000000000000000000e+00 -2.099036552116461252e+01 -1.133541416121878243e+01 5.793211747143568457e-01 5.560618854553545098e+00 0.000000000000000000e+00 -7.640711127155589644e+00 0.000000000000000000e+00 0.000000000000000000e+00 -1.391260966816763478e+00 0.000000000000000000e+00
-1.710115281141963095e+01 3.537463375092202433e+00 -1.058412081253272241e+00 -1.678250990058238656e+01 0.000000000000000000e+00 -6.223413440154029530e+00 -1.999156606532868641e-01 -2.117165813923802631e+01 8.616976764438186720e+00 0.000000000000000000e+00 -1.901606266482976793e+01 -1.599471766448830401e+01 -1.659016823579153765e+01 2.250676918327079434e+01 0.000000000000000000e+00 2.999999999999999645e+01 2.583782019601828495e+01 1.328265755501197276e+01 -5.382560447008406967e+00 0.000000000000000000e+00 -9.129784153659031176e+00 -2.822254310239707298e+00 -2.218757476167234177e+00 -4.694181494624428908e+00 0.000000000000000000e+00
6.186690525713510747e-01 -2.070037502729663714e+01 -7.761921047715209632e+00 -2.267756590138239758e+01 0.000000000000000000e+00 -1.637294718732807297e+01 -1.013966708626693425e+01 3.000000000000000000e+01 1.077122853860503326e+01 0.000000000000000000e+00 2.991831699380169951e+01 -2.263027090079771142e+01 -2.999999999999999645e+01 1.011404868896253362e+01 0.000000000000000000e+00 3.000000000000000000e+01 -1.061747599959316091e+01 -1.052842143999680502e+01 -1.193757394481435874e+01 0.000000000000000000e+00 -8.966391836665829729e+00 -1.741618566035155524e+01 -9.228943280053391263e+00 -1.555547668527067096e+01 0.000000000000000000e+00
-1.814469539039283674e+01 -2.517251134976790539e+01 -2.099912052432582499e+01 -2.243360723010509261e+01 0.000000000000000000e+00 -2.667598379776550388e+01 -3.000000000000000000e+01 2.126304707306880815e+01 7.941821678036905752e+00 0.000000000000000000e+00 1.443256916827652248e+01 3.000000000000000000e+01 2.241374229424999243e+01 1.668735135055746355e+01 0.000000000000000000e+00 2.429924641753814996e+01 3.000000000000000000e+01 -1.863840780117974560e+01 -1.507793279987246571e+01 0.000000000000000000e+00 -1.949252524006867304e+01 -2.358572046742320794e+01 -2.203601102331836614e+01 -2.859894607600953975e+01 0.000000000000000000e+00
2.929892314076325022e+01 3.000000000000000000e+01 2.980816442525675214e+01 2.816453488105806358e+01 0.000000000000000000e+00 3.000000000000000000e+01 2.281923742490120688e+01 1.795263538170970818e+01 8.174007088691180201e+00 0.000000000000000000e+00 5.019842755704276627e+00 2.096416576148229893e+01 1.501481698674310117e+01 6.506539942974360002e+00 0.000000000000000000e+00 1.613375482805025030e+01 1.341544767269936678e+01 3.000000000000000000e+01 6.122135182560509037e+00 0.000000000000000000e+00 3.000000000000000000e+01 3.000000000000000000e+01 3.000000000000000000e+01 2.744404812550643413e+01 0.000000000000000000e+00
1.637463447127451133e+01 2.193543119870515667e+01 1.512933264230123065e+01 2.466573474018391465e+01 0.000000000000000000e+00 2.393384554907438400e+01 1.421091718922965264e+01 5.845703076723381741e+00 1.998959469284961044e+00 0.000000000000000000e+00 -2.013978605716075787e+00 1.174656584018830152e+01 9.517153954038930053e+00 0.000000000000000000e+00 0.000000000000000000e+00 7.441994490711969057e+00 1.355550315016083696e+00 1.985393223137774044e+01 1.401122844601547435e+01 0.000000000000000000e+00 1.780434583491988221e+01 2.055694464445321046e+01 1.658713622836207335e+01 2.398387394793180505e+01 0.000000000000000000e+00
9.857005398886633074e+00 9.267290108414561800e+00 1.297304791271201241e+00 1.543621895093431107e+01 0.000000000000000000e+00 2.785784508311291319e+01 2.060066827343388596e+01 -8.533027132470424325e-01 0.000000000000000000e+00 0.000000000000000000e+00 -1.072016914066016646e+01 1.004580827094099238e+00 6.937553325130147996e-01 0.000000000000000000e+00 0.000000000000000000e+00 8.625859701234777077e+00 -4.704763429942770081e+00 3.018456533316268953e+00 7.815891985542700482e+00 0.000000000000000000e+00 -4.424395581774120068e+00 2.744666742749407717e+01 6.509239912267612560e+00 1.756063177699352096e+01 0.000000000000000000e+00
5.148735535882004832e+00 3.644309069590244421e-02 0.000000000000000000e+00 1.190818195723020345e+01 0.000000000000000000e+00 5.942131761139975765e+00 1.408041310612668795e+01 -1.493904527408656335e+01 0.000000000000000000e+00 0.000000000000000000e+00 1.920721485623008462e+01 9.811255004610218933e+00 0.000000000000000000e+00 0.000000000000000000e+00 0.000000000000000000e+00 -1.575746733099661867e+01 1.786666940514593449e+01 5.218793207065394041e-02 7.823066456543592562e-01 0.000000000000000000e+00 1.667884504669835977e+01 2.469659710641470340e+01 -6.635541782812360623e+00 8.658912688634192278e+00 0.000000000000000000e+00
0.000000000000000000e+00 0.000000000000000000e+00 0.000000000000000000e+00 2.993404196526086469e+00 0.000000000000000000e+00 -6.077582861144590787e+00 -3.333847853195247346e+00 -2.842319649134385884e+01 0.000000000000000000e+00 0.000000000000000000e+00 -7.343334924841735223e+00 -3.945175467182405749e-01 -2.567970886824248122e+00 0.000000000000000000e+00 0.000000000000000000e+00 2.901401695654890922e+00 -3.652791192075429016e+00 -7.927845587171401753e+00 0.000000000000000000e+00 0.000000000000000000e+00 1.548712549022154761e+01 -7.579944691282340052e+00 -1.148653332094486856e+01 -1.469140188708009109e+00 0.000000000000000000e+00
0.000000000000000000e+00 0.000000000000000000e+00 0.000000000000000000e+00 8.322754765099329433e-01 0.000000000000000000e+00 -1.695161350786166921e+01 -1.892183301553017216e+01 2.999999999999999645e+01 0.000000000000000000e+00 0.000000000000000000e+00 1.762125989260588454e+01 1.781943152204334524e+01 -9.504775106463505097e+00 0.000000000000000000e+00 0.000000000000000000e+00 -2.001932227858368307e+01 1.058232243135206652e+01 2.497799682230534302e+01 0.000000000000000000e+00 0.000000000000000000e+00 5.484058869354782040e+00 -2.464757412093154088e+01 -1.996312288455457917e+01 -1.586899424412171022e+01 0.000000000000000000e+00
0.000000000000000000e+00 0.000000000000000000e+00 0.000000000000000000e+00 0.000000000000000000e+00 0.000000000000000000e+00 -2.236438884314912912e+01 -1.677801570021549438e+01 2.864437888286974498e+01 -7.033952617099148430e-02 0.000000000000000000e+00 -3.114773753810449741e-01 -4.219528643905608334e+00 6.404644654592106967e+00 0.000000000000000000e+00 0.000000000000000000e+00 2.118093845302888312e+01 -3.143226413744985681e+00 1.554861255983795587e+01 -1.799072613638412976e+00 0.000000000000000000e+00 -7.300295055785863241e+00 2.616043612887999714e+01 3.155738080864076256e+00 -2.308270106694917345e+01 0.000000000000000000e+00
0.000000000000000000e+00 0.000000000000000000e+00 0.000000000000000000e+00 0.000000000000000000e+00 0.000000000000000000e+00 3.000000000000000000e+01 2.488625963790362405e+01 1.346304422923062738e+01 -7.808506062651655810e+00 0.000000000000000000e+00 -1.436580799256474528e+01 -1.693206186671692137e+01 -1.460678419482404244e+01 -5.678200470198100508e-02 0.000000000000000000e+00 6.108507932530426565e+00 -1.801074160950670588e+01 -2.838133154688007309e+00 -8.494611381747610324e+00 0.000000000000000000e+00 -9.107888985230877310e+00 2.938243459902049892e+01 3.000000000000000000e+01 3.000000000000000000e+01 0.000000000000000000e+00
0.000000000000000000e+00 0.000000000000000000e+00 0.000000000000000000e+00 0.000000000000000000e+00 0.000000000000000000e+00 2.182062676651520405e+01 1.375114852562339074e+01 3.449658910886272523e+00 -2.103853683749607484e+01 0.000000000000000000e+00 -3.000000000000000000e+01 -3.097905736461739612e-02 -3.000000000000000000e+01 -1.025784476196325024e+01 0.000000000000000000e+00 -1.116206674265158405e+01 7.321581356498747084e+00 -1.678223323476828455e+01 -1.850834547549376552e+01 0.000000000000000000e+00 -1.724653760258788893e+01 1.805753081078646360e+01 2.055711776805550883e+01 2.334991631691316627e+01 0.000000000000000000e+00
0.000000000000000000e+00 0.000000000000000000e+00 0.000000000000000000e+00 0.000000000000000000e+00 0.000000000000000000e+00 1.500729148013902936e+01 1.233620666427123957e+01 0.000000000000000000e+00 -2.156794213209403921e+01 0.000000000000000000e+00 2.583190407562265278e+01 2.579105552058862827e+01 2.390697560119218679e+01 -2.207290729519643691e+01 0.000000000000000000e+00 -2.003158236499906764e+01 1.493533109975031259e+01 3.000000000000000000e+01 2.789114617843041088e+01 0.000000000000000000e+00 -3.000000000000000000e+01 8.533654911678492105e-01 5.957456810034646999e+00 1.672974543578863660e+01 0.000000000000000000e+00
0.000000000000000000e+00 0.000000000000000000e+00 0.000000000000000000e+00 0.000000000000000000e+00 0.000000000000000000e+00 3.852559711533209530e+00 2.436642469515740671e-03 0.000000000000000000e+00 3.000000000000000000e+01 0.000000000000000000e+00 1.761293110802415995e+01 1.283412506123564967e+01 -3.492402770169694137e-01 3.000000000000000000e+01 0.000000000000000000e+00 3.000000000000000000e+01 1.178010236780476561e+01 1.482246165502950319e+01 1.902760483132083635e+01 0.000000000000000000e+00 3.000000000000000000e+01 -1.603427239832269890e+01 -6.273452058881806570e-02 8.033691561921706636e+00 0.000000000000000000e+00
0.000000000000000000e+00 0.000000000000000000e+00 0.000000000000000000e+00 0.000000000000000000e+00 0.000000000000000000e+00 0.000000000000000000e+00 0.000000000000000000e+00 0.000000000000000000e+00 2.612458879206326401e+01 0.000000000000000000e+00 4.952538014530163402e+00 -1.746855362519602295e+01 5.501270612242376679e+00 1.886658017345894223e+01 0.000000000000000000e+00 2.913303377533742378e+01 -7.198489185832972481e+00 -1.176767280291351447e+01 6.163940528252298101e+00 0.000000000000000000e+00 2.919227678379750301e+01 2.610822191233694767e+01 -1.181597145141472005e+01 -9.902413359759162148e+00 0.000000000000000000e+00
0.000000000000000000e+00 0.000000000000000000e+00 0.000000000000000000e+00 0.000000000000000000e+00 0.000000000000000000e+00 -1.861517400180060289e+00 0.000000000000000000e+00 0.000000000000000000e+00 1.565946033137463544e+01 0.000000000000000000e+00 1.046247489271936670e+00 1.881138157361523255e+01 4.470124052226359446e+00 9.782553503314678878e+00 0.000000000000000000e+00 9.844404441641172454e+00 1.056853928285178945e+01 1.235468889044376795e+01 -3.452395080020097318e+00 0.000000000000000000e+00 2.226152376764560969e+01 1.161873938968818543e+01 4.902527635567039077e+00 -4.264442935212735541e+00 -8.136467138972619528e-01
0.000000000000000000e+00 0.000000000000000000e+00 0.000000000000000000e+00 0.000000000000000000e+00 0.000000000000000000e+00 -8.327058281895258318e+00 0.000000000000000000e+00 0.000000000000000000e+00 7.066288280920598019e+00 0.000000000000000000e+00 1.026634858254887384e+01 1.393069623848333327e+00 0.000000000000000000e+00 -1.598676386774037361e+01 0.000000000000000000e+00 -1.551412654178435169e+01 7.967441438646706509e+00 5.122199688396504413e+00 -6.964018588194609727e+00 0.000000000000000000e+00 1.757619199454088843e+01 8.062373824799083266e+00 1.628056773074922603e+01 1.711327004272445862e+01 -4.857446538818847692e+00
0.000000000000000000e+00 0.000000000000000000e+00 0.000000000000000000e+00 0.000000000000000000e+00 0.000000000000000000e+00 -1.577919450664964174e+01 -1.278205488203545959e-02 0.000000000000000000e+00 -5.599427966130137158e-01 -4.645499658728735604e-02 -7.081137480923935801e-01 -2.951186722620804392e+00 -2.410043432992390322e+00 -7.002808437427225918e+00 0.000000000000000000e+00 -7.474425896875394493e+00 2.059498785714898306e-01 -9.222931768068036718e+00 -6.879042396099257495e+00 -1.907123706533103147e-01 -1.482737979922900406e-01 -4.883864245911531121e+00 4.447106923816080304e+00 -1.890673736252592940e+00 -8.930576792481232928e+00
0.000000000000000000e+00 0.000000000000000000e+00 0.000000000000000000e+00 0.000000000000000000e+00 0.000000000000000000e+00 -1.931927981312875175e+01 -2.021141143649494154e+00 -2.453659153586028319e-01 -1.260194389922341074e+01 -5.605168895649793370e+00 -4.876244549530341033e+00 -1.536297844714274774e+01 -1.400181499028711762e+01 -2.283653784125377939e+01 -1.049764253788433403e-02 1.038186157109297447e+01 -1.396601190210057197e+01 -1.964960512399915871e+01 5.436069393847624553e-01 -1.195043739320400356e+01 -7.053696625543515175e-01 -9.796064916808017387e+00 -7.061431499122695632e-01 4.413111291413545523e+00 -8.940489672591782622e+00
0.000000000000000000e+00 0.000000000000000000e+00 0.000000000000000000e+00 0.000000000000000000e+00 0.000000000000000000e+00 -2.396199711164386414e+01 -1.564882819711700890e+01 -1.430665987913848802e+01 -6.619223388300968125e+00 -1.890891010511855441e+01 -1.023828331363167621e+01 -2.191558499316806063e+01 -1.511391481419740046e+01 -1.707036889936802471e+00 -5.544309499621572712e+00 -1.350635900362327213e+01 1.070540433982608697e+01 -7.937407978003930609e+00 -2.303094492601131549e+01 -2.861881417994018761e+01 -8.350482627755074105e+00 -2.574363752300483554e+01 -2.396986455320088361e+00 -9.265355342518624582e+00 -1.277632517091524988e+01
0.000000000000000000e+00 0.000000000000000000e+00 0.000000000000000000e+00 0.000000000000000000e+00 0.000000000000000000e+00 -2.407463072507254509e+01 -5.272109193861017395e+00 -1.189242237930014667e+01 -8.800811164906150452e+00 -2.863769342995791334e+01 -2.280209345400394128e+01 3.000000000000000000e+01 -2.718575903016979467e+01 1.810431894808904119e+01 -2.082465341438936335e+01 -2.368576275886383442e+01 1.601618975658912447e+01 2.177601782369411509e+01 1.809610129413966462e+01 -2.472402616441333834e+01 -1.691677490543536067e+01 3.000000000000000000e+01 -2.088149693325905787e+01 -2.941819181148293083e+01 -2.062676640275493511e+01
