# yaw
0.000000000000000000e+00 0.000000000000000000e+00 0.000000000000000000e+00 0.000000000000000000e+00 0.000000000000000000e+00 2.879268587763458953e+01 -7.819026554305364307e+00 -2.266742152204998462e+01 1.030732469400760110e+01 2.966910694280594285e+01 3.000000000000000000e+01 2.790902535869451739e+01 -2.860830979763713344e+01 3.000000000000000000e+01 3.000000000000000000e+01 3.000000000000000000e+01 2.267404516741637899e+00 1.397447643707720921e+01 6.154613237131594250e-01 3.000000000000000000e+01 2.814876865220521651e+01 2.946191265015166394e+01 3.000000000000000000e+01 2.901670899007882554e+01 3.000000000000000000e+01
0.000000000000000000e+00 0.000000000000000000e+00 0.000000000000000000e+00 0.000000000000000000e+00 0.000000000000000000e+00 2.881784640085198035e+01 -5.704579504555046476e+00 -7.913950958729163432e+00 1.847491433787947201e+01 2.848980236290132950e+01 1.842517026971045269e+01 1.389897230353494884e+01 1.914516469904079798e+01 2.354182585531351179e+01 1.675479284487161991e+01 2.081398199928655046e+01 -1.143298202896454896e+00 7.670402613970404015e-01 0.000000000000000000e+00 2.367632902601706135e+01 1.591588091862443832e+01 2.737788946319417960e+01 2.090465447203447624e+01 -8.901207803263575968e+00 1.921729218457003796e+01
0.000000000000000000e+00 0.000000000000000000e+00 0.000000000000000000e+00 0.000000000000000000e+00 0.000000000000000000e+00 1.847453219324288654e+01 4.731421744648205419e+00 2.868864173438854337e+01 1.327678869981285636e+01 1.738201853407675657e+01 7.842194514150748752e+00 6.971747448965465166e-02 5.525109747075537037e+00 5.358924820456921090e+00 8.596716025904779457e+00 4.072412426681657038e+00 -2.052089905448164586e+01 -1.030150105112875636e+01 -8.795793037786848404e-04 2.706002037068355648e+01 1.168982139007924381e+01 3.000000000000000000e+01 -8.380674092970052058e+00 2.890185096214009519e+01 -2.309608650299907584e+00
0.000000000000000000e+00 0.000000000000000000e+00 0.000000000000000000e+00 0.000000000000000000e+00 0.000000000000000000e+00 1.879085113084642700e+01 2.199057510658482784e+01 2.502169971777863111e+01 4.264438725967487187e+00 6.485217755272910445e+00 1.124953858706825516e+00 -8.374767923325669716e-02 0.000000000000000000e+00 4.432576776300882759e-01 -6.471034450196577303e+00 0.000000000000000000e+00 1.743072806486076942e+01 2.958663410793722193e+01 -1.307903755847750737e+01 3.000000000000000000e+01 1.529020664214879588e+00 1.500830598579385367e+01 1.151723033179056088e+01 -2.820794366241750595e+01 1.969867303455518837e+01
0.000000000000000000e+00 0.000000000000000000e+00 0.000000000000000000e+00 0.000000000000000000e+00 0.000000000000000000e+00 7.837150546299964660e+00 1.415415290878536858e+01 2.109360282724438207e+01 3.636943629307290426e-01 -1.672080084006758893e+00 0.000000000000000000e+00 -1.613024567492740147e+01 -1.306483328217121764e-01 0.000000000000000000e+00 -1.815951577170075737e+01 0.000000000000000000e+00 -5.284396276998243103e+00 8.337132432517442737e+00 2.075785149287909093e+01 -1.543625415459588623e+01 0.000000000000000000e+00 -6.883165034254625780e+00 1.206391300503529074e+01 2.559201332403405260e+01 9.629255515625414930e+00
0.000000000000000000e+00 0.000000000000000000e+00 0.000000000000000000e+00 0.000000000000000000e+00 0.000000000000000000e+00 3.327770983320643694e-02 7.530200175301230203e+00 1.501004946863366030e+01 0.000000000000000000e+00 -1.898429056223744382e+01 0.000000000000000000e+00 -1.945251853954840726e+01 -2.895281162213062132e+01 0.000000000000000000e+00 -8.472758376811581726e+00 0.000000000000000000e+00 2.167246299849108127e+01 -1.580156954423137172e+01 7.100860821331950845e+00 1.339264593484946086e+00 0.000000000000000000e+00 -1.603024242147451872e+01 1.053368874582884196e+01 1.760386962177729497e+00 -3.195142514869361960e+00
0.000000000000000000e+00 0.000000000000000000e+00 0.000000000000000000e+00 0.000000000000000000e+00 0.000000000000000000e+00 0.000000000000000000e+00 3.364347126978099123e+00 6.542831556540122051e+00 0.000000000000000000e+00 -1.242978816298405320e+01 0.000000000000000000e+00 1.541128613025422389e+01 -1.557236795232814508e+01 -6.185430168508620596e+00 2.182810618853938323e+01 0.000000000000000000e+00 2.999999999749173440e+01 8.560072911003425489e+00 -1.934526977025659633e+01 1.431922254498879710e+01 0.000000000000000000e+00 -5.983783953800581479e+00 1.691113673679219787e+01 2.818275798949808930e+01 8.934562146379555259e+00
0.000000000000000000e+00 0.000000000000000000e+00 0.000000000000000000e+00 0.000000000000000000e+00 0.000000000000000000e+00 0.000000000000000000e+00 2.042221683148334410e+00 1.330085544998125258e-01 0.000000000000000000e+00 2.359258822352351181e+00 0.000000000000000000e+00 3.332938320068463689e+00 3.000000000000000000e+01 -1.754547823424832842e+01 1.630108618763647854e+01 0.000000000000000000e+00 4.705584392672119975e-02 2.345267389114394163e+01 3.000000000000000000e+01 2.331343008068359524e+01 0.000000000000000000e+00 2.904668255917196618e+01 -6.016402129020259615e+00 -7.893280135977276402e-01 -4.225016626028682332e+00
0.000000000000000000e+00 0.000000000000000000e+00 0.000000000000000000e+00 0.000000000000000000e+00 0.000000000000000000e+00 0.000000000000000000e+00 -6.007362346463666902e-02 0.000000000000000000e+00 0.000000000000000000e+00 2.442426801731409824e+01 0.000000000000000000e+00 2.005314167435223993e+01 2.228145696654818764e+01 -5.516916896409148618e-01 -1.210131462884416642e+00 0.000000000000000000e+00 0.000000000000000000e+00 5.796192932774965278e+00 2.145523879993606542e+01 -9.706722219734591484e-01 0.000000000000000000e+00 2.051345597382208652e+01 2.095595243649126260e+01 -6.807651904761618411e+00 -1.359791806722480878e+01
0.000000000000000000e+00 0.000000000000000000e+00 0.000000000000000000e+00 0.000000000000000000e+00 0.000000000000000000e+00 0.000000000000000000e+00 -4.271888880793138554e+00 -5.702434600696222766e+00 0.000000000000000000e+00 1.945138911545937788e+01 0.000000000000000000e+00 9.446241685120648768e+00 1.120174578691354661e+01 -3.845586542635949234e-01 3.029971382720759276e+00 0.000000000000000000e+00 -2.824561851128625325e-04 -2.440455993019160719e+00 -1.332108624105111438e+00 4.295020349538872573e+00 0.000000000000000000e+00 1.728160482871192372e+01 -7.864379615919429689e+00 7.780477100298255344e+00 -1.422908865103901199e+01
0.000000000000000000e+00 0.000000000000000000e+00 0.000000000000000000e+00 0.000000000000000000e+00 0.000000000000000000e+00 0.000000000000000000e+00 -1.723515168996354774e+01 -1.280338146557983059e+01 -5.387988288423795957e+00 2.817225145832087385e-01 0.000000000000000000e+00 0.000000000000000000e+00 6.234485359020851547e-01 1.983800927577233963e+01 -7.231387078882792752e-01 0.000000000000000000e+00 -5.018356844477265710e+00 7.685564812526568090e+00 -2.510264778600026503e+00 7.981750070971986410e+00 0.000000000000000000e+00 1.161774190222436137e-01 -1.507973174690019391e+01 -9.400461656623696483e-01 -2.076185160944811159e+01
0.000000000000000000e+00 0.000000000000000000e+00 0.000000000000000000e+00 0.000000000000000000e+00 0.000000000000000000e+00 0.000000000000000000e+00 -2.658665080716724560e+01 -2.319187371156339239e+01 -1.894788930683396089e+01 -1.130721541834086885e+01 0.000000000000000000e+00 -2.282314713321584587e-01 -4.366157843348366541e+00 -4.879618067338962639e+00 -3.349026312728831112e+00 0.000000000000000000e+00 -1.214565675919567944e+01 4.777438780564690311e-03 -2.124197564470264421e+00 2.440556987947189072e+01 0.000000000000000000e+00 0.000000000000000000e+00 -2.127762063607962872e+01 -1.617701172788659392e+01 -2.555181314263691661e+01
0.000000000000000000e+00 0.000000000000000000e+00 0.000000000000000000e+00 0.000000000000000000e+00 0.000000000000000000e+00 0.000000000000000000e+00 2.768594076317607744e+01 3.000000000000000000e+01 3.000000000000000000e+01 -1.447177139529069478e+01 0.000000000000000000e+00 -6.270846457357821535e+00 9.300780496898743976e+00 1.984003187848390581e+01 -1.241503093186324591e+01 0.000000000000000000e+00 -9.388744101216664362e+00 0.000000000000000000e+00 2.386293923838545084e+01 7.617918426144107080e+00 0.000000000000000000e+00 -1.931081773496183818e+00 2.857904654451001392e+01 -2.182556332043523994e+01 2.552699921379970860e+01
0.000000000000000000e+00 0.000000000000000000e+00 0.000000000000000000e+00 0.000000000000000000e+00 -4.120700623689992348e+00 0.000000000000000000e+00 1.801804720463626452e+01 2.174899397499767417e+01 1.767978963455352925e+01 -2.825207344980842805e+01 0.000000000000000000e+00 -2.032735278346800101e+01 7.810963280234999896e-03 -1.027309218167823346e+01 1.702774018253226984e+01 0.000000000000000000e+00 -1.029696134180061051e+01 -2.213933251891841536e+00 1.929414585182011255e+00 -2.379764539445081706e+00 0.000000000000000000e+00 -8.324542924106966169e+00 1.408032653909967280e+01 3.000000000000000000e+01 1.746009099106439422e+01
0.000000000000000000e+00 -1.325958109901817616e+00 -7.114754499045734468e-03 0.000000000000000000e+00 -7.944306548361950604e+00 0.000000000000000000e+00 3.686450982727879300e+00 -1.669845734922511937e+01 2.360445380612618216e+00 1.226497158383073466e-01 0.000000000000000000e+00 -2.045428750362537329e+01 -2.397263382644975849e+00 1.668113485610527746e+01 3.983971190879709301e-01 0.000000000000000000e+00 -1.014958535009349383e+01 -1.303852740160287205e+01 0.000000000000000000e+00 5.448778557489163177e+00 0.000000000000000000e+00 -1.349541055712842308e+01 2.925615188753098450e-01 2.631863600748063092e+01 3.038155619653510442e+00
0.000000000000000000e+00 -3.596584509853789413e+00 -2.749444286248848179e+00 -1.696584083506945229e+00 -9.545227602308438364e+00 0.000000000000000000e+00 -9.599421933486519620e+00 -1.085451013965011136e+01 -2.614314067996592161e+00 2.420853439684817143e+00 0.000000000000000000e+00 3.504813139729941351e+00 -1.768874371967499926e+01 -1.072778033547496790e+00 -2.255935166217706733e+00 0.000000000000000000e+00 5.920587642864196809e-01 -1.133507688944509972e+01 -2.204094128655041951e-01 -1.084198748418802616e+01 0.000000000000000000e+00 -1.213512927573392730e+01 -1.633954584154507339e+00 -5.389316676195899269e+00 -2.200663681293555829e+00
0.000000000000000000e+00 -1.751232658649571050e+01 -1.264327677427661278e+01 -1.852816072390164948e+01 -9.819282196195121770e+00 0.000000000000000000e+00 -1.626054832071433864e+01 -2.172730417100309097e+01 -4.906778570563225195e+00 2.862876942544440340e+01 0.000000000000000000e+00 8.467897071858383029e+00 -2.196482823089599634e+01 -1.211426160199322943e+01 -2.069988067990303904e+01 0.000000000000000000e+00 5.366587054682670832e+00 3.000000000000000000e+01 -1.162479599179394540e+01 -1.607685469695904956e+01 0.000000000000000000e+00 -1.628096766359631786e+01 -1.107890864341781878e+01 -2.125653701421668984e+01 -3.778653167840746008e+00
0.000000000000000000e+00 -2.922550584665903273e+01 -2.426844858534491323e+01 -2.529239044055730190e+01 -1.961058837917271447e+01 0.000000000000000000e+00 -1.998199753929236522e+01 -2.555518069808906390e+01 3.000000000000000000e+01 2.379384501836423738e+01 0.000000000000000000e+00 1.537286617084768814e+01 2.936422774791723711e+01 -2.734897361073446476e+01 2.999999764065026397e+01 0.000000000000000000e+00 2.198783060129362354e+01 1.360216171681229724e+01 -3.000000000000000000e+01 -2.657594068983303970e+01 0.000000000000000000e+00 -1.847158075352494677e+01 -2.194246845126440704e+01 -2.776336109862310053e+01 -1.909907858757303956e+01
0.000000000000000000e+00 2.901445527716781214e+01 3.000000000000000000e+01 3.000000000000000000e+01 3.000000000000000000e+01 0.000000000000000000e+00 1.673891912177908381e+01 3.000000000000000000e+01 1.645431641410890933e+01 1.357907650883555739e+01 0.000000000000000000e+00 9.981979703646942426e+00 1.879797615868518079e+01 3.000000000000000000e+01 1.691591429236303412e+01 0.000000000000000000e+00 1.255475708297461068e+01 1.318368402394410666e+01 2.169944532222526590e+01 3.000000000000000000e+01 0.000000000000000000e+00 3.000000000000000000e+01 3.000000000000000000e+01 3.000000000000000000e+01 3.000000000000000000e+01
0.000000000000000000e+00 2.661269709627348590e+01 1.965751547830556945e+01 2.118690093918456441e+01 1.843716507900430912e+01 0.000000000000000000e+00 1.718924025584284720e+01 2.191689257280939529e+01 3.374799512536496238e+00 2.437091181177233334e+00 0.000000000000000000e+00 0.000000000000000000e+00 1.396474348214635164e+01 2.011726512497363473e+01 7.599821811992255149e+00 0.000000000000000000e+00 8.477259682187202827e+00 1.813188661290213055e+00 1.757683307044071697e+01 2.702145017108439262e+01 0.000000000000000000e+00 2.695154033414518935e+01 1.666198007842043793e+01 2.341504718051099587e+01 1.763254112437255827e+01
0.000000000000000000e+00 2.367387995779917631e+01 1.196172356820493299e+01 2.033501069005185613e+01 -1.150843333474434971e+01 0.000000000000000000e+00 9.222568219600177031e+00 6.509391346005165779e+00 -3.980536366018998962e+00 5.922404232814127312e+00 0.000000000000000000e+00 0.000000000000000000e+00 3.550263555057160403e+00 9.538499761547704736e+00 -1.453546079496577770e+00 0.000000000000000000e+00 8.700759789766563390e-01 -9.476949734819143378e-01 2.686442559594895130e+01 3.000000000000000000e+01 0.000000000000000000e+00 2.201247067705610760e+01 2.105563169821278890e+00 8.648562097442111352e+00 1.488199241300823061e+01
0.000000000000000000e+00 2.999920530674050312e+01 2.603378238529998612e+00 -1.594407646414579549e-01 2.242367927930700233e+01 0.000000000000000000e+00 2.208899817591201575e+00 1.012412024565106927e+00 3.667040137744253858e+00 -6.551067831249511642e+00 0.000000000000000000e+00 0.000000000000000000e+00 0.000000000000000000e+00 -1.536065212649728728e+01 -1.778313895849157333e+01 0.000000000000000000e+00 0.000000000000000000e+00 -1.347189412817226106e+01 1.620746261479157369e+01 1.659880676370080721e+01 0.000000000000000000e+00 1.180865232150727095e+01 0.000000000000000000e+00 4.648626798626759316e-02 1.785065977956071492e+01
0.000000000000000000e+00 -6.974970390755339533e-01 -1.402115817061744352e+01 1.161446527108187787e+01 -1.621244637497834873e+00 0.000000000000000000e+00 0.000000000000000000e+00 -1.453575004284488692e+01 -1.501510014052887643e+00 -6.951296062522109409e+00 0.000000000000000000e+00 0.000000000000000000e+00 -2.423514989090511218e+00 2.809073786291516939e+01 4.532735746596014081e+00 0.000000000000000000e+00 0.000000000000000000e+00 -2.716376019375179851e+01 -7.396415340251897064e+00 -2.455991453264805280e+00 0.000000000000000000e+00 8.976137950355262518e+00 0.000000000000000000e+00 0.000000000000000000e+00 4.340813270221545884e-04
0.000000000000000000e+00 0.000000000000000000e+00 0.000000000000000000e+00 0.000000000000000000e+00 0.000000000000000000e+00 0.000000000000000000e+00 0.000000000000000000e+00 0.000000000000000000e+00 0.000000000000000000e+00 0.000000000000000000e+00 0.000000000000000000e+00 0.000000000000000000e+00 0.000000000000000000e+00 0.000000000000000000e+00 0.000000000000000000e+00 0.000000000000000000e+00 0.000000000000000000e+00 0.000000000000000000e+00 0.000000000000000000e+00 0.000000000000000000e+00 0.000000000000000000e+00 0.000000000000000000e+00 0.000000000000000000e+00 0.000000000000000000e+00 0.000000000000000000e+00
0.000000000000000000e+00 0.000000000000000000e+00 0.000000000000000000e+00 0.000000000000000000e+00 0.000000000000000000e+00 0.000000000000000000e+00 0.000000000000000000e+00 0.000000000000000000e+00 0.000000000000000000e+00 0.000000000000000000e+00 0.000000000000000000e+00 0.000000000000000000e+00 0.000000000000000000e+00 0.000000000000000000e+00 0.000000000000000000e+00 0.000000000000000000e+00 0.000000000000000000e+00 0.000000000000000000e+00 0.000000000000000000e+00 0.000000000000000000e+00 0.000000000000000000e+00 0.000000000000000000e+00 0.000000000000000000e+00 0.000000000000000000e+00 0.000000000000000000e+00
0.000000000000000000e+00 0.000000000000000000e+00 0.000000000000000000e+00 0.000000000000000000e+00 0.000000000000000000e+00 0.000000000000000000e+00 0.000000000000000000e+00 0.000000000000000000e+00 0.000000000000000000e+00 0.000000000000000000e+00 0.000000000000000000e+00 0.000000000000000000e+00 0.000000000000000000e+00 0.000000000000000000e+00 0.000000000000000000e+00 0.000000000000000000e+00 0.000000000000000000e+00 0.000000000000000000e+00 0.000000000000000000e+00 0.000000000000000000e+00 0.000000000000000000e+00 0.000000000000000000e+00 0.000000000000000000e+00 0.000000000000000000e+00 0.000000000000000000e+00
0.000000000000000000e+00 0.000000000000000000e+00 0.000000000000000000e+00 0.000000000000000000e+00 0.000000000000000000e+00 0.000000000000000000e+00 0.000000000000000000e+00 0.000000000000000000e+00 0.000000000000000000e+00 0.000000000000000000e+00 0.000000000000000000e+00 0.000000000000000000e+00 0.000000000000000000e+00 0.000000000000000000e+00 0.000000000000000000e+00 0.000000000000000000e+00 0.000000000000000000e+00 0.000000000000000000e+00 0.000000000000000000e+00 0.000000000000000000e+00 0.000000000000000000e+00 0.000000000000000000e+00 0.000000000000000000e+00 0.000000000000000000e+00 0.000000000000000000e+00
0.000000000000000000e+00 2.194063304069547726e+01 2.969819857389032336e+01 7.304593172551631097e-01 9.951508994331844660e-01 0.000000000000000000e+00 1.612859917500520490e+00 -1.522873297688832750e+01 2.999988612981504588e+01 -1.314060412484333362e+01 0.000000000000000000e+00 -1.709676273203875851e+01 2.901545051861966229e+01 1.485951367750365293e+01 1.378687259309233193e+00 0.000000000000000000e+00 -8.099596337106747868e+00 0.000000000000000000e+00 2.706238625870988734e+00 2.198417220385205795e+01 0.000000000000000000e+00 0.000000000000000000e+00 0.000000000000000000e+00 0.000000000000000000e+00 0.000000000000000000e+00
0.000000000000000000e+00 9.474137189496762090e+00 9.441906116504606317e+00 -2.560499928381918977e+01 2.961331907549476483e+01 0.000000000000000000e+00 2.245477577964205196e+01 3.000000000000000000e+01 1.857597806935698515e+01 6.592682503520510551e-01 0.000000000000000000e+00 2.008306244578300426e+00 2.145475271103130410e+00 -1.356025328880025960e+01 5.644208891536750983e+00 0.000000000000000000e+00 -2.282271931307902335e+01 0.000000000000000000e+00 0.000000000000000000e+00 9.427026293750902397e+00 0.000000000000000000e+00 0.000000000000000000e+00 0.000000000000000000e+00 0.000000000000000000e+00 0.000000000000000000e+00
0.000000000000000000e+00 -1.043008111448243724e+01 -3.026083312541235415e+00 2.759885090201715130e+01 2.605876027572947251e+01 0.000000000000000000e+00 7.172080425289199646e+00 1.374211428720771266e+01 -4.787179956115226176e+00 3.000000000000000000e+01 0.000000000000000000e+00 2.267842772314016742e+01 -1.249605981088783047e+01 -2.882380867297769100e+01 2.108721553026497730e+01 0.000000000000000000e+00 2.929833001876673038e+01 0.000000000000000000e+00 0.000000000000000000e+00 0.000000000000000000e+00 0.000000000000000000e+00 0.000000000000000000e+00 0.000000000000000000e+00 0.000000000000000000e+00 0.000000000000000000e+00
-1.105206450791896389e+00 -1.926049548406119882e+01 6.720396442454711128e+00 1.102912830986457671e+01 1.506223947334264324e+01 0.000000000000000000e+00 -1.112692774341464075e+00 -1.874269197004990062e+01 1.090686504547707791e+01 2.391122071415163930e+01 0.000000000000000000e+00 8.398999573141063379e+00 1.036216414022221777e+01 8.056920337124678255e+00 2.814854597272788084e+00 0.000000000000000000e+00 1.712351383704636376e+01 0.000000000000000000e+00 0.000000000000000000e+00 -9.738526081619401920e-01 0.000000000000000000e+00 0.000000000000000000e+00 0.000000000000000000e+00 0.000000000000000000e+00 0.000000000000000000e+00
-5.665514523600516661e+00 1.719061186984576750e+01 2.296432355826453886e+01 5.229938226259188916e+00 2.970123055626279651e+00 0.000000000000000000e+00 -8.439253821322665772e+00 -7.260156847252257073e+00 -1.211774226409023214e+01 2.142536997433527901e+01 0.000000000000000000e+00 -1.513085713846933444e+01 1.895092654838600316e-02 -2.564773236727060812e+00 1.240004816208493921e+01 0.000000000000000000e+00 7.740030685268863841e+00 0.000000000000000000e+00 0.000000000000000000e+00 -7.357637048106151489e+00 0.000000000000000000e+00 0.000000000000000000e+00 0.000000000000000000e+00 0.000000000000000000e+00 0.000000000000000000e+00
-8.537602364557956847e+00 -8.444354452820378443e-01 6.465126705213210201e+00 -9.787983099534612208e+00 -1.267575585721509945e+01 -1.571290717430304240e-01 -5.784072210714986895e+00 1.147872532228984532e+01 7.888917595862680265e+00 -4.380498208423674988e+00 0.000000000000000000e+00 3.682192153672284363e+00 -3.133307334106906761e-01 -1.428882546769927764e+01 2.250506412140869106e+00 -4.805069698753400981e-02 -2.842469899951245438e-01 0.000000000000000000e+00 -3.708327558274031321e-02 -1.258090910244266247e+01 0.000000000000000000e+00 0.000000000000000000e+00 0.000000000000000000e+00 0.000000000000000000e+00 0.000000000000000000e+00
-9.458753886637266461e+00 1.679045507816037386e+01 -2.484254363893530382e+00 -9.543358280694976159e+00 1.126342775440896382e+01 -1.193038799682931561e+01 -3.882920088352880827e-01 -2.753128896810346671e+00 -5.505690935243090500e-01 5.027199726700928295e+00 -3.092102095121674124e-02 -2.192136967596498565e+01 -1.008907100102694798e+01 -1.877529454166738176e+01 -3.098104819102061036e+00 -3.672757076419924438e+00 -7.950909950812415694e+00 -2.389246173829760178e-01 -1.721062762993140094e+00 -1.639609252506478754e+01 0.000000000000000000e+00 0.000000000000000000e+00 0.000000000000000000e+00 0.000000000000000000e+00 0.000000000000000000e+00
-1.190155181513330618e+01 -7.396523727952460270e+00 -8.385143933602480004e+00 -1.671566494500546085e+01 -8.273566218499174951e+00 -2.093035064461659189e+01 -2.375508212542997200e+01 -1.623663881750193028e+01 -1.741705211734494796e+01 -1.730062029588886574e+01 -9.786617269838478350e+00 -2.899439387184165540e+01 -1.117492138710702143e+01 -2.494922335562416649e+01 -1.046136903736260138e+01 -1.473208465266734457e+01 -1.406410955544069985e+01 -1.151139248650103575e+01 -5.447134523382262117e+00 -2.036284198370015375e+01 0.000000000000000000e+00 0.000000000000000000e+00 0.000000000000000000e+00 0.000000000000000000e+00 0.000000000000000000e+00
-2.072945099065549002e+01 -2.787448568129108750e+01 -1.164191875388803332e+01 -2.763640434920037947e+01 -1.760503401255046185e+01 -2.505789852680131702e+01 1.870122717191349793e+01 -3.000000000000000000e+01 2.905578925351444752e+01 -2.471416793123943378e+01 -2.007681026177962025e+01 1.807901280219283180e+01 -2.374005593089508537e+01 1.981542498550703613e+01 -2.115113825759085486e+01 -2.131987002703144540e+01 -7.457342794197658442e+00 -1.551710275353857504e+01 -7.054093614257433309e+00 -1.084215907813079838e+01 0.000000000000000000e+00 0.000000000000000000e+00 0.000000000000000000e+00 0.000000000000000000e+00 0.000000000000000000e+00
3.000000000000000000e+01 2.999999999999999645e+01 -3.000000000000000000e+01 3.000000000000000000e+01 2.856938946477657737e+01 3.000000000000000000e+01 1.018908267956110514e+01 2.205123806617085336e+01 1.350617665877713058e+01 3.000000000000000000e+01 2.873762632680555029e+01 4.676880640143816770e+00 2.427279041665610748e+01 4.389238284199345586e+00 2.937356593793409232e+01 2.535155830174134195e+01 5.068730104550711602e+00 -1.151358471128795991e+01 -8.947676389259852314e+00 2.532808292282603446e+01 0.000000000000000000e+00 0.000000000000000000e+00 0.000000000000000000e+00 0.000000000000000000e+00 0.000000000000000000e+00
2.035543440852818620e+01 3.000000000000000000e+01 2.695938100057921361e+01 2.378486518246069537e+01 1.545095459209048627e+01 2.220755284541824182e+01 6.664246991954923871e+00 1.576297971011554644e+01 1.555479939979617221e+01 2.095816599854166640e+01 1.536879090435270712e+01 0.000000000000000000e+00 7.678769264854252263e+00 0.000000000000000000e+00 1.678681641640971733e+01 2.192702797675305604e+01 1.313492669437021299e+01 -1.670974854019121736e+01 -3.958795203170591304e+00 2.346691705502700032e+01 0.000000000000000000e+00 0.000000000000000000e+00 0.000000000000000000e+00 0.000000000000000000e+00 0.000000000000000000e+00
2.403149148743544927e+01 1.121932789933059033e-01 1.461157553053636882e+01 2.869532231147704238e+01 9.873418991681269574e+00 2.731489795207181359e+01 -4.311672062297084551e+00 6.843288589598756744e+00 1.967261163177922256e+01 9.450979882932506015e+00 3.034589143318238147e+00 0.000000000000000000e+00 7.461375702879198546e-03 -7.636852505195187435e-01 2.459871537057639390e+00 1.460897679967292184e+01 9.941545495485323514e+00 -2.167512925819482916e+01 7.681917096939352874e+00 1.385518037402163394e+01 0.000000000000000000e+00 0.000000000000000000e+00 0.000000000000000000e+00 0.000000000000000000e+00 0.000000000000000000e+00
8.883026345839596161e+00 2.823867772097891660e+01 -1.427468135455428921e+01 2.107485146632764028e+01 4.260063557870545914e+00 1.614259009817547508e+01 2.110361175601640937e+01 -1.090580613083885275e+01 1.146283674704327460e+01 3.096589855006024947e-02 -1.678177546846271539e+01 0.000000000000000000e+00 0.000000000000000000e+00 -1.400380206072781419e+01 2.500798854062078694e-03 5.575075407835618613e+00 3.627509535315536215e+00 2.266764921547570566e+01 1.128451888889125243e+01 9.418335196074911764e+00 0.000000000000000000e+00 0.000000000000000000e+00 0.000000000000000000e+00 0.000000000000000000e+00 0.000000000000000000e+00
-1.562952130741936063e+00 1.526997868756618715e+01 1.696398439656046264e+01 4.042539512665140222e+00 0.000000000000000000e+00 3.866522253192999359e-01 7.718590491602344450e+00 2.107251137128336183e+01 -9.276423341432151304e+00 0.000000000000000000e+00 -2.490812300531270651e+01 -4.480556232752464396e+00 -2.178411154547731099e-02 -2.896547000914714687e+01 0.000000000000000000e+00 -7.744114030143688154e+00 3.356928383264703442e-01 2.126377328930168531e+01 1.286907276214257045e+01 2.818887299136087154e+00 0.000000000000000000e+00 0.000000000000000000e+00 0.000000000000000000e+00 0.000000000000000000e+00 0.000000000000000000e+00
1.750104574529210666e+01 2.967194403919191714e+01 1.774189467704794243e+00 -1.436800239233173038e+01 0.000000000000000000e+00 -3.822481803379395249e+00 -3.966598282074412118e+00 7.052855626820385027e+00 -2.198612444385975806e+01 0.000000000000000000e+00 2.182577083892342173e+01 -2.236374700858242548e+01 -9.990421353897998458e+00 2.841443822289145871e+01 0.000000000000000000e+00 -1.881133620845410448e+01 0.000000000000000000e+00 1.337275193422863673e+01 6.121408447199945257e+00 9.069948774068123387e-02 0.000000000000000000e+00 0.000000000000000000e+00 0.000000000000000000e+00 0.000000000000000000e+00 0.000000000000000000e+00
4.889112769029569705e+00 2.159772920863042600e+01 5.284736485131421801e+00 -2.119362144178882090e+01 0.000000000000000000e+00 -2.305081039445192914e+01 -1.658643016833109485e+01 -2.725365411987878961e+00 2.271008512758697151e+01 0.000000000000000000e+00 1.205061268234363325e+01 3.000000000000000000e+01 -2.436743045986109735e+01 1.801825052333457222e+01 0.000000000000000000e+00 -2.357052892765233310e+01 0.000000000000000000e+00 1.227967640068351862e+01 1.759544431707876777e+00 0.000000000000000000e+00 0.000000000000000000e+00 0.000000000000000000e+00 0.000000000000000000e+00 0.000000000000000000e+00 0.000000000000000000e+00
-4.298029849766284549e+00 2.651925063796210402e+00 5.312594658704295369e+00 2.903015009204843011e+01 0.000000000000000000e+00 2.769131706758738432e+01 2.866333626116779953e+01 -1.167585037003347281e+01 1.414498507557231655e+01 0.000000000000000000e+00 -7.118158038572774515e+00 2.314912424540634461e+01 3.000000000000000000e+01 4.289276416365122913e+00 0.000000000000000000e+00 2.516635950387041731e+01 0.000000000000000000e+00 5.732006602096905823e+00 1.886944807364069054e-01 0.000000000000000000e+00 0.000000000000000000e+00 0.000000000000000000e+00 0.000000000000000000e+00 0.000000000000000000e+00 0.000000000000000000e+00
-1.135419950668913813e+01 -1.764359666967517448e+00 -6.980616196245208904e+00 2.145844226114110498e+01 0.000000000000000000e+00 2.422897758252412004e+01 1.957500179534411799e+01 -5.143363233339490748e+00 1.573632876697400873e-01 0.000000000000000000e+00 -5.887930412614029052e+00 5.442221109916425270e+00 1.930541331124094029e+01 0.000000000000000000e+00 0.000000000000000000e+00 1.857923078717376697e+01 0.000000000000000000e+00 2.188821129565965418e-02 -5.922502619406756069e-02 0.000000000000000000e+00 0.000000000000000000e+00 0.000000000000000000e+00 0.000000000000000000e+00 0.000000000000000000e+00 0.000000000000000000e+00
-2.545431150450930247e+01 -4.869514504827895385e-01 2.073988421647202074e+01 1.456841961106804817e+01 0.000000000000000000e+00 9.915801079086847380e+00 2.885796597109784867e-01 2.719749904541088625e+01 0.000000000000000000e+00 0.000000000000000000e+00 1.179040286952575656e+01 1.202747589481072588e+01 2.231456630628529325e+01 0.000000000000000000e+00 0.000000000000000000e+00 8.988808502004816958e+00 -3.113973963417909552e+00 0.000000000000000000e+00 -7.159297083640598025e+00 0.000000000000000000e+00 0.000000000000000000e+00 0.000000000000000000e+00 0.000000000000000000e+00 0.000000000000000000e+00 0.000000000000000000e+00
-2.275016329960032735e+01 -2.433017109196749317e+01 -5.746852479405478498e+00 3.521509282329832846e+00 0.000000000000000000e+00 3.563143874917026110e+00 4.538102339385432948e+00 1.608164584970674937e+01 -2.941980798718148993e+00 0.000000000000000000e+00 7.008748033960682911e+00 5.366810939388416690e-01 -1.479527581202138231e+00 -1.636258477679684298e-01 0.000000000000000000e+00 -5.026010375721536860e+00 -1.573115999117289832e+01 -5.747592793092269892e-01 -1.883601464204222964e+01 0.000000000000000000e+00 0.000000000000000000e+00 0.000000000000000000e+00 0.000000000000000000e+00 0.000000000000000000e+00 0.000000000000000000e+00
-2.340400719546459740e+01 -3.000000000000000000e+01 -1.758570127795108107e+01 0.000000000000000000e+00 0.000000000000000000e+00 -2.127577593729991889e+01 -4.539831223545835570e+00 1.812694005141493747e+01 -9.592707124005412922e+00 0.000000000000000000e+00 2.304115826907102149e-02 1.855551443010359591e+01 7.831600823461700500e+00 -5.241952847926963699e+00 0.000000000000000000e+00 -1.044447525123846532e+01 -2.405845400249640775e+01 -1.217338535416272904e+01 -2.726602753449091665e+01 0.000000000000000000e+00 0.000000000000000000e+00 0.000000000000000000e+00 0.000000000000000000e+00 0.000000000000000000e+00 0.000000000000000000e+00
2.976773429165365670e+01 2.769899905943936247e+01 -2.150350365511959083e+01 0.000000000000000000e+00 0.000000000000000000e+00 1.276478169092841597e+01 -1.709534588062479088e+01 1.107170657282719572e+00 -1.906014156002540361e+01 0.000000000000000000e+00 -2.018455269046627976e+01 -2.976153092857766858e+00 6.178580573860446457e+00 -1.401179662705078854e+01 0.000000000000000000e+00 -1.904417056201590697e+01 2.322148429560639826e+01 -2.114457240789894144e+01 2.679387893613198557e+01 0.000000000000000000e+00 -1.218996625404144440e+00 0.000000000000000000e+00 0.000000000000000000e+00 0.000000000000000000e+00 0.000000000000000000e+00
1.735717975385663792e+01 1.797235088741601672e+01 2.128751291174284432e+01 -5.796605862390053154e+00 0.000000000000000000e+00 -8.898921366883564943e+00 1.261853669257184407e+01 0.000000000000000000e+00 -1.112473850177508794e+01 0.000000000000000000e+00 -1.444038826807721110e+00 2.314905529865411538e+01 4.486207301338246135e-05 -1.578672962225592968e+01 0.000000000000000000e+00 3.000000000000000000e+01 1.245143087094893630e+01 2.745532641774282112e+01 1.812688125632000435e+01 0.000000000000000000e+00 -5.745386493196190436e+00 0.000000000000000000e+00 0.000000000000000000e+00 0.000000000000000000e+00 0.000000000000000000e+00
8.625973424427696656e+00 -1.195758126071740080e+01 1.705828250147079395e+00 -1.312481122562789970e+01 0.000000000000000000e+00 2.092238998751156132e+01 -7.956387401698333112e-03 -1.330465272992010561e+00 -4.514701258234787851e+00 0.000000000000000000e+00 -1.286889841017419545e-01 8.324030003064464278e-01 0.000000000000000000e+00 -1.528441964327457114e+01 0.000000000000000000e+00 -1.886669169330640727e+01 -1.461951448590712843e+01 -4.406184775144336818e+00 1.382787275085244794e+00 0.000000000000000000e+00 -9.193544583874052378e+00 0.000000000000000000e+00 0.000000000000000000e+00 -1.256122550148767392e+00 0.000000000000000000e+00
-1.868089214492647798e+01 -1.376931561291239836e+00 -8.392485606199627801e-01 -1.591490243294504658e+01 0.000000000000000000e+00 -6.355847790914069151e+00 -2.683761552205964129e+00 -1.439492229504856802e+01 9.177815853370095311e+00 0.000000000000000000e+00 -1.853456940964586863e+01 -1.529738427534929812e+01 -6.188360188607185952e-01 6.593093246050089284e+00 0.000000000000000000e+00 3.000000000000000000e+01 2.857644212453842769e+01 1.394689561098914332e+01 -5.603726050071839104e+00 0.000000000000000000e+00 -9.853233144887564521e+00 -2.746650491944004457e+00 -3.702308171740368081e+00 -4.974787036892988290e+00 0.000000000000000000e+00
-4.487360128634655609e+00 -2.465868007667771877e+01 -7.045917639579690750e+00 -2.361024603627510032e+01 0.000000000000000000e+00 -1.615161119203976980e+01 -1.382979341506389481e+01 -3.000000000000000000e+01 7.482827722271748527e+00 0.000000000000000000e+00 2.999999988054088718e+01 -1.173807997463046249e+01 -1.456173383137313415e+01 2.160755797810499246e+01 0.000000000000000000e+00 3.000000000000000000e+01 -1.592709587148961781e+01 -1.030929121965677453e+01 -1.293198711879095164e+01 0.000000000000000000e+00 -9.764198032263376348e+00 -1.770465166329718087e+01 -1.003117351290311099e+01 -1.743635796840166563e+01 0.000000000000000000e+00
-1.924156773441685431e+01 -2.743443450803049188e+01 -2.081614449736062156e+01 -2.052504659793454422e+01 0.000000000000000000e+00 -2.923398960656070500e+01 3.000000000000000000e+01 2.161782672996753618e+01 1.708854486273307671e+01 0.000000000000000000e+00 1.853242835788980258e+01 -2.585965207545930156e+01 -2.999999999641656245e+01 1.345719088002421771e+01 0.000000000000000000e+00 2.378311582934684054e+01 2.831817171952125989e+01 -1.856754130982118411e+01 -1.616628251199179900e+01 0.000000000000000000e+00 -1.996816001922733008e+01 -2.494664716184460218e+01 -2.205670843553763305e+01 -2.675507060868753584e+01 0.000000000000000000e+00
2.979835041224968606e+01 3.000000000000000000e+01 2.980579124585213435e+01 2.857431714283780266e+01 0.000000000000000000e+00 3.000000000000000000e+01 2.262876263893638296e+01 1.825453654802677761e+01 1.010679737899918074e+01 0.000000000000000000e+00 4.941997164723208158e+00 2.673195133812983926e+01 2.222251113220858088e+01 1.980551985894760847e+01 0.000000000000000000e+00 1.659671278216276846e+01 1.115772439705773955e+01 3.000000000000000000e+01 2.096470641213086239e+00 0.000000000000000000e+00 3.000000000000000000e+01 3.000000000000000000e+01 3.000000000000000000e+01 2.778294631059277719e+01 0.000000000000000000e+00
1.760235951929221088e+01 2.326016664754178720e+01 1.430365551611372865e+01 2.423837347419464194e+01 0.000000000000000000e+00 2.448639535938288603e+01 1.577329733035826642e+01 4.376605307191394623e+00 3.645669870262940648e+00 0.000000000000000000e+00 -2.120500607169556684e+00 1.595767189890180404e+01 1.354919881858327990e+01 1.276425802966104506e+01 0.000000000000000000e+00 1.177982778729783853e+01 7.006153202818079517e-01 2.031982220503634906e+01 1.569655638448422508e+01 0.000000000000000000e+00 1.800990347675288561e+01 2.083280367073892592e+01 1.711845491233916405e+01 2.434948840402786274e+01 0.000000000000000000e+00
1.042572321528287738e+01 1.359597160513176561e+01 8.627350078214711671e-01 1.565466442995383822e+01 0.000000000000000000e+00 2.697467674234055934e+01 2.391050962283535597e+01 -1.971200228707941093e+00 0.000000000000000000e+00 0.000000000000000000e+00 -1.118247583984620164e+01 6.770931706858029919e+00 5.992050470696318243e+00 5.929513706036229070e-01 0.000000000000000000e+00 7.668241614204606149e-01 -2.131764933543405308e-02 3.454903475668779311e+00 9.637257589747562747e+00 0.000000000000000000e+00 -5.798828950331603949e+00 2.885329674002608158e+01 7.483660168441527816e+00 1.721606341967877185e+01 0.000000000000000000e+00
6.154135494908163473e+00 6.783838296734632234e-01 0.000000000000000000e+00 1.114333422742509327e+01 0.000000000000000000e+00 5.314866197492179367e+00 1.519184733779495922e+01 -1.763642904622778218e+01 0.000000000000000000e+00 0.000000000000000000e+00 2.142312668601305248e+01 -1.643463137465066382e+01 -3.915735676253532280e-04 0.000000000000000000e+00 0.000000000000000000e+00 -1.295695010525822255e+01 -1.082594390287990471e+01 5.203725844665707534e-02 1.869707243182395562e+00 0.000000000000000000e+00 1.805959098667026197e+01 1.902655842784028550e+01 -5.537699833361521051e+00 8.877989380254961205e+00 0.000000000000000000e+00
1.297320115764240799e-02 0.000000000000000000e+00 0.000000000000000000e+00 1.631623551190021448e+00 0.000000000000000000e+00 -1.245741681001085865e+01 4.415433448732041799e-01 -2.897946377087514591e+01 0.000000000000000000e+00 0.000000000000000000e+00 -6.493561795859086772e+00 4.288258798066115762e-01 -4.242690412093228502e+00 0.000000000000000000e+00 0.000000000000000000e+00 2.222456140128709734e+00 9.753856128159682726e+00 -8.181033451136517781e-03 0.000000000000000000e+00 0.000000000000000000e+00 1.107855350084006751e+01 -6.522024480025630844e+00 -1.180745734927387147e+01 -7.047245390342600224e-01 0.000000000000000000e+00
0.000000000000000000e+00 0.000000000000000000e+00 0.000000000000000000e+00 1.485618677362472370e-02 0.000000000000000000e+00 -1.524489925536280488e+01 -1.077014291000060631e+01 5.970793167263562573e+00 0.000000000000000000e+00 0.000000000000000000e+00 1.458978145130257253e+01 1.672863717874060541e+01 2.602707381220262572e+00 0.000000000000000000e+00 0.000000000000000000e+00 -2.267640821737207446e+01 1.218345676120047649e+01 -1.194135480466245447e+01 0.000000000000000000e+00 0.000000000000000000e+00 8.063658872199246375e+00 -1.983556820967528367e+01 -2.195490758354549854e+01 -1.538591738787285301e+01 0.000000000000000000e+00
0.000000000000000000e+00 0.000000000000000000e+00 0.000000000000000000e+00 0.000000000000000000e+00 0.000000000000000000e+00 -2.159586803442019232e+01 -2.310353020105320709e+01 2.350746004022232327e+01 -1.362339790892625135e+00 0.000000000000000000e+00 6.109182570140476720e+00 2.730307956606132347e+00 2.686105014259054347e+00 0.000000000000000000e+00 0.000000000000000000e+00 2.127271574567492962e+01 -3.904138572399991514e+00 2.210982262373455498e+01 0.000000000000000000e+00 0.000000000000000000e+00 -5.257136239667317135e+00 2.900660700007301784e+01 3.591778406021444603e+00 -2.167046050626775155e+01 0.000000000000000000e+00
0.000000000000000000e+00 0.000000000000000000e+00 0.000000000000000000e+00 0.000000000000000000e+00 0.000000000000000000e+00 2.515526072452042072e+00 3.519173355936951353e+00 5.995847515045316101e+00 -1.237072703805839780e+01 0.000000000000000000e+00 -1.004024826010105009e+01 -1.202342533533484392e+01 -1.433489398766731604e+01 0.000000000000000000e+00 0.000000000000000000e+00 4.831187569535381421e+00 -1.501274804765390236e+01 1.320978525719105789e+00 0.000000000000000000e+00 0.000000000000000000e+00 -7.759848964542672256e+00 2.688939488096027475e+01 2.500320887899997402e+01 2.582764437280883563e+00 0.000000000000000000e+00
0.000000000000000000e+00 0.000000000000000000e+00 0.000000000000000000e+00 0.000000000000000000e+00 0.000000000000000000e+00 2.476950461047525565e+01 2.442947180882081426e+01 1.990028998553054502e-03 -2.480978150082864531e+01 0.000000000000000000e+00 -2.696053902768497323e+01 -5.767019606726118575e+00 -2.571675864571349024e+01 -3.415593484678497216e+00 0.000000000000000000e+00 -1.176941996673373581e+01 -2.598125594712589859e+01 -2.051456626561542507e+01 -2.283211457766954666e+00 0.000000000000000000e+00 -1.216837776952415595e+01 1.485543421323982294e+01 2.999999999995197797e+01 2.507113717757567883e+01 0.000000000000000000e+00
0.000000000000000000e+00 0.000000000000000000e+00 0.000000000000000000e+00 0.000000000000000000e+00 0.000000000000000000e+00 1.671532677697932101e+01 2.111389865750732753e+01 0.000000000000000000e+00 -2.515773928921649727e+01 0.000000000000000000e+00 2.671474842349391210e+01 -2.846852347824674823e+01 2.127873429612380107e+01 -1.279206769465658944e+01 0.000000000000000000e+00 -1.427643114863550799e+01 1.823604741287755715e+01 2.862748405977479749e+01 -1.394093022070348376e+01 0.000000000000000000e+00 -3.000000000000000000e+01 1.810678464782346841e+00 1.310149438591398230e+01 1.689565503562817739e+01 0.000000000000000000e+00
0.000000000000000000e+00 0.000000000000000000e+00 0.000000000000000000e+00 0.000000000000000000e+00 0.000000000000000000e+00 7.723596587502235877e+00 1.066590096521911235e+01 0.000000000000000000e+00 2.923372006059428330e+01 0.000000000000000000e+00 1.864126818287622100e+01 3.000000000000000000e+01 -1.166139127736055103e+00 -2.092264251519071649e+01 0.000000000000000000e+00 3.000000000000000000e+01 1.604445121145627340e+01 7.959001389496831891e+00 2.824594590476417366e+01 0.000000000000000000e+00 3.000000000000000000e+01 -1.109131513348624054e+01 -4.996055041219145565e+00 8.395414988647891263e+00 0.000000000000000000e+00
0.000000000000000000e+00 0.000000000000000000e+00 0.000000000000000000e+00 0.000000000000000000e+00 0.000000000000000000e+00 0.000000000000000000e+00 1.951145156003720625e-03 0.000000000000000000e+00 1.960563882736225239e+01 0.000000000000000000e+00 6.609873237136659974e+00 2.067812302221161502e+01 2.910400564821048253e+00 2.574704653922419872e+00 0.000000000000000000e+00 2.586452528873909529e+01 -1.208899963775251774e+00 -1.337655009115482052e+01 1.766153872541764613e+01 0.000000000000000000e+00 2.999999829464675827e+01 -1.770668599122963016e+01 -9.120257734008390127e-01 -3.456027039151150504e-01 0.000000000000000000e+00
0.000000000000000000e+00 0.000000000000000000e+00 0.000000000000000000e+00 0.000000000000000000e+00 0.000000000000000000e+00 -1.811627462486512963e+00 0.000000000000000000e+00 0.000000000000000000e+00 1.141704648077459261e+01 0.000000000000000000e+00 -4.791781508131443879e+00 -1.747258057441151635e+01 7.065633148062834046e+00 2.557783117929312766e+01 0.000000000000000000e+00 7.005582237700841652e+00 -8.302350271212132427e+00 1.745695173475875706e+01 4.915195523628481666e+00 0.000000000000000000e+00 2.336484833100922742e+01 1.379335141787580277e+01 2.262207663567278981e+00 -1.501703182944404524e+01 -6.427404956459167318e-01
0.000000000000000000e+00 0.000000000000000000e+00 0.000000000000000000e+00 0.000000000000000000e+00 0.000000000000000000e+00 -8.262248049381341275e+00 0.000000000000000000e+00 0.000000000000000000e+00 5.756772381573882491e-01 0.000000000000000000e+00 1.220048930016124800e+01 1.459590595493609833e+01 6.399360141223626422e-05 5.157120892015486291e+00 0.000000000000000000e+00 -1.702655978843685602e+01 -4.369391614533819634e+00 8.763489127639465082e+00 -1.047688010856775342e+01 0.000000000000000000e+00 2.319854995414425858e+01 -7.775958342614739394e+00 -1.321519292587136185e+01 2.009051655076417831e+01 -4.804353810486902354e+00
0.000000000000000000e+00 0.000000000000000000e+00 0.000000000000000000e+00 0.000000000000000000e+00 0.000000000000000000e+00 -1.486443560550211984e+01 -1.254848274530240802e-03 -4.656325299157584863e-02 -2.227032144435749039e+00 -3.643627111775787908e-02 -4.238400409255890788e-01 7.918665170968613998e-01 0.000000000000000000e+00 3.037020131991026606e+00 0.000000000000000000e+00 -5.897012532474592561e+00 1.404190779636516062e+01 6.507035666555391895e-01 -1.358614493864999773e+01 0.000000000000000000e+00 -2.150637727292831869e+00 6.849197400657342172e+00 1.600700887615244028e+01 2.532302746650052949e+00 -9.071410917486183223e+00
0.000000000000000000e+00 0.000000000000000000e+00 0.000000000000000000e+00 0.000000000000000000e+00 0.000000000000000000e+00 -2.127698016828465910e+01 -1.372193290547554012e+00 -3.454471276126891865e+00 -1.153432397786751196e+01 -6.424276456504677490e+00 -6.046405226572439950e+00 -1.208457070678897338e+01 -7.087986436089795950e-01 5.223931222113220585e+00 -5.512156351525724363e-01 1.431285265842130450e+01 -1.292244054392134345e+01 -1.652305558090661108e+01 1.289246339246067485e+01 -5.507427096203942440e+00 3.386936265927444012e+00 -1.149518135532070495e+01 1.505412600964074477e-01 -2.382967394370476999e+00 -1.156429886856177802e+01
0.000000000000000000e+00 0.000000000000000000e+00 0.000000000000000000e+00 0.000000000000000000e+00 0.000000000000000000e+00 -2.364454548363478636e+01 -1.303705846489720699e+01 -1.731915920168431455e+01 -1.996455200713783995e+01 -1.994934080998170955e+01 -1.082137205473347663e+01 -1.591107036496777916e+01 -1.534001357602410032e+01 -1.022282154576157964e+01 -8.793647285496795973e+00 -1.303244120089653180e+01 1.563114779595141890e+01 -2.608719324073336310e+01 -2.315785973459453473e+01 -2.042733153090709308e+01 -8.409087979319975759e+00 -2.744746776144822320e+01 -3.362978101327633418e+00 -2.211544577440260539e+01 -1.141264168582910266e+01
0.000000000000000000e+00 0.000000000000000000e+00 0.000000000000000000e+00 0.000000000000000000e+00 0.000000000000000000e+00 -2.791137936307032774e+00 -5.161506031733019029e+00 -1.859446069588867090e+01 -3.588778281004636028e+00 -7.754835524644223099e+00 -1.999354694456469161e+01 -5.824879062637468685e+00 -1.638486587350697476e+01 -1.938178357123760520e+01 -2.266035005765838761e+01 -2.499552018950488375e+01 1.771474234889940647e+01 1.048698014326867778e+01 1.876697135637284575e+01 -2.222740561117683100e+01 -1.990420619588106277e+01 1.359262124803461802e+01 -2.999999618833890125e+01 5.628378716083503042e-01 -1.891643490973466157e+01
