# yaw
0.000000000000000000e+00 0.000000000000000000e+00 0.000000000000000000e+00 0.000000000000000000e+00 0.000000000000000000e+00 3.000000000000000000e+01 -2.294574288912723148e+01 -2.723285480513605705e+01 -2.999999999999999645e+01 3.000000000000000000e+01 2.999999999999999645e+01 3.000000000000000000e+01 3.000000000000000000e+01 3.000000000000000000e+01 3.000000000000000000e+01 3.000000000000000000e+01 4.289492686157527324e+00 1.784662139283085835e+01 1.004822628814270313e+00 3.000000000000000000e+01 3.000000000000000000e+01 3.000000000000000000e+01 3.000000000000000000e+01 4.960896216170718631e+00 3.000000000000000000e+01
0.000000000000000000e+00 0.000000000000000000e+00 0.000000000000000000e+00 0.000000000000000000e+00 0.000000000000000000e+00 3.000000000000000000e+01 -1.782167173346704558e+01 -2.023758014884259993e+00 3.000000000000000000e+01 3.000000000000000000e+01 2.414195739039524113e+01 2.023147924682074716e+01 1.926789604887482810e+01 2.058381002521970160e+01 2.359559838477146343e+01 2.427229288033426613e+01 -6.534640829780199445e-01 6.061181034026402514e+00 0.000000000000000000e+00 2.702410228688419380e+01 2.145332221989519894e+01 2.975024653527787777e+01 2.243823556802840713e+01 1.330554821142406530e+00 2.334629573008276537e+01
0.000000000000000000e+00 0.000000000000000000e+00 0.000000000000000000e+00 0.000000000000000000e+00 0.000000000000000000e+00 2.088151790047491829e+01 2.610609881819139488e+01 2.731726392044678065e+01 2.492821826770713400e+01 2.014871718486300267e+01 1.541765582784622524e+01 5.904976491779681425e+00 6.245275978047523324e+00 4.279324435792332793e+00 1.389686073740989336e+01 6.343183069817776243e+00 -1.732299449982802386e+01 -1.427347243505135310e+01 -6.338129659572899408e-03 3.000000000000000000e+01 1.718977695604103317e+01 2.999999999999999645e+01 -1.247471693452350472e+01 3.000000000000000000e+01 1.792086952762321495e-01
0.000000000000000000e+00 0.000000000000000000e+00 0.000000000000000000e+00 0.000000000000000000e+00 0.000000000000000000e+00 1.962987338692399319e+01 3.000000000000000000e+01 2.605102212655594229e+01 1.136268371413653000e+01 1.179355363406473423e+01 6.489478034386120697e+00 -2.572056324455335510e-02 0.000000000000000000e+00 1.653849877173245164e-01 -2.821952661894448156e+00 3.327461868316107692e-03 3.000000000000000000e+01 3.000000000000000000e+01 -1.351862070249024583e+01 2.814341710473792091e+01 8.447357010586241444e+00 2.456418691281623268e+01 3.000000000000000000e+01 3.000000000000000000e+01 3.000000000000000000e+01
0.000000000000000000e+00 0.000000000000000000e+00 0.000000000000000000e+00 0.000000000000000000e+00 0.000000000000000000e+00 9.155604003185256801e+00 2.349508287472912116e+01 2.441583181999095586e+01 3.382345578981515555e+00 1.430170468871624134e+00 3.159697049356980925e-01 -1.452557793406262299e+01 -9.094649988549949882e-01 0.000000000000000000e+00 -2.459666844576817013e+01 0.000000000000000000e+00 2.214565647193211717e+01 1.241477945364901814e+01 2.456407409722963564e+01 4.274929143655855412e+00 4.522516853590554525e-02 -2.236382327766137657e+00 3.000000000000000000e+01 1.689417776306341423e+01 1.659454160342599494e+01
0.000000000000000000e+00 0.000000000000000000e+00 0.000000000000000000e+00 0.000000000000000000e+00 0.000000000000000000e+00 8.033101925282658262e-02 1.253577324616336952e+01 1.225906466209789869e+01 2.037781713610265222e-01 -1.169669785305348242e+01 0.000000000000000000e+00 -3.000000000000000000e+01 -2.154946912977116824e+01 -9.182865861672510899e-02 -2.254960443475082510e+00 0.000000000000000000e+00 2.616344966401336691e+01 -1.596039676733697377e+01 8.051395300584701431e+00 -1.880755976485977854e+01 0.000000000000000000e+00 -1.671665419535920449e+01 3.000000000000000000e+01 1.436800254801132937e+01 -2.050505188950796143e+00
0.000000000000000000e+00 0.000000000000000000e+00 0.000000000000000000e+00 0.000000000000000000e+00 0.000000000000000000e+00 0.000000000000000000e+00 6.293237260004684863e+00 9.152757458691946013e+00 0.000000000000000000e+00 -2.125021150178609375e+01 0.000000000000000000e+00 3.000000000000000000e+01 -3.000000000000000000e+01 -2.560785137249725807e+01 2.823980688965456309e+01 0.000000000000000000e+00 1.847194526569765571e+01 3.000000000000000000e+01 -1.556952911740728673e+01 -2.619245010360869230e+01 0.000000000000000000e+00 -2.417357642383433358e+01 2.133460727515600297e+01 2.527479085365515843e+01 1.610522262961406170e+01
0.000000000000000000e+00 0.000000000000000000e+00 0.000000000000000000e+00 0.000000000000000000e+00 0.000000000000000000e+00 0.000000000000000000e+00 6.596743679316314335e+00 1.174965345385150073e+00 0.000000000000000000e+00 3.552477523304419016e+00 0.000000000000000000e+00 -2.386906619502389049e+01 3.000000000000000000e+01 3.000000000000000000e+01 1.974539967044947630e+01 0.000000000000000000e+00 1.219901308158965136e+00 2.481191852534823283e+01 3.000000000000000000e+01 2.918406110856828661e+01 0.000000000000000000e+00 2.970933793805587442e+01 7.950889478161836665e-01 1.617870565937850502e+00 -6.727216692819091293e+00
0.000000000000000000e+00 0.000000000000000000e+00 0.000000000000000000e+00 0.000000000000000000e+00 0.000000000000000000e+00 0.000000000000000000e+00 -3.758091214720756662e-02 0.000000000000000000e+00 0.000000000000000000e+00 2.443220199920763847e+01 0.000000000000000000e+00 2.512610572467020376e+01 2.381171083449216752e+01 3.000000000000000000e+01 4.125495277777480041e+00 0.000000000000000000e+00 0.000000000000000000e+00 3.824899898305968993e+00 2.056104263152401757e+01 1.555090930750559153e+01 0.000000000000000000e+00 2.102412087876762925e+01 2.046142029705864118e+01 -5.148700187313897558e+00 -1.266516865312172513e+01
0.000000000000000000e+00 0.000000000000000000e+00 0.000000000000000000e+00 0.000000000000000000e+00 0.000000000000000000e+00 0.000000000000000000e+00 -6.823947889355713947e+00 -7.129373423863533121e-01 -7.165375522437104731e-03 1.636245896648996023e+01 0.000000000000000000e+00 1.432425992705357842e+01 2.611158853345146369e+01 2.392024762977858643e+01 9.094960347607434770e+00 0.000000000000000000e+00 0.000000000000000000e+00 -1.867652910752816453e+01 -1.923015790653962442e+00 8.153665181080173241e+00 0.000000000000000000e+00 1.335925185323237940e+01 -6.598251768952479779e+00 2.389462053911921657e+01 -2.696653410278628726e+01
0.000000000000000000e+00 0.000000000000000000e+00 0.000000000000000000e+00 0.000000000000000000e+00 0.000000000000000000e+00 0.000000000000000000e+00 -1.859760964741330014e+01 -1.086679354926153529e+01 -8.079560173341974405e+00 3.801300440929885394e+00 0.000000000000000000e+00 5.126949223720326382e-02 2.239602173247242423e+00 1.375091989755088306e+01 -3.862644019152380093e+00 0.000000000000000000e+00 -1.723756716096420227e+00 1.422178508110277129e+01 -1.448718400432413667e+01 1.592208139850584381e+01 0.000000000000000000e+00 1.629434628887159731e+00 -1.794338196381275452e+01 -2.288050910644144231e+00 -2.183403180277149147e+01
0.000000000000000000e+00 0.000000000000000000e+00 0.000000000000000000e+00 0.000000000000000000e+00 0.000000000000000000e+00 0.000000000000000000e+00 -2.972160724202260695e+01 -2.750972821089469633e+01 -2.172256581894074756e+01 -7.883510013005786021e+00 0.000000000000000000e+00 -8.770448519706599555e-01 -2.155199173182638361e+01 -1.561729086151899537e+01 -2.028022121810288780e+01 0.000000000000000000e+00 -1.316932879841573545e+01 1.033019322635482934e-01 3.000000000000000000e+01 -1.694957177818653804e+01 0.000000000000000000e+00 0.000000000000000000e+00 -2.225941429142794448e+01 -2.340145430276760408e+01 3.000000000000000000e+01
0.000000000000000000e+00 0.000000000000000000e+00 0.000000000000000000e+00 0.000000000000000000e+00 -2.168338240907380143e+00 0.000000000000000000e+00 2.653257001595630271e+01 3.000000000000000000e+01 2.614018700501008396e+01 -1.547204360055039452e+01 0.000000000000000000e+00 -7.782150962783358494e+00 2.257603066237240697e+01 1.303886274850365723e+01 9.336132955206439377e+00 0.000000000000000000e+00 -7.619654711421080862e+00 -7.125267320153513828e-02 2.475610641146005264e+01 1.910192187366078187e+01 0.000000000000000000e+00 -6.002797049275489627e+00 3.000000000000000000e+01 -2.224803205807538475e+01 2.447635381941883281e+01
0.000000000000000000e+00 -3.452738575510904025e-03 0.000000000000000000e+00 0.000000000000000000e+00 -9.329231536799456492e+00 0.000000000000000000e+00 1.550012435324528504e+01 1.953836929441648351e+01 3.126471423845617270e+00 -2.959501139276641624e+01 0.000000000000000000e+00 -2.294445414336368216e+01 2.496245630890014500e+00 -1.326389180611455210e+01 1.928872615236969423e+01 0.000000000000000000e+00 -1.326872687649367499e+01 -7.450134797567054434e+00 3.030560241745563044e+00 -9.640551637904614113e-01 0.000000000000000000e+00 -1.137699649699749749e+01 1.575321135559890173e+01 3.000000000000000000e+01 1.407376761202057835e+01
0.000000000000000000e+00 -3.468191704710473555e+00 -8.128403343808547621e-02 0.000000000000000000e+00 -1.393285607956853234e+01 0.000000000000000000e+00 2.818605007810861540e+00 -2.058348146598595818e+01 -3.000000000000000000e+01 4.936449351218488601e+00 0.000000000000000000e+00 -2.428996429543366276e+01 -1.757140825626804514e-01 -5.460337427205253391e+00 2.684332096701900761e-01 0.000000000000000000e+00 -2.310645057026013660e+01 -1.558131190007404676e+01 0.000000000000000000e+00 1.572368826047031476e+01 0.000000000000000000e+00 -1.518884843463627377e+01 2.126814438661261075e+00 2.333913092602272243e+01 -1.200108723226989227e+01
0.000000000000000000e+00 -9.025192796146617624e+00 -3.452124421124227460e+00 -3.165238319163571568e+00 -1.859910812405001934e+01 0.000000000000000000e+00 -4.707432138665675336e-01 -2.109182603266113176e+01 -3.000000000000000000e+01 -2.234483507152320314e+01 0.000000000000000000e+00 1.757599641588242889e+01 -1.271664610315062305e+01 -2.112678187037538180e+01 3.087575049458077259e-01 0.000000000000000000e+00 -2.936823877824705775e+01 -3.000000000000000000e+01 -7.469737927485519124e-01 3.723559307421634573e-02 0.000000000000000000e+00 -2.028530936064355572e+01 -3.876945253575251549e+00 -7.223942299642621911e+00 -1.872406102567737207e+01
0.000000000000000000e+00 -1.922945854344688854e+01 -1.883619472456796728e+01 -2.200888193006501226e+01 -1.784914265125030397e+01 0.000000000000000000e+00 -1.475235788691457905e+01 -2.437237358508209084e+01 -3.000000000000000000e+01 -4.936207532592857383e+00 0.000000000000000000e+00 2.433443047594111164e+01 -2.922828147171397362e+01 -3.000000000000000000e+01 -1.163922854156110276e+01 0.000000000000000000e+00 -2.028653267956349371e+00 2.743474715266296826e+01 -1.783247288877208803e+01 -5.470291809438465158e+00 0.000000000000000000e+00 -2.642690559945690865e+01 -1.651418732686968127e+01 -2.597614008809645370e+01 -1.055453968824116373e+01
0.000000000000000000e+00 -2.506922733532810810e+01 -2.999999854913785668e+01 -3.000000000000000000e+01 -2.407704327324539406e+01 0.000000000000000000e+00 -2.553353562048872050e+01 -2.356835818623008194e+01 3.000000000000000000e+01 2.909915827411907685e+01 0.000000000000000000e+00 2.142723950886618312e+01 3.000000000000000000e+01 2.755415963948024327e+01 -2.611521196382280507e+01 0.000000000000000000e+00 3.000000000000000000e+01 1.777841176533306111e+01 -3.000000000000000000e+01 -1.103136724146622605e+01 0.000000000000000000e+00 -1.199696905050867457e+01 -2.465973283600475696e+01 -3.000000000000000000e+01 -2.360931479742621519e+01
0.000000000000000000e+00 3.000000000000000000e+01 3.000000000000000000e+01 2.999999999999999645e+01 3.000000000000000000e+01 0.000000000000000000e+00 -2.652586399773916170e+01 3.000000000000000000e+01 1.806276912112444322e+01 2.245348789537213463e+01 0.000000000000000000e+00 1.297955374996532285e+01 2.999999999999999289e+01 1.502280219037299069e+01 3.000000000000000000e+01 0.000000000000000000e+00 2.773625196709567930e+01 7.403662373093261806e+00 3.000000000000000000e+01 -3.000000000000000000e+01 0.000000000000000000e+00 3.000000000000000000e+01 3.000000000000000000e+01 3.000000000000000000e+01 3.000000000000000000e+01
0.000000000000000000e+00 3.000000000000000000e+01 2.333030935459288813e+01 2.704290355110266475e+01 2.305887387387192433e+01 0.000000000000000000e+00 2.999999999999999645e+01 2.379086804316219173e+01 2.155086469881020150e+00 1.910108726207773344e+01 0.000000000000000000e+00 4.942646314614774529e-03 2.486797958067514713e+01 2.772899098776848259e+00 1.682001119521082444e+01 0.000000000000000000e+00 2.085238242719693247e+01 3.671503275898571061e-01 1.940439233258596019e+01 -2.999999999999999645e+01 0.000000000000000000e+00 3.000000000000000000e+01 2.212321068814271285e+01 2.813754241108124532e+01 2.143794900621044874e+01
0.000000000000000000e+00 2.237167792905080077e+01 1.608210858313966796e+01 3.000000000000000000e+01 -1.090985187988523286e+01 0.000000000000000000e+00 2.677990953602996527e+01 7.500525409713015179e+00 -6.299600157711605419e+00 2.546646206580690475e+01 0.000000000000000000e+00 0.000000000000000000e+00 1.920612316258026553e+01 -1.270151637914793241e+01 -5.987144184595907248e+00 0.000000000000000000e+00 1.635887181891810016e+01 -1.566932128495931220e+00 2.999999999999999645e+01 3.000000000000000000e+01 0.000000000000000000e+00 2.614929983642496580e+01 4.885640529061009651e+00 1.805721206666945378e+01 1.831274871779383062e+01
0.000000000000000000e+00 1.804642166355800725e+01 -2.347713783694394429e+00 2.999999999999999645e+01 2.999999999999999645e+01 0.000000000000000000e+00 1.587235482105563023e+01 6.410117294781385588e+00 2.504555675781967139e+01 2.506020521113373256e+00 0.000000000000000000e+00 0.000000000000000000e+00 4.730506936803434925e+00 -3.000000000000000000e+01 -2.362476355181158283e+01 0.000000000000000000e+00 4.009672614050669992e+00 -2.061309511313491072e+01 3.000000000000000000e+01 3.000000000000000000e+01 0.000000000000000000e+00 2.337600805873154997e+01 3.497127012302272964e-02 8.413028598633358612e-01 1.573403228884921567e+01
0.000000000000000000e+00 4.715493737664199436e+00 -1.613732275500388624e+01 1.384872073379004043e+01 2.325199698959346861e+01 0.000000000000000000e+00 1.700115779290657603e+00 -1.721572613369198024e+01 -4.895697147088147183e+00 -4.550192619874978028e+00 0.000000000000000000e+00 0.000000000000000000e+00 -3.838225722645268956e+00 3.000000000000000000e+01 2.611832126083444194e+01 0.000000000000000000e+00 6.882601527651043938e+00 -2.036247879759670099e+01 2.619781146255014681e-01 2.645399693621547499e+01 0.000000000000000000e+00 4.417914114428984185e+00 0.000000000000000000e+00 0.000000000000000000e+00 3.186738038519656868e+00
0.000000000000000000e+00 0.000000000000000000e+00 0.000000000000000000e+00 0.000000000000000000e+00 0.000000000000000000e+00 0.000000000000000000e+00 0.000000000000000000e+00 0.000000000000000000e+00 0.000000000000000000e+00 0.000000000000000000e+00 0.000000000000000000e+00 0.000000000000000000e+00 0.000000000000000000e+00 0.000000000000000000e+00 0.000000000000000000e+00 0.000000000000000000e+00 0.000000000000000000e+00 0.000000000000000000e+00 0.000000000000000000e+00 0.000000000000000000e+00 0.000000000000000000e+00 0.000000000000000000e+00 0.000000000000000000e+00 0.000000000000000000e+00 0.000000000000000000e+00
0.000000000000000000e+00 0.000000000000000000e+00 0.000000000000000000e+00 0.000000000000000000e+00 0.000000000000000000e+00 0.000000000000000000e+00 0.000000000000000000e+00 0.000000000000000000e+00 0.000000000000000000e+00 0.000000000000000000e+00 0.000000000000000000e+00 0.000000000000000000e+00 0.000000000000000000e+00 0.000000000000000000e+00 0.000000000000000000e+00 0.000000000000000000e+00 0.000000000000000000e+00 0.000000000000000000e+00 0.000000000000000000e+00 0.000000000000000000e+00 0.000000000000000000e+00 0.000000000000000000e+00 0.000000000000000000e+00 0.000000000000000000e+00 0.000000000000000000e+00
0.000000000000000000e+00 0.000000000000000000e+00 0.000000000000000000e+00 0.000000000000000000e+00 0.000000000000000000e+00 0.000000000000000000e+00 0.000000000000000000e+00 0.000000000000000000e+00 0.000000000000000000e+00 0.000000000000000000e+00 0.000000000000000000e+00 0.000000000000000000e+00 0.000000000000000000e+00 0.000000000000000000e+00 0.000000000000000000e+00 0.000000000000000000e+00 0.000000000000000000e+00 0.000000000000000000e+00 0.000000000000000000e+00 0.000000000000000000e+00 0.000000000000000000e+00 0.000000000000000000e+00 0.000000000000000000e+00 0.000000000000000000e+00 0.000000000000000000e+00
0.000000000000000000e+00 0.000000000000000000e+00 0.000000000000000000e+00 0.000000000000000000e+00 0.000000000000000000e+00 0.000000000000000000e+00 0.000000000000000000e+00 0.000000000000000000e+00 0.000000000000000000e+00 0.000000000000000000e+00 0.000000000000000000e+00 0.000000000000000000e+00 0.000000000000000000e+00 0.000000000000000000e+00 0.000000000000000000e+00 0.000000000000000000e+00 0.000000000000000000e+00 0.000000000000000000e+00 0.000000000000000000e+00 0.000000000000000000e+00 0.000000000000000000e+00 0.000000000000000000e+00 0.000000000000000000e+00 0.000000000000000000e+00 0.000000000000000000e+00
0.000000000000000000e+00 2.241117568930826209e+01 2.644874231602627646e+01 1.424888560372589152e+00 1.651832008163955035e+00 0.000000000000000000e+00 1.777151144446537767e+00 -2.121429492466122468e+01 8.768980829289349188e+00 -5.313869347554536660e+00 0.000000000000000000e+00 -1.150465329347535892e+01 2.667751884001878082e+01 2.914351612971534777e+00 -9.757417565779139323e+00 0.000000000000000000e+00 -1.087843578147580104e+01 0.000000000000000000e+00 4.458710784590064202e-01 1.854820326715309520e+01 0.000000000000000000e+00 0.000000000000000000e+00 0.000000000000000000e+00 0.000000000000000000e+00 0.000000000000000000e+00
0.000000000000000000e+00 2.474787673812445021e+01 1.000050753539552773e+01 -1.816968030733415063e+01 3.282899367700349846e-01 0.000000000000000000e+00 2.380812174651914503e+01 2.583348158734527722e+00 9.906842361073483261e+00 4.986113002597128419e-01 0.000000000000000000e+00 1.150314831496724644e+01 4.099335840805895970e+00 -1.474265789301008667e+01 -1.598634317823211859e+01 0.000000000000000000e+00 -7.461669847127317290e+00 0.000000000000000000e+00 0.000000000000000000e+00 2.591863086434400287e+01 0.000000000000000000e+00 0.000000000000000000e+00 0.000000000000000000e+00 0.000000000000000000e+00 0.000000000000000000e+00
0.000000000000000000e+00 -7.469675224362949173e+00 -1.122797983715585879e+01 2.647369828108169187e+01 3.000000000000000000e+01 0.000000000000000000e+00 7.240012737964225842e+00 2.670632254998522015e+01 -1.566281277762582924e+01 -2.520897970083766637e+01 0.000000000000000000e+00 1.217295481976763760e+01 -2.500528012045460358e+01 1.703631642468113228e+01 2.754766648427536069e+01 0.000000000000000000e+00 2.815372824665817220e+01 0.000000000000000000e+00 0.000000000000000000e+00 5.635236519396922716e+00 0.000000000000000000e+00 0.000000000000000000e+00 0.000000000000000000e+00 0.000000000000000000e+00 0.000000000000000000e+00
-1.203149962318360799e+00 -2.199172198656032506e+01 -6.715509122713591239e+00 1.130857533154512140e+01 2.080324553988327807e+01 0.000000000000000000e+00 -1.508511516854071255e+00 2.279622124431401886e+01 1.934722362772095039e+01 -2.666450293482679612e+01 0.000000000000000000e+00 -1.200912234002895751e+01 1.806910305737581268e+01 -5.781745540543028028e+00 1.707332960875940131e+01 0.000000000000000000e+00 1.925118830209946097e+01 0.000000000000000000e+00 0.000000000000000000e+00 0.000000000000000000e+00 0.000000000000000000e+00 0.000000000000000000e+00 0.000000000000000000e+00 0.000000000000000000e+00 0.000000000000000000e+00
-7.615350836078867758e+00 1.817732417603593476e+01 2.716117745236686787e+01 8.164205745304460748e+00 1.004108629201509828e+01 0.000000000000000000e+00 -1.885077443974834921e+01 -5.805351294039944321e+00 9.743393486845160822e+00 3.000000000000000000e+01 0.000000000000000000e+00 -2.845361773266824912e+01 1.429806491111128841e-01 -1.565587446722120468e+01 2.436691103357416210e+01 0.000000000000000000e+00 6.811916863268606015e+00 0.000000000000000000e+00 -2.524533773660994629e-01 -2.253392608849311252e+00 0.000000000000000000e+00 0.000000000000000000e+00 0.000000000000000000e+00 0.000000000000000000e+00 0.000000000000000000e+00
-1.317544985907783150e+01 -5.022639496270412174e+00 -2.582150113195810892e+00 3.715238145623497079e+00 -1.312092134797153875e+01 -2.674557147927313583e+00 1.071496705672697125e+01 6.260541650838553629e+00 2.482500125282182335e+00 5.971861848389030669e+00 0.000000000000000000e+00 -2.577753419151254377e+01 -4.308955106881705355e+00 -2.555951307619728041e+01 6.408987370734005928e+00 -1.123617714386087263e+00 -2.802616035754602830e+00 -2.257092049769210060e-02 -4.393802456430970338e+00 -1.105244898206039750e+01 0.000000000000000000e+00 0.000000000000000000e+00 0.000000000000000000e+00 0.000000000000000000e+00 0.000000000000000000e+00
-1.586041227156045608e+01 -2.167697961606732449e+01 -8.032674067910363647e+00 -9.217360112152038099e+00 3.000000000000000000e+01 -1.741459232203077079e+01 -1.549058255758035907e+00 -1.184011800946976578e+01 -1.748771834782124390e+00 -1.149088439847343324e+01 -4.046359788764326004e-01 -2.709204872052479729e+01 -1.684322519771227178e+01 3.000000000000000000e+01 -9.050114947674174459e+00 -9.636845370126641441e+00 -1.757523066215403063e+01 -5.392241877755989066e+00 -6.305054976348472451e+00 -1.672591191954935397e+01 0.000000000000000000e+00 0.000000000000000000e+00 0.000000000000000000e+00 0.000000000000000000e+00 0.000000000000000000e+00
-1.633075327855862824e+01 -9.525843030433046366e+00 -1.452312149829403332e+01 -1.593009641813238453e+01 -3.108295197324816073e+00 -2.716776152363091867e+01 -2.997481817454738007e+01 -2.151438513796412622e+01 -2.353907898281066124e+01 -2.552236836922200425e+01 -1.572814911362307910e+01 2.710914785068897359e+01 -2.503232080037976459e+01 2.553009392211052386e+01 -1.713610104616355301e+01 -1.848079812587000603e+01 -1.705416600701538599e+01 -1.741057918830454199e+01 -1.264818096825610994e+01 -2.397479554996095175e+01 0.000000000000000000e+00 0.000000000000000000e+00 0.000000000000000000e+00 0.000000000000000000e+00 0.000000000000000000e+00
-2.362983694069411555e+01 -2.636234703366630683e+01 -1.865649380020607140e+01 -2.653456502519846083e+01 -2.154483255160881328e+01 -3.000000000000000000e+01 2.999999999999999645e+01 -3.000000000000000000e+01 -3.000000000000000000e+01 -3.000000000000000000e+01 -2.656203817949224799e+01 1.296813372460276881e+01 -2.920600446189488864e+01 1.050490282186119373e+01 -2.843339064363839341e+01 -2.999999999999999645e+01 -2.720512827457267591e+01 -2.592107073773715697e+01 -2.252772731651499072e+01 -2.879753628374522023e+01 0.000000000000000000e+00 0.000000000000000000e+00 0.000000000000000000e+00 0.000000000000000000e+00 0.000000000000000000e+00
2.999999999999999645e+01 -3.000000000000000000e+01 3.000000000000000000e+01 3.000000000000000000e+01 3.000000000000000000e+01 2.999999999999999289e+01 2.427607909212872173e+01 2.958865484471072094e+01 3.000000000000000000e+01 3.000000000000000000e+01 3.000000000000000000e+01 3.099370292450814302e-01 2.550112610267518320e+01 9.809828260060493577e-01 3.000000000000000000e+01 2.999999999999999645e+01 3.000000000000000000e+01 -1.680319928768332005e+01 -2.165958300817212034e+01 3.000000000000000000e+01 0.000000000000000000e+00 0.000000000000000000e+00 0.000000000000000000e+00 0.000000000000000000e+00 0.000000000000000000e+00
2.498797335328250924e+01 3.000000000000000000e+01 2.995025111716112676e+01 2.694857755272850142e+01 2.008392485037954600e+01 2.970377491902243250e+01 2.191286980077731883e+01 2.248775111196128407e+01 2.806018533170472296e+01 2.688130570847740231e+01 2.052675156424498226e+01 0.000000000000000000e+00 6.432851459560403384e+00 0.000000000000000000e+00 2.098758512463524539e+01 2.691967761445109275e+01 2.365402821400065037e+01 -2.216023696953474698e+01 2.988718482868331705e+01 2.919393531374207740e+01 0.000000000000000000e+00 0.000000000000000000e+00 0.000000000000000000e+00 0.000000000000000000e+00 0.000000000000000000e+00
2.616702419089600440e+01 3.000000000000000000e+01 2.482870661657997502e+01 3.000000000000000000e+01 1.598524112371226913e+01 3.000000000000000000e+01 5.295029170059450507e+00 8.739103920538568104e+00 3.000000000000000000e+01 1.534953840434471140e+01 7.004324699573687418e+00 0.000000000000000000e+00 1.053908384185683585e-03 -2.496102073027155033e+00 6.327324851276493689e+00 1.805346820579557132e+01 1.584850182072575819e+01 -3.000000000000000000e+01 2.551327565939985575e+01 1.943485620432392835e+01 0.000000000000000000e+00 0.000000000000000000e+00 0.000000000000000000e+00 0.000000000000000000e+00 0.000000000000000000e+00
1.225788116268263650e+01 2.757757490307728432e+01 3.000000000000000000e+01 3.000000000000000000e+01 1.035770394406897843e+01 2.546882252429345073e+01 2.898741250768457078e+01 -1.188821154870531771e+01 2.583138886883861929e+01 1.291600741390937168e+00 -1.584985484494770702e+01 -4.691629880993439770e-03 0.000000000000000000e+00 -1.750454936516321425e+01 9.079476410360678984e-02 9.959398693252699886e+00 5.321841437142319720e+00 3.000000000000000000e+01 2.142888362932193047e+01 8.928328761975567573e+00 0.000000000000000000e+00 0.000000000000000000e+00 0.000000000000000000e+00 0.000000000000000000e+00 0.000000000000000000e+00
-2.879639380142483329e+00 1.593517345142317332e+01 1.718579866363572251e+01 1.884609508090055030e+01 7.246688139374184157e-02 3.084922249095099822e+00 1.270031838647726019e+01 2.452713125672975281e+01 -3.599053942153092933e+00 0.000000000000000000e+00 2.678559726255165074e+01 -9.311770805409901541e+00 -9.134302602642192515e-01 3.000000000000000000e+01 0.000000000000000000e+00 -6.663816982135472244e+00 3.005900940323391612e+00 2.265588417823983747e+01 2.067694847152280957e+01 3.485985372485505440e+00 0.000000000000000000e+00 0.000000000000000000e+00 0.000000000000000000e+00 0.000000000000000000e+00 0.000000000000000000e+00
-1.604721642118851577e+01 3.000000000000000000e+01 1.250119730565814002e+01 -6.037769517373732242e+00 0.000000000000000000e+00 -2.596269114217478191e-01 -1.884672955086329482e+00 8.381079897907227405e+00 -1.838481483497803737e+01 0.000000000000000000e+00 2.329311049613968265e+01 -3.000000000000000000e+01 -1.735285752083800759e+01 -2.395544390991179284e+01 0.000000000000000000e+00 -1.669690055064049616e+01 0.000000000000000000e+00 1.384899399468229930e+01 8.262117937790941724e+00 2.121725733868731404e-06 0.000000000000000000e+00 0.000000000000000000e+00 0.000000000000000000e+00 0.000000000000000000e+00 0.000000000000000000e+00
1.326843333339118303e+01 2.741263791829641860e+01 1.020748249499822125e-01 -1.947687567870140057e+01 0.000000000000000000e+00 -1.822756094370878799e+01 -1.622075043518558957e+01 9.144906073175842920e+00 2.574872651568521675e+01 0.000000000000000000e+00 1.598217965946657593e+01 3.000000000000000000e+01 -2.929557658092376826e+01 3.000000000000000000e+01 0.000000000000000000e+00 -2.216200325002973770e+01 0.000000000000000000e+00 1.280646577813644171e+01 2.218174866826471803e+00 0.000000000000000000e+00 0.000000000000000000e+00 0.000000000000000000e+00 0.000000000000000000e+00 0.000000000000000000e+00 0.000000000000000000e+00
-6.163300460427653782e+00 6.000053612629472788e+00 1.647342951570002612e+01 2.960693054903134680e+01 0.000000000000000000e+00 -3.000000000000000000e+01 2.936669968169558587e+01 -1.099405249119562100e+01 1.813403843026799223e+01 0.000000000000000000e+00 9.081164662443275137e-01 1.625450642790591971e+01 3.000000000000000000e+01 2.063069418909492470e+01 0.000000000000000000e+00 2.602425598462005496e+01 0.000000000000000000e+00 7.549225008290234129e+00 7.072314382730418014e-01 0.000000000000000000e+00 0.000000000000000000e+00 0.000000000000000000e+00 0.000000000000000000e+00 0.000000000000000000e+00 0.000000000000000000e+00
-7.231601853956848736e+00 1.953639894031029001e-01 -4.723081359085500530e+00 2.097056484362088469e+01 0.000000000000000000e+00 2.436920606657111321e+01 1.902983825129372519e+01 2.472823775931272294e+01 6.224811472227104403e+00 0.000000000000000000e+00 -6.828676741411245921e+00 5.118351384319979047e+00 2.206612277418448187e+01 1.542185529215097617e+01 0.000000000000000000e+00 1.817951130365104717e+01 0.000000000000000000e+00 1.940824852245114918e-01 -5.883130649045889005e-01 0.000000000000000000e+00 0.000000000000000000e+00 0.000000000000000000e+00 0.000000000000000000e+00 0.000000000000000000e+00 0.000000000000000000e+00
-2.610669980086339592e+01 -9.566494579852564684e+00 6.050077273783831977e+00 1.617478526669057715e+01 0.000000000000000000e+00 1.491868972210970234e+01 1.668732589111186604e+00 1.655034338575515918e+01 2.401488980941958050e-04 0.000000000000000000e+00 -7.314945499843507726e+00 1.523768238929825358e+01 2.028224819355370556e+01 4.501157325633738382e-01 0.000000000000000000e+00 1.261931597908466962e+01 -4.141044705510010360e+00 0.000000000000000000e+00 -9.143174098729090815e+00 0.000000000000000000e+00 0.000000000000000000e+00 0.000000000000000000e+00 0.000000000000000000e+00 0.000000000000000000e+00 0.000000000000000000e+00
-2.231756970378337357e+01 -2.196265383542407434e+01 -5.956552724457079506e+00 7.306703370573897516e+00 0.000000000000000000e+00 1.033666759928510004e+01 1.665411550109870120e+01 -8.039835741986658846e+00 -1.571499918163506537e+00 0.000000000000000000e+00 2.015130642787372750e+01 -8.801636734862604561e-01 -3.423190191782440328e-01 0.000000000000000000e+00 0.000000000000000000e+00 1.038801090681984451e-01 -1.787923033353490965e+01 -1.267204798438527957e+00 -2.124216061764377628e+01 0.000000000000000000e+00 0.000000000000000000e+00 0.000000000000000000e+00 0.000000000000000000e+00 0.000000000000000000e+00 0.000000000000000000e+00
-2.285051136259563265e+01 -2.134491344240682409e+01 -1.990488059148096411e+01 0.000000000000000000e+00 0.000000000000000000e+00 -1.728386211547154971e+01 -2.386184653629900154e+01 2.949842423368594879e+01 -1.205050882536476742e+01 0.000000000000000000e+00 3.508030107992679003e+00 2.492691391904933340e+01 -2.044661202686862111e+01 0.000000000000000000e+00 0.000000000000000000e+00 -7.667401810486871305e+00 3.000000000000000000e+01 -1.184491959171060316e+01 3.000000000000000000e+01 0.000000000000000000e+00 0.000000000000000000e+00 0.000000000000000000e+00 0.000000000000000000e+00 0.000000000000000000e+00 0.000000000000000000e+00
2.728684639535099166e+01 2.784268251538195571e+01 3.000000000000000000e+01 -2.254383364696439962e+00 0.000000000000000000e+00 2.015338904608489301e+01 1.918737759091454365e+01 1.030723767435759797e+01 -1.050208339043367900e+01 0.000000000000000000e+00 -2.359796653402338507e+01 6.525293153644305733e+00 2.198379067005408771e+01 0.000000000000000000e+00 0.000000000000000000e+00 -1.971894374261509597e+01 1.488515226835973237e+01 -2.290789164451642534e+01 2.480395179000386463e+01 0.000000000000000000e+00 -5.798359909378053345e+00 0.000000000000000000e+00 0.000000000000000000e+00 0.000000000000000000e+00 0.000000000000000000e+00
1.478749674916783263e+01 1.696354302550674120e+01 1.984308417155880733e+01 -9.796412270290145941e+00 0.000000000000000000e+00 1.487386994208587154e+01 2.310038208768651202e+01 -5.669624307995799195e-02 -1.296728307545083503e+01 0.000000000000000000e+00 -9.256290383885339423e+00 -1.955179360501854902e+01 2.350303336940608112e+00 0.000000000000000000e+00 0.000000000000000000e+00 3.000000000000000000e+01 -7.569853803396555669e+00 2.633853100589617924e+01 1.669672284687673525e+01 0.000000000000000000e+00 -1.099843518192995084e+01 0.000000000000000000e+00 0.000000000000000000e+00 -6.175184197159062959e-04 0.000000000000000000e+00
-1.351390576385474240e+01 -1.319958400275918597e+00 4.386385340148948764e+00 -1.482322721054307557e+01 0.000000000000000000e+00 7.718346187671786929e+00 2.015180458269311359e+00 -6.697656600289838558e+00 -2.891989553882279296e+01 0.000000000000000000e+00 -2.927849861856715918e+01 7.580087390204665709e+00 -5.106869043774929118e+00 -1.103021080567120754e-01 0.000000000000000000e+00 -2.632354309515549495e+00 -3.000000000000000000e+01 -2.003316675209424957e+01 2.247312858901855837e+00 0.000000000000000000e+00 -1.567672742184914014e+01 0.000000000000000000e+00 -2.120271044904399604e-03 -4.618190550112943882e+00 0.000000000000000000e+00
2.820644977451050295e+01 -1.351381072043342257e+01 -3.659778519677295172e+00 -1.802580584472802272e+01 0.000000000000000000e+00 2.355156027289107890e+00 -1.016122714158324314e+01 -1.493065689842998722e+01 -2.887337377790619186e+01 0.000000000000000000e+00 -1.821457776061384237e+01 -1.620583069936685661e+01 -1.862834419042502887e+01 -5.961602210893204301e+00 0.000000000000000000e+00 -3.000000000000000000e+01 -2.999999999999999289e+01 -1.735572176246324005e+01 0.000000000000000000e+00 0.000000000000000000e+00 -1.730634818597249591e+01 -7.196414481581063782e+00 -2.731263490679943562e+00 -7.280457187626174331e+00 0.000000000000000000e+00
-1.250053440627838341e+01 -2.625503770833428163e+01 -1.386785326634024962e+01 -2.718850265840633540e+01 0.000000000000000000e+00 -1.096555202828445985e+01 -1.861295983263227427e+01 3.000000000000000000e+01 6.174104632793409486e+00 0.000000000000000000e+00 3.000000000000000000e+01 -1.406279652575007866e+01 -2.861600592307342694e+01 -2.153935691544651831e+01 0.000000000000000000e+00 -2.995872247019817181e+01 -3.000000000000000000e+01 -2.936251519395584353e+01 -3.925308510833126263e+00 0.000000000000000000e+00 -1.805947696612029318e+01 -2.261005167509732772e+01 -1.687008052429877836e+01 -1.818584357083429737e+01 0.000000000000000000e+00
-2.161867739317916559e+01 -2.999999999999999645e+01 -2.829225183194962057e+01 -2.999999999999999645e+01 0.000000000000000000e+00 -1.802404330986163927e+01 -2.999999999999999645e+01 2.100418528436492238e+01 3.000000000000000000e+01 0.000000000000000000e+00 2.275633079037257644e+01 -3.000000000000000000e+01 3.000000000000000000e+01 -1.485705479292785647e+01 0.000000000000000000e+00 3.000000000000000000e+01 3.000000000000000000e+01 -2.180728268797227543e+01 -1.173246000271440792e+01 0.000000000000000000e+00 -2.283329893176460601e+01 -2.999999999999999645e+01 -2.811711305791206428e+01 -3.000000000000000000e+01 0.000000000000000000e+00
3.000000000000000000e+01 3.000000000000000000e+01 3.000000000000000000e+01 3.000000000000000000e+01 0.000000000000000000e+00 -3.000000000000000000e+01 3.000000000000000000e+01 9.503338525277266413e+00 2.692205097568726657e+01 0.000000000000000000e+00 7.740040481598293276e+00 3.000000000000000000e+01 2.349858437684359558e+01 -1.837884170111603410e+01 0.000000000000000000e+00 2.252453307406186767e+01 1.821841630988346594e+01 3.000000000000000000e+01 -1.933785972003222398e+01 0.000000000000000000e+00 3.000000000000000000e+01 3.000000000000000000e+01 3.000000000000000000e+01 3.000000000000000000e+01 0.000000000000000000e+00
2.056893741476227078e+01 2.843764304096597328e+01 2.111823567525110690e+01 2.999999997779152139e+01 0.000000000000000000e+00 3.000000000000000000e+01 2.927717850521765186e+01 2.617760714247471032e+00 1.738475146664205084e+01 0.000000000000000000e+00 3.031862405576740693e-01 2.413110745533149526e+01 3.972399853558472138e+00 -2.136050363169274391e+01 0.000000000000000000e+00 1.912325332767028030e+01 1.219367864450454642e+00 2.428998239799492964e+01 -2.401670846737478016e+01 0.000000000000000000e+00 2.235158767980249550e+01 2.658819276516111785e+01 2.119027338517269143e+01 2.984608069911775630e+01 0.000000000000000000e+00
1.657885629356960777e+01 1.766734956143354651e+01 3.285684822032756358e+00 2.174224960954827779e+01 0.000000000000000000e+00 2.971681812849978499e+01 3.000000000000000000e+01 -1.942163265915979986e+00 6.861724959011019642e+00 0.000000000000000000e+00 -1.712909181381456847e+01 1.913880469524495354e+01 0.000000000000000000e+00 -2.837522297040261776e+01 0.000000000000000000e+00 1.155588821606116312e+01 0.000000000000000000e+00 5.644044154494446630e+00 3.000000000000000000e+01 0.000000000000000000e+00 -1.193389989624802716e+01 2.999999999999999645e+01 1.181286024219742892e+01 1.980998199322146647e+01 0.000000000000000000e+00
1.131650539143466716e+01 1.693084933627149180e+00 4.556316653062584404e-03 1.185910424952978026e+01 0.000000000000000000e+00 2.846011290206790889e+01 2.583202688351095588e+01 -1.720889712512965275e+01 3.110244238588921739e+00 0.000000000000000000e+00 1.783821126074131058e+01 7.319051154294870187e+00 -2.156050710733774418e-03 3.000000000000000000e+01 0.000000000000000000e+00 2.084451518865649078e+01 -6.790273391879080300e+00 2.654534435050948105e-01 2.329306918771674262e+01 0.000000000000000000e+00 3.000000000000000000e+01 2.706082596554130859e+01 7.111304716615055588e-01 1.156493937093885549e+01 0.000000000000000000e+00
7.499311057118128732e-01 0.000000000000000000e+00 0.000000000000000000e+00 9.571368279290741299e+00 0.000000000000000000e+00 2.306284109331591026e+01 4.333806768561962453e-01 3.000000000000000000e+01 2.272851048580038641e-02 0.000000000000000000e+00 -9.750330737034152762e+00 -8.557745145118873964e+00 -4.327790086814093051e+00 2.835792170022273950e+01 0.000000000000000000e+00 5.261907799390055374e-01 2.008675492819933694e+01 0.000000000000000000e+00 9.527121624746834883e+00 0.000000000000000000e+00 2.112520349872551151e+01 3.616500092632881191e+00 -2.121215741958356915e+01 2.161368053527948252e+00 0.000000000000000000e+00
0.000000000000000000e+00 0.000000000000000000e+00 0.000000000000000000e+00 3.539024101596263350e+00 0.000000000000000000e+00 -2.452805973900369363e+00 -1.241753643397155216e+01 3.000000000000000000e+01 0.000000000000000000e+00 0.000000000000000000e+00 2.819340549106528115e+01 2.277515256971837587e+01 3.000000000000000000e+01 1.721976284313701200e+01 0.000000000000000000e+00 -1.463984934228372836e+01 2.654311782364867423e+00 -2.639679572121417461e+00 8.548354664801296465e+00 0.000000000000000000e+00 9.161962792118702126e+00 -2.142831819483089717e+01 3.000000000000000000e+01 -9.249339569127920102e-01 0.000000000000000000e+00
0.000000000000000000e+00 0.000000000000000000e+00 0.000000000000000000e+00 0.000000000000000000e+00 0.000000000000000000e+00 -1.787110199481648820e+01 -2.282465124762376263e+01 2.467658840484648408e+01 0.000000000000000000e+00 0.000000000000000000e+00 1.530562357233405102e+01 -8.938071595495449273e+00 1.118624710662806265e+01 1.040062610933072307e+01 0.000000000000000000e+00 2.616554478598520816e+01 -6.033718310456106515e+00 -2.078592482543006881e+01 8.614674406376488999e-03 0.000000000000000000e+00 1.180874118413195006e+01 3.000000000000000000e+01 3.000000000000000000e+01 -1.387949567600631973e+01 0.000000000000000000e+00
0.000000000000000000e+00 0.000000000000000000e+00 0.000000000000000000e+00 0.000000000000000000e+00 0.000000000000000000e+00 -2.285365680261167043e+01 2.886185867079581158e+01 8.856805216027744621e+00 -3.129325097500712083e+00 0.000000000000000000e+00 -4.185218121677038994e+00 2.464312693627432882e+00 -2.091793530218316377e+01 1.304146264795755172e+01 0.000000000000000000e+00 -6.762050320949761772e-01 -8.007110597705612065e+00 3.000000000000000000e+01 0.000000000000000000e+00 0.000000000000000000e+00 -4.721612229397366356e+00 2.026115799437352649e+01 2.179698849196105215e+01 -1.978221492109219426e+01 0.000000000000000000e+00
0.000000000000000000e+00 0.000000000000000000e+00 0.000000000000000000e+00 0.000000000000000000e+00 0.000000000000000000e+00 2.638654152720601331e+01 1.688262024693631957e+01 1.631107508406262965e-02 -1.211483251898686753e+01 0.000000000000000000e+00 -2.616462548207269023e+01 -1.232463741658244061e+01 3.000000000000000000e+01 6.176338050239215116e-01 0.000000000000000000e+00 -1.632758775201676826e+01 3.000000000000000000e+01 2.168940672646169077e+01 -8.083118890824688568e-03 0.000000000000000000e+00 -1.077087640927996937e+01 6.867656954989142193e+00 1.949902360258716882e+01 8.848445140818999022e+00 0.000000000000000000e+00
0.000000000000000000e+00 0.000000000000000000e+00 0.000000000000000000e+00 0.000000000000000000e+00 0.000000000000000000e+00 1.935208700176405827e+01 1.665494117128895368e+01 0.000000000000000000e+00 -1.939813251449546527e+01 0.000000000000000000e+00 2.873192681806561311e+01 -2.674179101196954633e+01 1.583687833525235966e+01 -1.971578997150355648e-03 0.000000000000000000e+00 -1.999552369234118387e+01 1.837607407206301247e+01 -3.903277703886237848e+00 -6.061212945948660114e+00 0.000000000000000000e+00 -3.000000000000000000e+01 7.403201873519575926e-01 1.771808259610027037e+01 2.276692067731398339e+01 0.000000000000000000e+00
0.000000000000000000e+00 0.000000000000000000e+00 0.000000000000000000e+00 0.000000000000000000e+00 0.000000000000000000e+00 1.169130002286081549e+01 2.677804765809726373e+00 0.000000000000000000e+00 -3.000000000000000000e+01 0.000000000000000000e+00 2.023036455507063280e+01 3.000000000000000000e+01 -9.069604117639546104e+00 -7.240613118101302703e+00 0.000000000000000000e+00 2.562929556566553657e+01 1.907579742122733890e+01 1.313974552700217124e+01 -1.923890538531269812e+01 0.000000000000000000e+00 3.000000000000000000e+01 -1.050975855452619712e+01 -1.719459594274977832e+01 1.630944764412919312e+01 0.000000000000000000e+00
0.000000000000000000e+00 0.000000000000000000e+00 0.000000000000000000e+00 0.000000000000000000e+00 0.000000000000000000e+00 4.852051587436653768e-02 0.000000000000000000e+00 0.000000000000000000e+00 2.538133866012400475e+01 0.000000000000000000e+00 3.498704742164155501e+00 1.695299568439196847e+01 2.838259622358430079e+01 -1.651104924987685507e+01 0.000000000000000000e+00 2.246370949618692237e+01 -3.976597534206889328e+00 -1.672353289507545071e+01 2.421623355267313116e+01 0.000000000000000000e+00 3.000000000000000000e+01 -1.969446538794962365e+01 2.313578452003878638e+01 7.064027945811468534e+00 0.000000000000000000e+00
0.000000000000000000e+00 0.000000000000000000e+00 0.000000000000000000e+00 0.000000000000000000e+00 0.000000000000000000e+00 -1.303295218269725719e+00 0.000000000000000000e+00 0.000000000000000000e+00 1.805395220688005509e+01 0.000000000000000000e+00 -2.011111271416684687e+01 -2.080643501843489318e+01 1.196889519067289953e+01 -2.642555746394116412e+01 0.000000000000000000e+00 1.187593315815241635e+00 -2.556541764152444163e+00 1.674132302339661393e+01 3.486442776454900638e+00 0.000000000000000000e+00 3.000000000000000000e+01 1.716269346435363374e+01 -1.724710861780101023e+00 -8.953271692174320506e+00 0.000000000000000000e+00
0.000000000000000000e+00 0.000000000000000000e+00 0.000000000000000000e+00 0.000000000000000000e+00 0.000000000000000000e+00 -8.228005796490458934e+00 0.000000000000000000e+00 -1.901441994454494411e-01 8.667162691674542785e+00 0.000000000000000000e+00 1.858861938376035638e+01 2.141409331152614115e+01 2.312278849107908627e-03 2.442794442898360785e+01 0.000000000000000000e+00 -1.974939107683871242e+01 -1.551694356800376973e+01 6.469089732905919377e+00 -2.124056602141945049e+01 0.000000000000000000e+00 2.244729244754454456e+01 -1.802821039155881211e+00 1.605395384350804022e+01 -4.041224310916611273e+00 -2.742847838647836323e+00
0.000000000000000000e+00 0.000000000000000000e+00 0.000000000000000000e+00 0.000000000000000000e+00 0.000000000000000000e+00 -2.000889413931437133e+01 -1.797668480488704867e+00 -4.489508536398462368e+00 -1.164130470179109311e+00 -1.883012244725610129e+00 -3.188075510313637118e+00 6.580228096964020779e+00 -1.569243157361792027e-02 -1.190801499229102056e+01 -2.989541773938290264e-02 9.729823660218190895e+00 -3.985209057026705359e+00 -6.215940730189858598e+00 -8.004645335929922112e+00 -4.501699211477803325e-04 -1.667807170581192322e+00 -2.211386416613713823e+00 1.458404950714560400e+01 6.677981334497562038e+00 -1.412770650701622266e+01
0.000000000000000000e+00 0.000000000000000000e+00 0.000000000000000000e+00 0.000000000000000000e+00 0.000000000000000000e+00 -2.117260404909012550e+01 -7.542715510550625169e+00 -1.079020271517612528e+01 -1.265162860847562776e+01 -1.362030465408997237e+01 -1.281275505330377662e+01 -5.726798357534775619e+00 -1.142135509217397171e+01 2.351563544265741257e+01 -4.428297313045447936e+00 8.569687604870415143e+00 3.000000000000000000e+01 -1.741126674968404942e+01 2.999999758172979369e+01 -9.000800850562988842e+00 -2.194922302932729608e+01 -1.365059724065322300e+01 -4.158350346389430463e+00 -2.491843062273326126e+01 -1.552843483494461907e+01
0.000000000000000000e+00 0.000000000000000000e+00 0.000000000000000000e+00 0.000000000000000000e+00 0.000000000000000000e+00 -1.679630134027076238e+01 -2.283569564540938757e+01 -2.210564981193810041e+01 -2.346584514593161330e+01 -2.137472847877540616e+01 -2.288914195757396897e+01 -1.401076263837886771e+01 -2.563231725015482709e+01 -8.910913800644870264e+00 -2.464423835230851267e+01 -2.903380182547281052e+01 1.245088771894464230e+01 -1.710432507700747351e+01 -3.087998375681244134e+00 -2.822180516889985213e+01 -1.696263502868283624e+01 -1.966214664058950490e+01 -1.910703782271205498e+01 -1.615134106541808379e+01 -1.802452098002431669e+01
0.000000000000000000e+00 0.000000000000000000e+00 0.000000000000000000e+00 0.000000000000000000e+00 0.000000000000000000e+00 -2.438673215754165113e+01 -2.463320075731290260e+01 -2.772736020145592661e+01 -2.602483424374672083e+01 -3.000000000000000000e+01 -2.825268513245771373e+01 -2.287472367613841584e+01 -2.626754533450947449e+01 -1.915950084381803720e+01 -2.706987827625305698e+01 -2.924585436934641081e+01 2.505647430474279602e+01 3.000000000000000000e+01 2.281407128125439954e+01 -3.000000000000000000e+01 -2.253078357445911450e+01 3.000000000000000000e+01 -1.988986792667472869e+01 2.999999999999999645e+01 -2.307624317297881689e+01
