# yaw
0.000000000000000000e+00 0.000000000000000000e+00 0.000000000000000000e+00 0.000000000000000000e+00 0.000000000000000000e+00 2.999999999999999645e+01 -8.732130287796316281e+00 -1.499796364041455377e+01 3.475850261410212472e+00 3.000000000000000000e+01 3.000000000000000000e+01 2.229609944817230627e+01 2.648678883173079157e+01 4.921856713203298206e+00 3.000000000000000000e+01 3.000000000000000000e+01 5.383911933338056066e+00 1.019015246353501247e+01 1.469863816236663823e+01 2.999999999999999645e+01 2.908450228718175978e+01 3.000000000000000000e+01 3.000000000000000000e+01 3.000000000000000000e+01 2.999999999999999645e+01
0.000000000000000000e+00 0.000000000000000000e+00 0.000000000000000000e+00 0.000000000000000000e+00 0.000000000000000000e+00 3.000000000000000000e+01 -3.349564664389245827e+00 -1.947834791093191598e+01 1.642365020829501887e+01 2.529202334281360010e+01 2.070928497571047089e+01 5.796871591138136992e+00 7.612477320005943682e+00 0.000000000000000000e+00 1.727966540927276640e+01 2.184303611573205472e+01 -1.411008863439283889e+00 6.443691902098638291e-01 1.057992716724086968e+01 2.905943582978402517e+01 1.687636698344833164e+01 1.011133622734623216e+01 1.971631437800503761e+01 3.000000000000000000e+01 2.234251377095598912e+01
0.000000000000000000e+00 0.000000000000000000e+00 0.000000000000000000e+00 0.000000000000000000e+00 0.000000000000000000e+00 2.007284288325080723e+01 6.443656076276671918e+00 -6.305507612940438378e+00 1.503730664892716362e+01 1.658481506579043696e+01 6.339035917196857994e+00 8.075542829993809962e-05 5.503008593749745755e-03 0.000000000000000000e+00 2.487107918393937300e+00 5.476362785872036731e+00 -2.668636691949321715e+01 -1.314257214062383738e+01 -2.612748927735229820e+00 3.000000000000000000e+01 1.339732882679216175e+01 -2.444848375522608208e+01 -9.829924370772134878e+00 2.648384693850299509e+00 2.975818301708308766e+01
0.000000000000000000e+00 0.000000000000000000e+00 0.000000000000000000e+00 0.000000000000000000e+00 0.000000000000000000e+00 2.021471223172146026e+01 1.896430179181865228e+01 3.000000000000000000e+01 5.089738757812159342e+00 7.066967737995069498e+00 2.035746650667802804e+00 -1.304112707235821900e-01 0.000000000000000000e+00 0.000000000000000000e+00 -1.574058335404299491e+01 0.000000000000000000e+00 1.073266509402040114e+01 -2.079855314016015200e+00 -2.346298973830646162e+01 2.071427033268313878e+01 8.544559290327612189e+00 2.991553367251500006e+01 2.870012285493361048e+01 3.000000000000000000e+01 8.706428363607622956e+00
0.000000000000000000e+00 0.000000000000000000e+00 0.000000000000000000e+00 0.000000000000000000e+00 0.000000000000000000e+00 7.902656770601394598e+00 1.449243265455539920e+01 2.919148150614584125e+01 2.323852421966387638e+00 -9.315132437370479579e+00 0.000000000000000000e+00 -1.608697161797570985e+01 -6.213441894732855131e-01 -4.156434808417698967e+00 -1.021432925539974512e+01 0.000000000000000000e+00 3.000000000000000000e+01 1.296751609872010746e+01 9.580391789350203524e+00 4.822822814116844992e-01 3.866377523948561490e-01 1.504027237249956173e+01 1.524120003531954914e+01 2.230447631904018380e+01 -2.386534831444331761e+00
0.000000000000000000e+00 0.000000000000000000e+00 0.000000000000000000e+00 0.000000000000000000e+00 0.000000000000000000e+00 1.250671234867025694e-01 6.094575140598117891e+00 9.383277943914270836e+00 0.000000000000000000e+00 -1.518698779343183247e+01 0.000000000000000000e+00 -1.531597613920319390e+01 -2.905401149390846172e+01 -2.434807203480415794e+01 2.117341802717098886e+01 0.000000000000000000e+00 2.643572424081688155e+01 -1.433363862460952198e+01 -4.347632751268084128e+00 -2.534525225231859302e+00 0.000000000000000000e+00 1.687639847211272359e+00 3.954466081742805006e+00 2.649610431233986763e+00 5.194680159585157497e+00
0.000000000000000000e+00 0.000000000000000000e+00 0.000000000000000000e+00 0.000000000000000000e+00 0.000000000000000000e+00 0.000000000000000000e+00 2.445430760208650245e+00 1.674676422619651461e+01 0.000000000000000000e+00 -4.349394523841519700e+00 0.000000000000000000e+00 1.122847589681007463e+01 -1.115744436110986726e+01 8.128830306917871340e+00 2.705247760663012713e+01 0.000000000000000000e+00 1.804590123240974364e+01 2.190290251708953750e+00 -1.649012023033160901e+01 -1.613725991273620863e+01 0.000000000000000000e+00 -1.482934857602751144e+01 1.658917981308928802e+01 2.801049037638407668e+01 3.905719844394728302e+00
0.000000000000000000e+00 0.000000000000000000e+00 0.000000000000000000e+00 0.000000000000000000e+00 0.000000000000000000e+00 0.000000000000000000e+00 -1.029306094883385869e+00 1.239420752591151853e+01 0.000000000000000000e+00 2.236433768643445319e+01 0.000000000000000000e+00 2.814547833044947822e+01 3.000000000000000000e+01 2.293011938494581159e+01 -5.057732223734609178e+00 0.000000000000000000e+00 0.000000000000000000e+00 3.000000000000000000e+01 3.000000000000000000e+01 3.000000000000000000e+01 0.000000000000000000e+00 -1.899827773537180420e+01 -3.247660370690904852e+00 2.111058292197937281e+00 -3.809104640686275633e+00
0.000000000000000000e+00 0.000000000000000000e+00 0.000000000000000000e+00 0.000000000000000000e+00 0.000000000000000000e+00 0.000000000000000000e+00 -5.480060698708840924e-03 4.875515753059560947e-02 0.000000000000000000e+00 1.887017326533474559e+01 0.000000000000000000e+00 2.037719327951531767e+01 1.565488944339977628e+01 8.274132259664753519e+00 -3.263823115344293146e+00 0.000000000000000000e+00 0.000000000000000000e+00 7.873503410085339382e+00 2.143355814649796187e+01 2.757960674924840561e+01 0.000000000000000000e+00 2.040299599188609925e+00 1.987248797439386294e+01 -3.912681377763546742e+00 -1.470134620584154383e+01
0.000000000000000000e+00 0.000000000000000000e+00 0.000000000000000000e+00 0.000000000000000000e+00 0.000000000000000000e+00 0.000000000000000000e+00 -4.310077503971847968e+00 0.000000000000000000e+00 -8.055264113226462408e-01 4.853805119979515581e+00 0.000000000000000000e+00 6.995414059052129652e+00 2.556444092273100921e+01 1.156806570294168246e+01 1.535902069827005256e+01 0.000000000000000000e+00 0.000000000000000000e+00 -2.163885130911353372e+01 -7.355677500974914240e-01 1.412986851574936509e+01 0.000000000000000000e+00 2.502997107261129628e+01 1.672975636716593772e+00 2.304217956011820689e+01 -2.674472429679799745e+01
0.000000000000000000e+00 0.000000000000000000e+00 0.000000000000000000e+00 0.000000000000000000e+00 0.000000000000000000e+00 0.000000000000000000e+00 -1.632791193091085447e+01 -2.444475339429226235e+00 -1.535783201303694767e+01 -8.980577286503550027e+00 0.000000000000000000e+00 -1.659836155613554978e-02 -7.747151185461110812e-01 -3.543918316648863698e+00 1.157150203157453916e+01 0.000000000000000000e+00 -2.842206881425810711e-03 7.997134754412824620e+00 1.583310028003896974e-01 5.807682527879952872e+00 0.000000000000000000e+00 1.570599995911594249e+01 -9.227704648550094646e+00 -4.016486960609196188e+00 -2.365348034902567420e+01
0.000000000000000000e+00 0.000000000000000000e+00 0.000000000000000000e+00 0.000000000000000000e+00 0.000000000000000000e+00 0.000000000000000000e+00 -2.633235423625197669e+01 -1.490114230169476350e+01 -2.494608622682949317e+01 -1.318975032409407433e+01 0.000000000000000000e+00 -6.118142299708470233e+00 9.810513087791631337e-01 2.270717879639889603e+01 -1.229678825996389779e+00 0.000000000000000000e+00 -4.395958343120363487e+00 2.887971740962112007e-03 -1.481365404660347806e+01 -2.229611114362257140e+01 0.000000000000000000e+00 5.845515777766601140e+00 -1.801610048659845020e+01 -1.493914832647386604e+01 -2.475156597483969279e+01
0.000000000000000000e+00 0.000000000000000000e+00 0.000000000000000000e+00 0.000000000000000000e+00 -2.623464386949255545e+00 0.000000000000000000e+00 2.913865926179968469e+01 -2.440845297676283820e+01 2.450323387338174896e+01 -2.287207050496003902e+01 0.000000000000000000e+00 -1.285121031316586127e+01 8.469173920266623412e+00 -2.071138788898643779e-01 -2.080341339856702731e+01 0.000000000000000000e+00 -1.675439847008390970e+01 0.000000000000000000e+00 1.899020741496657294e+01 1.598657479754595734e+01 0.000000000000000000e+00 0.000000000000000000e+00 -1.982365577580158700e+01 -2.234177298840567616e+01 2.317234773326690700e+01
0.000000000000000000e+00 0.000000000000000000e+00 0.000000000000000000e+00 0.000000000000000000e+00 -6.704881985554435708e+00 0.000000000000000000e+00 1.934136029056665151e+01 2.504210679927322758e+01 1.431737286153682120e+01 3.000000000000000000e+01 0.000000000000000000e+00 -2.774141436293804475e+01 3.284046411704711646e-06 2.494600377581794248e+01 -1.791073158246169417e+00 0.000000000000000000e+00 -8.183918999049106802e+00 0.000000000000000000e+00 5.028852586096504984e-01 -3.940994782987417455e+00 0.000000000000000000e+00 -5.715895738495171408e+00 2.484592919299866054e+01 2.673223806227525046e+01 1.609896237929744700e+01
0.000000000000000000e+00 -9.638632731276601806e-01 -1.832217053214704044e-04 0.000000000000000000e+00 -1.201929401755391780e+01 0.000000000000000000e+00 3.636569222798601508e+00 -1.489830273503118363e+01 -1.299680531444868947e+01 -1.604464784484713746e+01 0.000000000000000000e+00 -2.411430688160801861e+00 -5.404447172359301277e+00 -1.434816563639583764e+00 -1.375387894532410088e-02 0.000000000000000000e+00 -1.378776503530106723e+01 -4.507165478996883579e+00 0.000000000000000000e+00 8.091761395022961878e+00 0.000000000000000000e+00 -1.699270214681238400e+01 4.437789149524638432e+00 3.159827525714410168e+00 1.494172983207268324e+00
0.000000000000000000e+00 -5.052610338960800362e+00 -6.109172175863493592e+00 -3.641935279621979049e+00 -1.028793448018471857e+01 0.000000000000000000e+00 -7.053110133179096408e+00 1.453321592900128501e+01 3.000000000000000000e+01 3.000000000000000000e+01 0.000000000000000000e+00 2.361302294846482042e+01 -2.183490123586800635e+01 -1.686441607309223656e+01 -1.656030976507635089e+01 0.000000000000000000e+00 -1.133607537014827749e+01 -1.462301888358755342e+01 -2.651562807668355615e-01 -5.425801387945281107e+00 0.000000000000000000e+00 -1.826816412940659262e+01 -2.358902460816909574e+00 2.433373346543169502e-01 -1.766808591286452312e+01
0.000000000000000000e+00 -1.820221523099807115e+01 -1.198080648702156736e+01 -2.325435862668816256e+01 -9.435033156029733803e+00 0.000000000000000000e+00 -1.609570688421332463e+01 -1.358486674156631047e+01 -1.134922707508455630e+01 3.000000000000000000e+01 0.000000000000000000e+00 1.525046991267747742e+01 3.000000000000000000e+01 -1.972571341700196967e+01 3.000000000000000000e+01 0.000000000000000000e+00 7.881443400035241797e-01 -2.423558882083236199e+01 -9.077616722294434837e+00 -1.591331380518203886e+01 0.000000000000000000e+00 -2.273918214933772930e+01 -1.134787752026339902e+01 -2.479403734963118566e+01 -4.995934016784998599e-01
0.000000000000000000e+00 -2.542544663619917600e+01 -2.224113617646018071e+01 -2.805184709143945554e+01 -1.943088718357508426e+01 0.000000000000000000e+00 -1.660568200996641508e+01 -2.011948611857831182e+01 3.000000000000000000e+01 2.537248163022785974e+01 0.000000000000000000e+00 2.177610314619373000e+01 2.232373589953206405e+01 3.000000000000000000e+01 1.839027122283299320e+01 0.000000000000000000e+00 1.085348262194561642e+01 2.903243367165492828e+01 -2.758288264614864360e+01 -2.165366202032833698e+01 0.000000000000000000e+00 -1.689490528476428466e+01 -2.236567925757745812e+01 -2.230418881192444758e+01 -1.846030288645666317e+01
0.000000000000000000e+00 2.999999999999999645e+01 3.000000000000000000e+01 3.000000000000000000e+01 3.000000000000000000e+01 0.000000000000000000e+00 1.109481823204161444e+01 3.000000000000000000e+01 1.163326821592528759e+01 1.765066887956997377e+01 0.000000000000000000e+00 3.924214612838353045e+00 1.735252387288123188e+01 2.764565451045874411e+01 6.370302152446650545e+00 0.000000000000000000e+00 1.727593497122608568e+01 2.278773523833694625e+01 2.695836422401288601e+01 3.000000000000000000e+01 0.000000000000000000e+00 3.000000000000000000e+01 3.000000000000000000e+01 3.000000000000000000e+01 3.000000000000000000e+01
0.000000000000000000e+00 2.865534426757318442e+01 1.828976282438533119e+01 2.515601379298826501e+01 1.907647967495551455e+01 0.000000000000000000e+00 1.790090398511974001e+01 2.277045301657450338e+01 1.035959509641918519e+00 1.027279385750179763e+01 0.000000000000000000e+00 0.000000000000000000e+00 8.682403549374283713e+00 1.995486296962669570e+01 4.739807935867201283e-01 0.000000000000000000e+00 1.301334409703417450e+01 1.166325648635657863e+01 1.900591677629203247e+01 3.000000000000000000e+01 0.000000000000000000e+00 2.973703482531733755e+01 1.721966038188377013e+01 2.631484245044982018e+01 1.751527204771359081e+01
0.000000000000000000e+00 2.100375031566733597e+01 8.914661224315469923e+00 3.000000000000000000e+01 -6.106108243503326705e+00 0.000000000000000000e+00 9.894772333404485920e+00 6.024359687338074032e+00 -1.119078962841185287e+01 7.680957550383078924e+00 0.000000000000000000e+00 0.000000000000000000e+00 1.157247093060257900e-02 1.111297042393368528e+01 -1.097050222256001106e+01 0.000000000000000000e+00 6.734755022588099216e+00 -2.005624278907277347e+00 2.941335936511314131e+01 3.000000000000000000e+01 0.000000000000000000e+00 2.103283369362866040e+01 2.792580039031235639e+00 1.288016255536494370e+01 1.368722114081105801e+01
0.000000000000000000e+00 2.324502804263033795e+01 1.277463433332431286e+00 1.401730648871163165e+00 1.055505629837196047e+01 0.000000000000000000e+00 1.479191886945803169e+00 9.147908648962783940e-02 2.438560756744405111e+01 1.869314411603246073e+00 0.000000000000000000e+00 0.000000000000000000e+00 0.000000000000000000e+00 -1.223840173558995481e+01 6.185616615553430897e+00 0.000000000000000000e+00 3.872856882765901787e+00 -9.431670058019356873e+00 1.704335092676572216e+01 1.348127482109406294e+01 0.000000000000000000e+00 8.630625328066624746e+00 6.969537285632342039e-04 1.394280725488404038e-01 1.558972746535844145e+01
0.000000000000000000e+00 -6.041788111776234871e+00 -1.004103324434687750e+01 2.993939826794498771e+00 1.304758182635851860e+01 0.000000000000000000e+00 0.000000000000000000e+00 -2.353477774288334601e+01 -1.060940611514967280e+01 -1.404756183234132116e+01 0.000000000000000000e+00 0.000000000000000000e+00 -1.924623911060743126e-02 -5.391324545799732526e+00 -8.211081174830415108e+00 0.000000000000000000e+00 6.274681964751243138e-04 -2.807198956325871464e+00 -3.814714088110049417e+00 7.021538189503759853e+00 0.000000000000000000e+00 2.310441992443103665e+00 0.000000000000000000e+00 0.000000000000000000e+00 3.913882205886295429e-01
0.000000000000000000e+00 0.000000000000000000e+00 0.000000000000000000e+00 0.000000000000000000e+00 0.000000000000000000e+00 0.000000000000000000e+00 0.000000000000000000e+00 0.000000000000000000e+00 0.000000000000000000e+00 0.000000000000000000e+00 0.000000000000000000e+00 0.000000000000000000e+00 0.000000000000000000e+00 0.000000000000000000e+00 0.000000000000000000e+00 0.000000000000000000e+00 0.000000000000000000e+00 0.000000000000000000e+00 0.000000000000000000e+00 0.000000000000000000e+00 0.000000000000000000e+00 0.000000000000000000e+00 0.000000000000000000e+00 0.000000000000000000e+00 0.000000000000000000e+00
0.000000000000000000e+00 0.000000000000000000e+00 0.000000000000000000e+00 0.000000000000000000e+00 0.000000000000000000e+00 0.000000000000000000e+00 0.000000000000000000e+00 0.000000000000000000e+00 0.000000000000000000e+00 0.000000000000000000e+00 0.000000000000000000e+00 0.000000000000000000e+00 0.000000000000000000e+00 0.000000000000000000e+00 0.000000000000000000e+00 0.000000000000000000e+00 0.000000000000000000e+00 0.000000000000000000e+00 0.000000000000000000e+00 0.000000000000000000e+00 0.000000000000000000e+00 0.000000000000000000e+00 0.000000000000000000e+00 0.000000000000000000e+00 0.000000000000000000e+00
0.000000000000000000e+00 0.000000000000000000e+00 0.000000000000000000e+00 0.000000000000000000e+00 0.000000000000000000e+00 0.000000000000000000e+00 0.000000000000000000e+00 0.000000000000000000e+00 0.000000000000000000e+00 0.000000000000000000e+00 0.000000000000000000e+00 0.000000000000000000e+00 0.000000000000000000e+00 0.000000000000000000e+00 0.000000000000000000e+00 0.000000000000000000e+00 0.000000000000000000e+00 0.000000000000000000e+00 0.000000000000000000e+00 0.000000000000000000e+00 0.000000000000000000e+00 0.000000000000000000e+00 0.000000000000000000e+00 0.000000000000000000e+00 0.000000000000000000e+00
0.000000000000000000e+00 0.000000000000000000e+00 0.000000000000000000e+00 0.000000000000000000e+00 0.000000000000000000e+00 0.000000000000000000e+00 0.000000000000000000e+00 0.000000000000000000e+00 0.000000000000000000e+00 0.000000000000000000e+00 0.000000000000000000e+00 0.000000000000000000e+00 0.000000000000000000e+00 0.000000000000000000e+00 0.000000000000000000e+00 0.000000000000000000e+00 0.000000000000000000e+00 0.000000000000000000e+00 0.000000000000000000e+00 0.000000000000000000e+00 0.000000000000000000e+00 0.000000000000000000e+00 0.000000000000000000e+00 0.000000000000000000e+00 0.000000000000000000e+00
0.000000000000000000e+00 1.874503236140620643e+01 2.154071036129289851e+01 4.636197476258717032e+00 -1.218220951743041525e+01 0.000000000000000000e+00 1.755689110465833735e+01 2.935834190712488301e+00 1.851946470896499619e+01 -2.605738829500487075e+00 0.000000000000000000e+00 -1.702417375492613871e+01 2.786932358880006788e+01 4.108033662613943982e+00 1.374782514316298077e+01 0.000000000000000000e+00 -5.475972507959877333e+00 5.684813208686977787e-02 2.307391684684720090e+01 1.723443719656787110e+01 0.000000000000000000e+00 0.000000000000000000e+00 0.000000000000000000e+00 0.000000000000000000e+00 0.000000000000000000e+00
0.000000000000000000e+00 2.527057741841612248e+00 7.483683696688204767e-01 -1.655927770442395541e+01 3.000000000000000000e+01 0.000000000000000000e+00 1.731664302229533448e+01 1.978048979936814078e+01 2.036254645023116083e+01 3.000000000000000000e+01 0.000000000000000000e+00 -2.187757024083576951e+01 -2.266405260367407859e+00 2.581732251238582876e+01 2.128032259034437956e+01 0.000000000000000000e+00 3.000000000000000000e+01 0.000000000000000000e+00 2.989644515032642905e-02 1.264014092024362768e+01 0.000000000000000000e+00 0.000000000000000000e+00 0.000000000000000000e+00 0.000000000000000000e+00 0.000000000000000000e+00
0.000000000000000000e+00 -1.991225841159570109e+01 -1.117494091773412634e+01 -2.232118345068902343e+01 3.000000000000000000e+01 0.000000000000000000e+00 1.109617179965499911e+00 -1.200015982756320376e+01 -9.300193104152203460e+00 2.784157224543280051e+01 0.000000000000000000e+00 3.000000000000000000e+01 -9.079721166844315405e+00 -6.409890150390846308e+00 8.253855834164658845e+00 0.000000000000000000e+00 2.343603420504205559e+01 0.000000000000000000e+00 0.000000000000000000e+00 7.255365716874348503e-02 0.000000000000000000e+00 0.000000000000000000e+00 0.000000000000000000e+00 0.000000000000000000e+00 0.000000000000000000e+00
-1.388745117520643113e+00 2.440371212911533405e+01 1.349659867290301030e+01 1.442364487840589860e+01 2.446403748302212833e+01 0.000000000000000000e+00 -4.481080785266760569e-01 1.860125190870626000e+01 1.253175433059868560e+01 -1.450155978042706684e+00 0.000000000000000000e+00 2.209849432462483421e+01 1.084506879028212900e+01 2.503301677664690672e+01 -9.217157724352576409e+00 0.000000000000000000e+00 1.275244803667415106e+01 0.000000000000000000e+00 0.000000000000000000e+00 -3.092327560230084815e-01 0.000000000000000000e+00 0.000000000000000000e+00 0.000000000000000000e+00 0.000000000000000000e+00 0.000000000000000000e+00
-6.293775567814391181e+00 1.269471799686230185e+01 1.676586453438283542e+01 9.115106097275221586e+00 2.158491034299836642e+01 0.000000000000000000e+00 -7.721717365969881008e+00 -1.438941642596177140e+01 -1.515942145826653409e+01 -1.934109956910834072e+01 0.000000000000000000e+00 -1.606868574492845525e+01 1.179330373167808942e-02 7.384351398270774247e+00 1.298526495163430283e+01 -7.872038202328117840e-04 3.245674061368262642e+00 0.000000000000000000e+00 0.000000000000000000e+00 -7.514418460642097841e+00 0.000000000000000000e+00 0.000000000000000000e+00 0.000000000000000000e+00 0.000000000000000000e+00 0.000000000000000000e+00
-9.133868750964685645e+00 -7.925593202433702800e+00 4.367483748963937984e+00 -6.113769019971330820e+00 8.485626587268350063e-01 -2.065044650799411574e+00 -9.732029085198339757e+00 -1.029563833403420725e+00 -1.389778112761157702e+00 -4.809625773202582444e+00 0.000000000000000000e+00 -5.184338276620931829e+00 -3.835609589417269927e+00 -6.262071731177874800e-02 4.663078927146772912e-02 -2.109134244776815326e+00 -7.604579768256773502e-03 0.000000000000000000e+00 -1.118627070662785161e-02 -1.358927114642983724e+01 0.000000000000000000e+00 0.000000000000000000e+00 0.000000000000000000e+00 0.000000000000000000e+00 0.000000000000000000e+00
-9.734914368308038135e+00 -2.040326949284946778e+01 6.339514023996325465e-01 -9.608492842767430986e+00 8.868350850087505677e+00 -1.544531983206834802e+01 -3.242307968177442046e+00 -1.532018904067634857e+01 -1.266611135162074930e+01 8.333498305967745878e+00 -1.560871393275823607e-04 -2.565185697381982166e+01 -1.298491359744820173e+01 -1.086440473242845606e+01 -7.695859271349240416e+00 -1.099072029983524246e+01 -4.675967042410618113e+00 -7.970523208844644270e-01 -1.120861652314393941e+00 -1.886032634979897082e+01 0.000000000000000000e+00 0.000000000000000000e+00 0.000000000000000000e+00 0.000000000000000000e+00 0.000000000000000000e+00
-1.209286093614684710e+01 -1.313373853160636884e+01 -6.368873615291340329e+00 -2.638539591417770325e+01 -7.515331515254608519e+00 -2.505426137840478162e+01 -2.459834784539060593e+01 -2.483740919012552695e+01 2.679621105188586583e+01 -1.630828372128952708e+01 -7.229875191739065343e+00 -2.842628813643068852e+01 -1.437560630986111221e+01 -1.877472740131260664e+01 -1.114420218120267414e+01 -1.949224248237480595e+01 -1.479343367239283680e+01 -1.392230959727472772e+01 -7.798477302486030993e+00 -2.711217202322664477e+01 0.000000000000000000e+00 0.000000000000000000e+00 0.000000000000000000e+00 0.000000000000000000e+00 0.000000000000000000e+00
-2.116324257496740202e+01 -3.000000000000000000e+01 -1.709250106114608769e+01 3.000000000000000000e+01 -1.642269880042747587e+01 -2.933885539560406031e+01 1.715586382908657725e+01 2.606939217567154543e+01 1.659712288515514800e+01 -2.645644553835714063e+01 -1.911152531611725891e+01 2.814198267301661716e+01 -2.808409930566088875e+01 -2.978450399292343675e+01 -2.329069249586470036e+01 -2.915224010269335508e+01 -9.000625162631433085e+00 -1.461904932630550924e+01 -1.151713139274337117e+01 -2.454444271485615658e+01 0.000000000000000000e+00 0.000000000000000000e+00 0.000000000000000000e+00 0.000000000000000000e+00 0.000000000000000000e+00
3.000000000000000000e+01 3.000000000000000000e+01 3.000000000000000000e+01 3.000000000000000000e+01 2.794759838047488998e+01 3.000000000000000000e+01 1.058733190664183077e+01 1.276811766643872836e+01 2.096493313650545254e+00 3.000000000000000000e+01 2.874329504267048918e+01 1.052450819560723794e+01 2.349098673904988743e+01 2.871677926044304385e+01 3.000000000000000000e+01 2.974471627269441854e+01 -9.248348368502634642e+00 -1.267004832476094123e+01 -8.545351617811240530e+00 2.966491351687957234e+01 0.000000000000000000e+00 0.000000000000000000e+00 0.000000000000000000e+00 0.000000000000000000e+00 0.000000000000000000e+00
2.028668025002972541e+01 3.000000000000000000e+01 1.951952958600207211e+01 2.679170015451006037e+01 1.496172676129438450e+01 2.559743723316651298e+01 4.325578118885767154e+00 2.936302455366988085e+00 -1.136574329637530800e+00 2.166633412962325878e+01 1.402859819691654764e+01 8.604018641696884601e-03 5.750692472173804859e+00 1.380280862475680337e+01 1.883983855533740837e+01 2.567831370196939034e+01 2.150207981000860524e+00 -1.974672000438328467e+01 -6.548467435396955416e+00 2.734695314476914518e+01 0.000000000000000000e+00 0.000000000000000000e+00 0.000000000000000000e+00 0.000000000000000000e+00 0.000000000000000000e+00
2.380470515754511496e+01 -1.652785848305389393e+01 -5.967363425788105857e+00 3.000000000000000000e+01 1.048676199455769797e+01 2.883706753236744191e+01 -6.981761323694800403e+00 -8.384078712652632603e+00 -1.700720328931323166e+01 5.074240540298099233e+00 2.842309371587941058e+00 0.000000000000000000e+00 3.218641025699213107e-03 3.143545705264529366e-01 7.191538461393514936e+00 1.811890752223014900e+01 1.580246226785215846e+01 -2.471589793025430737e+01 5.864846472804080335e+00 1.499643079101658216e+01 0.000000000000000000e+00 0.000000000000000000e+00 0.000000000000000000e+00 0.000000000000000000e+00 0.000000000000000000e+00
7.727754722995217485e+00 2.783896613543452858e+01 2.674904671211058371e+01 1.802401470053579757e+01 2.040339274850343720e+00 1.764112987334646121e+01 2.195275858234554889e+01 -2.492543140912342281e+01 1.386502111907289425e+01 0.000000000000000000e+00 -1.664693771329069349e+01 0.000000000000000000e+00 0.000000000000000000e+00 -8.133583392001965395e-02 1.344745433127572332e+00 1.124968251036594502e+01 1.155821753956692000e+01 2.824007576995909474e+01 1.331213193701358399e+01 1.688735541300552612e+01 0.000000000000000000e+00 0.000000000000000000e+00 0.000000000000000000e+00 0.000000000000000000e+00 0.000000000000000000e+00
-1.456025743483704948e+00 1.869475199469294679e+01 1.076033604747146910e+01 -2.301315905986504262e+00 0.000000000000000000e+00 3.377745758741357296e-01 8.095086081205415951e+00 1.210003822728366352e+01 -2.044034134441261230e+01 0.000000000000000000e+00 2.735926710819284580e+01 -1.012885082747334353e+00 -1.633661382016177999e-01 -1.570836504509163589e+01 0.000000000000000000e+00 2.386928410632701780e+00 1.402237892867164426e+01 2.539754796006571169e+01 1.285292821421063714e+01 5.249366427451223949e+00 0.000000000000000000e+00 0.000000000000000000e+00 0.000000000000000000e+00 0.000000000000000000e+00 0.000000000000000000e+00
1.702362382007762065e+01 3.000000000000000000e+01 2.298469436424350576e+01 -1.763467085889003627e+01 0.000000000000000000e+00 -4.218702184772300967e+00 -3.492657275922525617e+00 -1.178030927072783562e+01 2.201990430055619541e+01 0.000000000000000000e+00 1.864877690645599273e+01 -1.824317279676781922e+01 -1.336905290912578970e+01 -2.585957058230667016e+01 0.000000000000000000e+00 -6.986547154140386517e+00 5.585378613925318092e+00 1.592570638733136335e+01 7.174798500288828151e+00 1.766367629918235566e-02 0.000000000000000000e+00 0.000000000000000000e+00 0.000000000000000000e+00 0.000000000000000000e+00 0.000000000000000000e+00
5.885788538023410510e+00 2.167230772289657992e+01 1.250227505391358740e+01 -2.361682680492673470e+01 0.000000000000000000e+00 -2.267253969034033290e+01 -1.690141924437646992e+01 3.000000000000000000e+01 1.292378772030436984e+01 0.000000000000000000e+00 8.137575723206525780e+00 3.000000000000000000e+01 -2.627003848870630520e+01 3.000000000000000000e+01 0.000000000000000000e+00 -1.651742975692082993e+01 1.477159754167133715e-02 1.567823984595778164e+01 2.968571445139366549e+00 0.000000000000000000e+00 0.000000000000000000e+00 0.000000000000000000e+00 0.000000000000000000e+00 0.000000000000000000e+00 0.000000000000000000e+00
-4.011245547244143062e+00 4.687301026257885139e-01 -2.709934798757252850e+00 2.445032394424596944e+01 0.000000000000000000e+00 2.783472171266047468e+01 2.738515861512465221e+01 2.242036557479229586e+01 7.528358959732538158e-02 0.000000000000000000e+00 -7.362559142098916709e+00 2.570758787518250088e+01 3.000000000000000000e+01 3.000000000000000000e+01 0.000000000000000000e+00 -2.144266162682916743e+01 0.000000000000000000e+00 9.046658841182130928e+00 1.742086250762785449e+00 0.000000000000000000e+00 0.000000000000000000e+00 0.000000000000000000e+00 0.000000000000000000e+00 0.000000000000000000e+00 0.000000000000000000e+00
-1.008576744494028254e+01 -6.004805881633502374e+00 1.691544337881735771e+01 1.768594239410466074e+01 0.000000000000000000e+00 2.293338549148243644e+01 1.734008636560715999e+01 6.816774512431324595e+00 0.000000000000000000e+00 0.000000000000000000e+00 -4.307351738207511715e+00 8.928140025789060630e+00 2.024198845337626196e+01 1.976205328174432907e+01 0.000000000000000000e+00 2.942668351853104269e+01 0.000000000000000000e+00 1.922589157022112638e-01 -2.415053703464618839e-01 0.000000000000000000e+00 0.000000000000000000e+00 0.000000000000000000e+00 0.000000000000000000e+00 0.000000000000000000e+00 0.000000000000000000e+00
-2.186932004536365781e+01 2.060953072757116900e+01 -2.502069588921358445e-01 9.037895222574993781e+00 0.000000000000000000e+00 9.530723104393587164e+00 -2.590447193209494792e+00 -1.778595407835687325e+01 -8.473122563455951495e-01 0.000000000000000000e+00 1.338020654586634350e+01 -1.704415744922322062e+01 2.243948043140182591e+01 7.956361394418669519e+00 0.000000000000000000e+00 2.229698180828950882e+01 0.000000000000000000e+00 0.000000000000000000e+00 -7.929915107362886850e+00 0.000000000000000000e+00 0.000000000000000000e+00 0.000000000000000000e+00 0.000000000000000000e+00 0.000000000000000000e+00 0.000000000000000000e+00
-1.917593636399708146e+01 -7.018717944645576523e+00 -1.440682406261738890e+01 8.281365550413471261e-04 0.000000000000000000e+00 2.509701999924815574e+00 -1.362860604364330985e+00 1.296106457539497292e+01 -7.664582389121568085e+00 0.000000000000000000e+00 6.461139342506721839e+00 9.643108889935659844e-01 -7.627362001573033401e-02 4.722412975791296340e-03 0.000000000000000000e+00 1.307951795364904335e+01 -9.353920188419769133e+00 -8.971247282795802303e-01 -1.924912788955158760e+01 0.000000000000000000e+00 0.000000000000000000e+00 0.000000000000000000e+00 0.000000000000000000e+00 0.000000000000000000e+00 0.000000000000000000e+00
-2.427301951663959301e+01 -2.032005905799249490e+01 -2.076049746251374728e+01 0.000000000000000000e+00 0.000000000000000000e+00 -2.220142461846014825e+01 1.804142617354493439e+01 3.588447282953416417e-02 -1.390681016481171994e+01 0.000000000000000000e+00 -4.518388990087025547e+00 2.207394304470433610e+01 -1.310439593644388268e+01 -3.513706025505544672e-01 0.000000000000000000e+00 1.031171447764976712e+00 -1.930372726679605577e+01 -1.268510630006575290e+01 -2.821986857307266305e+01 0.000000000000000000e+00 0.000000000000000000e+00 0.000000000000000000e+00 0.000000000000000000e+00 0.000000000000000000e+00 0.000000000000000000e+00
2.642924253939880330e+01 -2.274522930736112869e+01 2.838812189213151527e+01 -2.578558696665895322e+00 0.000000000000000000e+00 9.742739901940373315e+00 2.339671787443403517e+01 0.000000000000000000e+00 -1.061565826601327878e+01 0.000000000000000000e+00 -2.323995968309463578e+01 9.295417112540786952e-01 1.111457007061178359e+01 -6.613309833468622223e+00 0.000000000000000000e+00 -1.037232287585416302e+01 3.000000000000000000e+01 -2.169226385821237102e+01 2.641198353160662649e+01 0.000000000000000000e+00 0.000000000000000000e+00 0.000000000000000000e+00 0.000000000000000000e+00 0.000000000000000000e+00 0.000000000000000000e+00
1.833523126283465743e+01 3.000000000000000000e+01 1.410457576570004257e+01 -1.000957419283181338e+01 0.000000000000000000e+00 -7.590726913297656253e+00 2.221505490895911095e+00 -1.271242073821017726e+00 -1.082595926970221534e+01 0.000000000000000000e+00 -2.847927481539534789e+00 9.824089444875436783e+00 9.345688600436928908e-03 -2.267742404325495897e+01 0.000000000000000000e+00 -2.442571893206263667e+01 1.658403668273732023e+01 2.637095911338262511e+01 1.687303825575627769e+01 0.000000000000000000e+00 -3.870862912624178698e+00 0.000000000000000000e+00 0.000000000000000000e+00 0.000000000000000000e+00 0.000000000000000000e+00
5.757119708464092156e+00 2.756328198760921211e+01 3.384326816034360363e-01 -1.412826486785421665e+01 0.000000000000000000e+00 6.601891063290918460e+00 0.000000000000000000e+00 -1.416400137311607565e+01 -8.041885879603720255e+00 0.000000000000000000e+00 -9.596665396859698660e+00 -8.305319966487051175e+00 -2.402363858621133108e+00 -2.263801397028284512e+01 0.000000000000000000e+00 3.000000000000000000e+01 3.157067281819724514e+00 2.552799843614706532e+01 1.827449503398458575e+00 0.000000000000000000e+00 -8.612728175818652687e+00 0.000000000000000000e+00 0.000000000000000000e+00 -1.586524653407227259e+00 0.000000000000000000e+00
-2.073515792709311611e+01 -3.466756569809508637e+00 -1.245896312168621733e+00 -1.860434227185180234e+01 0.000000000000000000e+00 -6.504363990336966772e+00 -5.175077078773314687e-01 -2.523198114556276295e+01 1.108615474681389657e+01 0.000000000000000000e+00 -2.368140330027866725e+01 -1.948923808889188791e+01 -1.450989598591973007e+01 2.919733638931072406e+01 0.000000000000000000e+00 -3.000000000000000000e+01 -2.352846216006993529e+01 7.853780423387850540e+00 -3.841776533571109820e+00 0.000000000000000000e+00 -1.048312118552768446e+01 -1.378703805234331226e+00 -9.703326768119855394e-01 -9.297887344028639589e+00 0.000000000000000000e+00
-2.276111558728484141e+00 -2.342565963446205757e+01 -8.315195029672333149e+00 -2.769045726789863338e+01 0.000000000000000000e+00 -1.635753541579822823e+01 -1.571011752744118262e+01 3.000000000000000000e+01 1.754519951326154015e+01 0.000000000000000000e+00 2.666578201564834671e+01 -2.519906878579062592e+01 -2.693660450346417790e+01 2.269937801679927247e+01 0.000000000000000000e+00 -1.490188362103778807e+01 -1.302105220680071263e+01 -2.261679024801727422e+01 -9.584079551938915031e+00 0.000000000000000000e+00 -9.394913035073912511e+00 -1.873483133645791909e+01 -9.181384862667222535e+00 -1.481656927825664205e+01 0.000000000000000000e+00
-1.827487674360923720e+01 -2.892371229216399442e+01 -2.193396156829015098e+01 -1.951003917105993324e+01 0.000000000000000000e+00 -2.363304205425313498e+01 -8.097544985335249024e+00 1.431889959546623636e+01 1.889137809841683335e+01 0.000000000000000000e+00 1.023363420968984094e+01 2.972916846802387170e+01 2.827661396386713832e+01 2.078536604440164481e+01 0.000000000000000000e+00 3.000000000000000000e+01 -2.841710207536410593e+01 -2.325857025220167884e+01 -2.056350717126550265e+01 0.000000000000000000e+00 -1.916265826735589783e+01 -2.815020347430318992e+01 -2.257492017499136594e+01 -3.000000000000000000e+01 0.000000000000000000e+00
2.885426879744970563e+01 3.000000000000000000e+01 3.000000000000000000e+01 3.000000000000000000e+01 0.000000000000000000e+00 3.000000000000000000e+01 2.261480941375716469e+01 1.553709173798931609e+01 1.106318647486886952e+01 0.000000000000000000e+00 1.273090868276756549e+00 2.018176156880819505e+01 1.709733141795336309e+01 1.188063195608512501e+01 0.000000000000000000e+00 2.240864021533293382e+01 2.099891858509521470e+01 3.000000000000000000e+01 -9.865408475665850219e+00 0.000000000000000000e+00 2.987373452688512643e+01 3.000000000000000000e+01 3.000000000000000000e+01 3.000000000000000000e+01 0.000000000000000000e+00
1.622552968521783612e+01 2.486309915153158201e+01 1.592960060066412886e+01 2.868480874414947834e+01 0.000000000000000000e+00 2.531151561374850090e+01 1.684157161920289525e+01 2.630921499826732735e+00 5.290626336789647333e+00 0.000000000000000000e+00 -3.663557337888874610e+00 1.088629870938569866e+01 1.281401573435696406e+01 1.118210219272800371e-01 0.000000000000000000e+00 1.867459464214620724e+01 6.750777366883921715e+00 2.409296852787878507e+01 1.722699464636383837e+01 0.000000000000000000e+00 1.713968416719129451e+01 2.340728253025832117e+01 1.766636854830021264e+01 2.770400066557620988e+01 0.000000000000000000e+00
1.065244711041360404e+01 1.182047462397858340e+01 1.908527001896196396e+00 1.926418004394209760e+01 0.000000000000000000e+00 2.875415958580495612e+01 2.257918453649819313e+01 -1.340938883034101137e+00 1.814931665256120097e-01 0.000000000000000000e+00 -1.436493019508515623e+01 -1.772580620253843067e-02 6.884379730627316896e+00 0.000000000000000000e+00 0.000000000000000000e+00 2.365576459745284410e+01 -2.008432287387170057e+00 6.275842550826564725e+00 1.222224081889391734e+01 0.000000000000000000e+00 -9.666388409915885660e+00 2.859986236097569190e+01 8.521368356735194993e+00 1.944338735992982592e+01 0.000000000000000000e+00
5.505526437501853998e+00 2.016776116579797051e-01 0.000000000000000000e+00 1.424297073027467064e+01 0.000000000000000000e+00 9.840480688727097913e+00 1.536769783377129706e+01 -1.640505064916766642e+01 0.000000000000000000e+00 0.000000000000000000e+00 1.294510985381889512e+01 7.934329166607408723e+00 1.502952702494295264e-03 0.000000000000000000e+00 0.000000000000000000e+00 1.042496993115414883e+00 9.174155784488032594e+00 8.846432685162722853e-01 4.036882671852391802e+00 0.000000000000000000e+00 1.784337313428763139e+01 2.876086996197321710e+01 -4.595112588776096629e+00 1.086108335031827465e+01 0.000000000000000000e+00
0.000000000000000000e+00 0.000000000000000000e+00 0.000000000000000000e+00 3.869270907403139947e+00 0.000000000000000000e+00 1.704065762638060644e-01 -3.098873340258612719e-01 -3.000000000000000000e+01 0.000000000000000000e+00 0.000000000000000000e+00 -1.232742329068825704e+01 -6.862513571417198754e+00 -2.456286215756414482e+00 0.000000000000000000e+00 0.000000000000000000e+00 1.323354252255156815e+01 2.437653745248651582e-01 -7.494708772177772538e+00 1.779811604912844708e-02 0.000000000000000000e+00 6.512991678249883343e+00 6.106291292344140587e+00 -1.212868459170652358e+01 1.475801284420656057e+00 0.000000000000000000e+00
0.000000000000000000e+00 0.000000000000000000e+00 0.000000000000000000e+00 3.331765541245269802e+00 0.000000000000000000e+00 -1.618630740254805644e+01 -1.836162306727958438e+01 3.000000000000000000e+01 0.000000000000000000e+00 0.000000000000000000e+00 1.585690450341005864e+01 1.654551883817163471e+01 -1.371358243074689831e+01 0.000000000000000000e+00 0.000000000000000000e+00 -1.617959096443141931e+01 7.073607305490591024e+00 -2.728650051869692561e+01 0.000000000000000000e+00 0.000000000000000000e+00 4.644263624576828065e+00 -2.267654945468800065e+01 -1.787330667207203305e+01 -9.141481903730680258e+00 0.000000000000000000e+00
0.000000000000000000e+00 0.000000000000000000e+00 0.000000000000000000e+00 0.000000000000000000e+00 0.000000000000000000e+00 -2.114237268261502933e+01 -2.121987259588394181e+01 2.850260790287305568e+01 0.000000000000000000e+00 0.000000000000000000e+00 -2.036757889242606367e+00 -9.620857109519501904e+00 9.104899654685059573e+00 0.000000000000000000e+00 0.000000000000000000e+00 2.561163131932953618e+01 2.251218829655976084e+00 1.957886754221306447e+01 -8.666443516055988283e-02 0.000000000000000000e+00 -7.715050387347356597e+00 2.805649598656210131e+01 -2.108677473809488134e+01 -2.152421784980868225e+01 0.000000000000000000e+00
0.000000000000000000e+00 0.000000000000000000e+00 0.000000000000000000e+00 0.000000000000000000e+00 0.000000000000000000e+00 2.949983683692397207e+01 2.654277004396059425e+01 1.250993248101604571e+01 -3.312573101542742204e+00 0.000000000000000000e+00 -1.926198311373260807e+01 -1.421441413244270713e+01 -1.314751183219910935e+01 -6.884662111088715175e-01 0.000000000000000000e+00 1.077203007571132609e+01 -1.907382890564176847e+01 -6.923230087930065668e-01 -7.178032933512118241e+00 0.000000000000000000e+00 -1.298283093329734328e+01 2.635303330988584847e+01 2.999999999999999645e+01 -2.536158819171506096e+01 0.000000000000000000e+00
0.000000000000000000e+00 0.000000000000000000e+00 0.000000000000000000e+00 0.000000000000000000e+00 0.000000000000000000e+00 2.025329908196235706e+01 2.417598813970997540e+01 3.251267427851736169e+00 -1.800129585272451749e+01 0.000000000000000000e+00 3.000000000000000000e+01 5.334723716248766401e+00 -3.000000000000000000e+01 -1.431070018819840683e+01 0.000000000000000000e+00 1.129033335721924880e+00 8.787990096941820539e+00 -1.206233318543730171e+01 -1.653287182503575892e+01 0.000000000000000000e+00 -2.069669795450177219e+01 2.267836683389632668e+01 2.384741539881420991e+01 2.566933452068754207e+01 0.000000000000000000e+00
0.000000000000000000e+00 0.000000000000000000e+00 0.000000000000000000e+00 0.000000000000000000e+00 0.000000000000000000e+00 1.390489248680218815e+01 1.272742091469045000e+01 0.000000000000000000e+00 -1.814775924560860787e+01 0.000000000000000000e+00 2.288589190826081676e+01 2.647662287016414595e+01 2.697328648454589128e+01 -2.911661603061715198e+01 0.000000000000000000e+00 -1.228014809474038316e+01 2.252198244312425146e+01 -2.198900502368111276e+01 3.000000000000000000e+01 0.000000000000000000e+00 3.000000000000000000e+01 2.490806055487102100e+00 9.275538414812627863e+00 1.948652727910728899e+01 0.000000000000000000e+00
0.000000000000000000e+00 0.000000000000000000e+00 0.000000000000000000e+00 0.000000000000000000e+00 0.000000000000000000e+00 8.703784852872916700e-01 1.008230330459541912e-01 0.000000000000000000e+00 -2.735960670773107140e+01 0.000000000000000000e+00 1.342068732232772099e+01 4.125746717067242386e+00 2.234147235866691616e+00 3.000000000000000000e+01 0.000000000000000000e+00 -2.847701476784994412e+01 1.530695507711137715e+01 1.741776056530399330e+01 2.049405800332122851e+01 0.000000000000000000e+00 2.826832688331949228e+01 -1.765330381645929947e+01 8.652469741663606495e-01 1.194583332485687777e+01 0.000000000000000000e+00
0.000000000000000000e+00 0.000000000000000000e+00 0.000000000000000000e+00 0.000000000000000000e+00 0.000000000000000000e+00 0.000000000000000000e+00 0.000000000000000000e+00 0.000000000000000000e+00 2.796590479383979755e+01 0.000000000000000000e+00 8.546322997841723779e-02 -1.770639555311031899e+01 -1.274702010600906910e+01 1.685644395772555271e+01 0.000000000000000000e+00 3.000000000000000000e+01 -5.222403099310455765e+00 -7.707705369778159898e+00 8.243829888087516267e+00 0.000000000000000000e+00 2.672218490574327632e+01 -2.235082591721797129e+01 -1.052177048274435123e+01 -4.928025939739905326e+00 0.000000000000000000e+00
0.000000000000000000e+00 0.000000000000000000e+00 0.000000000000000000e+00 0.000000000000000000e+00 0.000000000000000000e+00 -2.423428238169732296e+00 0.000000000000000000e+00 0.000000000000000000e+00 1.725562936991189744e+01 0.000000000000000000e+00 1.356282166972275149e+01 2.203069382864118708e+01 1.022565942741522704e+01 4.795075346221224777e+00 0.000000000000000000e+00 1.200412174796936782e+01 1.372073239470894279e+01 1.802731867968591928e+01 -2.355890592276909778e+00 0.000000000000000000e+00 1.847142049487447579e+01 1.480398593258292195e+01 8.974461765279908576e+00 -2.197662935094124492e+01 -3.564061453233302035e-01
0.000000000000000000e+00 0.000000000000000000e+00 0.000000000000000000e+00 0.000000000000000000e+00 0.000000000000000000e+00 -9.806056112377092404e+00 0.000000000000000000e+00 0.000000000000000000e+00 7.874639001487008905e+00 0.000000000000000000e+00 9.242900840797188877e+00 4.153201710378939815e+00 6.849766706493047412e-03 -1.912958006853270021e+01 0.000000000000000000e+00 -1.716721657032655912e+01 -1.396914368674883811e+01 6.351930259617645014e+00 -8.988943179959804297e+00 0.000000000000000000e+00 1.376949644294798425e+01 -1.033077799559667476e+01 2.124378807465835806e+01 2.010690148839883307e+01 -5.023920550461079770e+00
0.000000000000000000e+00 0.000000000000000000e+00 0.000000000000000000e+00 0.000000000000000000e+00 0.000000000000000000e+00 -1.622424388896256886e+01 -2.644281885679190536e-01 0.000000000000000000e+00 -4.203151943308029992e-01 -6.573386371724780630e-02 -1.213505157502239751e+00 -3.793294516092443835e+00 -4.945920298991207109e-01 -2.011364027131631982e+00 0.000000000000000000e+00 -2.689782268650077413e+00 1.150011918463862637e+00 -8.029543603772195226e+00 -4.246685895461657978e+00 -4.038742690847801353e-01 -8.341532587619857608e+00 4.754798220548066112e+00 1.210155933456150468e+00 1.545578437653220227e+00 -8.860950964304258548e+00
0.000000000000000000e+00 0.000000000000000000e+00 0.000000000000000000e+00 0.000000000000000000e+00 0.000000000000000000e+00 -2.229078516336423732e+01 -3.844685815901811576e+00 -1.510216694013881034e+00 -1.470828874920519880e+01 -6.935249300119389559e+00 -6.400680908707474082e+00 -1.844944146248133876e+01 -1.220577652383464162e+01 -2.278257902175930383e+01 -5.594626039032124520e-02 1.456734022507662019e+01 -1.417427697361047301e+01 -2.038061441757236736e+01 4.772196443468362248e-01 -1.436462554892786336e+01 -6.380414723439867153e+00 -2.542277392301609318e+00 1.264934626024958320e+00 -2.552490523794877397e+00 -9.674252565776617629e+00
0.000000000000000000e+00 0.000000000000000000e+00 0.000000000000000000e+00 0.000000000000000000e+00 0.000000000000000000e+00 -1.065316816240749809e+01 -1.221881016523336605e+01 -2.040783193891220648e+01 -4.802425506421927892e+00 -1.752819671216789388e+01 -1.518006484459345806e+01 -1.167944170256274994e+01 -7.609180208122730882e+00 1.866468087078730687e+00 -1.606415172732902263e+01 -2.149777150216674571e+01 4.893217785491020599e+00 -7.716773642984982473e+00 -8.847478704392315763e+00 -1.949466005160271109e+01 -9.101970681576863953e+00 -2.467315791464938002e+01 -1.143343645132918951e+01 -1.451310843749370960e+01 -1.160269812579404558e+01
0.000000000000000000e+00 0.000000000000000000e+00 0.000000000000000000e+00 0.000000000000000000e+00 0.000000000000000000e+00 -7.178448995689485912e+00 -4.910532338040140665e+00 -1.458187179379091525e+01 -6.870769470696162173e+00 -1.892197499103254899e+01 -2.197365034629291713e+01 2.252162649746264123e+01 -1.892441036928072862e+01 2.295662261121589864e+01 -2.462086650068585314e+01 -2.844049006300635440e+01 1.204206726692655849e+01 2.678255686097351429e+01 2.189475560289792355e+01 -2.725095009243912969e+01 -1.863031139504198563e+01 -3.000000000000000000e+01 -1.864212299610656842e+01 -2.220950914185642944e+01 -1.992883381253009034e+01
