# yaw
0.000000000000000000e+00 0.000000000000000000e+00 0.000000000000000000e+00 0.000000000000000000e+00 0.000000000000000000e+00 2.809796035662892777e+01 -7.324637869593478179e+00 -1.168979476131155870e+01 5.777187930703764351e-01 2.872693013113324767e+01 3.000000000000000000e+01 2.612449488920001528e+01 2.568338199322540660e+01 1.476674353222455105e+00 3.000000000000000000e+01 3.000000000000000000e+01 1.999780953181622190e+00 8.153646974768063771e+00 7.047997316229055897e+00 3.000000000000000000e+01 2.913767029612455772e+01 2.897156193342867425e+01 3.000000000000000000e+01 -2.999999999999999645e+01 3.000000000000000000e+01
0.000000000000000000e+00 0.000000000000000000e+00 0.000000000000000000e+00 0.000000000000000000e+00 0.000000000000000000e+00 2.760922179580057545e+01 -4.018209965394387240e+00 -1.894399913767722055e+01 1.518088371381373847e+01 2.592712350697227919e+01 1.908695010031094697e+01 1.116314690154729306e+01 7.727590408706149105e+00 0.000000000000000000e+00 1.521859875210062008e+01 2.104700927196944349e+01 -1.263761663395112755e+00 3.388669191938739056e-01 9.488208788913034653e+00 2.596794837086229535e+01 1.617453308456530081e+01 2.716662244434650120e+01 1.864201382231863136e+01 3.000000000000000000e+01 2.485286530755114143e+01
0.000000000000000000e+00 0.000000000000000000e+00 0.000000000000000000e+00 0.000000000000000000e+00 0.000000000000000000e+00 1.628185439932482836e+01 4.731873333368557866e+00 -9.149587887125193220e+00 1.312957988702507883e+01 1.632482634312194847e+01 4.549558831209618681e+00 1.435721266843457099e-02 4.761153363309995543e-03 0.000000000000000000e+00 1.093186429679861238e+00 3.557862476765358828e+00 -1.103093543711114144e+01 -1.276175218897464347e+01 -3.780126186484527029e+00 2.939112913611274891e+01 1.044203124646415581e+01 3.000000000000000000e+01 -1.120212346725650043e+01 1.240523834706123596e+00 2.852186623563826728e+01
0.000000000000000000e+00 0.000000000000000000e+00 0.000000000000000000e+00 0.000000000000000000e+00 0.000000000000000000e+00 1.767228261560173763e+01 1.373480360892566132e+01 1.087981716160437706e+01 7.616836651726279328e+00 4.884622531600489204e+00 5.812791668877252960e-01 -6.548321287063398055e-02 0.000000000000000000e+00 0.000000000000000000e+00 -2.158586554464091023e+01 0.000000000000000000e+00 6.238208887103417588e+00 2.108580908041516011e+01 -3.093018427117038005e-01 1.777585215200952717e+01 7.404985952403761451e-02 1.672434503284789997e+01 3.000000000000000000e+01 3.000000000000000000e+01 1.013143896057991178e+01
0.000000000000000000e+00 0.000000000000000000e+00 0.000000000000000000e+00 0.000000000000000000e+00 0.000000000000000000e+00 6.359420740305421482e+00 1.360414861590331270e+01 2.746576885133802293e+01 5.548531241828193572e+00 -1.273211319040815326e+01 0.000000000000000000e+00 -1.559842424352836332e+01 -3.447409614149293255e-01 -4.228004235257095011e+00 3.000000000000000000e+01 0.000000000000000000e+00 -1.176209632263264027e+01 8.107148171367628109e+00 7.981915929270034127e+00 2.264902090586258521e-02 0.000000000000000000e+00 -5.004743032336494757e+00 1.322427412434053728e+01 2.073165698080558528e+01 -1.419399489937602121e+00
0.000000000000000000e+00 0.000000000000000000e+00 0.000000000000000000e+00 0.000000000000000000e+00 0.000000000000000000e+00 2.191133140528038481e-02 6.389192961869291310e+00 9.668551172051259357e+00 2.732413457225924490e-04 -1.651810905799199247e+01 0.000000000000000000e+00 -1.908388462494175286e+01 -2.979552923432980549e+01 -2.372941557914537469e+01 2.631115544417453478e+01 0.000000000000000000e+00 2.263574755410568073e+01 -1.614036933488758763e+01 -4.974056840233827437e+00 -2.784946102145154700e+00 0.000000000000000000e+00 -1.634479760048487407e+01 1.068299747925204457e+01 2.660979844434250285e+00 1.176324368532116971e+00
0.000000000000000000e+00 0.000000000000000000e+00 0.000000000000000000e+00 0.000000000000000000e+00 0.000000000000000000e+00 0.000000000000000000e+00 2.713025056085401676e+00 2.203681646359085633e+01 0.000000000000000000e+00 -1.361864426060348876e+01 0.000000000000000000e+00 3.000000000000000000e+01 -2.532102974967729736e+01 2.989041010014452127e+01 8.714543856219231444e+00 0.000000000000000000e+00 1.269422669989878472e+01 3.000000000000000000e+01 -2.011402728367509951e+01 -2.644097334709054437e+01 0.000000000000000000e+00 -1.297393537176642475e+01 1.358680748566122531e+01 2.348887584952239038e+01 7.211927570249660135e+00
0.000000000000000000e+00 0.000000000000000000e+00 0.000000000000000000e+00 0.000000000000000000e+00 0.000000000000000000e+00 0.000000000000000000e+00 2.838822731356789864e-01 8.614688808338716086e+00 0.000000000000000000e+00 3.000000000000000000e+01 0.000000000000000000e+00 3.000000000000000000e+01 3.000000000000000000e+01 2.716147877116683418e+01 -7.327569147510320846e+00 0.000000000000000000e+00 4.012272140561246730e-02 2.328936777819801307e+01 3.000000000000000000e+01 3.000000000000000000e+01 0.000000000000000000e+00 2.978233024740209700e+01 -5.729877147698221762e+00 9.203317102417352125e-02 -5.040836235262485587e+00
0.000000000000000000e+00 0.000000000000000000e+00 0.000000000000000000e+00 0.000000000000000000e+00 0.000000000000000000e+00 0.000000000000000000e+00 -4.034288914825744782e-02 4.855026840128033594e-02 0.000000000000000000e+00 1.968127907259654563e+01 0.000000000000000000e+00 1.997175131094528311e+01 1.965481423937621486e+01 6.910176999025726019e+00 -4.088478882344237064e+00 0.000000000000000000e+00 0.000000000000000000e+00 6.423433558473619520e+00 2.097792048634018869e+01 2.748464556042049267e+01 0.000000000000000000e+00 2.108860206884756039e+01 2.091557034954044525e+01 -6.871411140925738792e+00 -1.405518669914646956e+01
0.000000000000000000e+00 0.000000000000000000e+00 0.000000000000000000e+00 0.000000000000000000e+00 0.000000000000000000e+00 0.000000000000000000e+00 -4.894713859795887245e+00 0.000000000000000000e+00 0.000000000000000000e+00 1.096705650087045036e+01 0.000000000000000000e+00 1.062132917940555288e+01 1.008542825389564079e+01 2.731184017339895131e+00 1.364869481818486996e+01 0.000000000000000000e+00 -1.324774405462042113e-03 -3.791403095030440262e+00 -2.187322903385138240e+00 1.392671241497161283e+01 0.000000000000000000e+00 2.126617749903515175e+01 -7.874938083978749503e+00 9.391707027893131610e+00 -1.705011018287648028e+01
0.000000000000000000e+00 0.000000000000000000e+00 0.000000000000000000e+00 0.000000000000000000e+00 0.000000000000000000e+00 0.000000000000000000e+00 -1.812612740316393101e+01 -1.646006864886765841e+00 -1.025275029889028566e+01 -6.862132316767191043e+00 0.000000000000000000e+00 0.000000000000000000e+00 -5.835082718156613391e-01 -1.036758541438669301e+00 8.006239739276129086e+00 0.000000000000000000e+00 -5.127862701294122694e+00 8.527809129632345275e+00 -2.001880906474328814e+00 3.146174924032306919e+00 0.000000000000000000e+00 1.701067302758293709e-01 -1.510478117666836440e+01 -1.438609611573229197e+00 -2.082726555757726672e+01
0.000000000000000000e+00 0.000000000000000000e+00 0.000000000000000000e+00 0.000000000000000000e+00 0.000000000000000000e+00 0.000000000000000000e+00 -2.424447410025627647e+01 -1.326526690699409272e+01 -2.174172692665210960e+01 -1.459559253947179336e+01 0.000000000000000000e+00 -3.110015921479548084e-01 7.120877151981614972e-01 1.859374970643196079e+01 1.997402910891449279e+00 0.000000000000000000e+00 -1.451048131152413312e+01 1.067832549465480910e-02 -3.507850473067115615e+00 4.488503991400945026e+00 0.000000000000000000e+00 0.000000000000000000e+00 -2.260814041234903726e+01 -1.447994221980821195e+01 -2.604934584483691040e+01
0.000000000000000000e+00 0.000000000000000000e+00 0.000000000000000000e+00 0.000000000000000000e+00 -1.083508934996820994e+00 0.000000000000000000e+00 2.875722527143319596e+01 -2.259230214220669453e+01 3.000000000000000000e+01 -1.828281508060662119e+01 0.000000000000000000e+00 -6.240415103996834745e+00 6.485202871433115135e+00 -3.416123706603819254e+00 -1.896910494072528408e+01 0.000000000000000000e+00 -9.296245669358761177e+00 0.000000000000000000e+00 2.405801932574574309e+01 7.843176402644522760e+00 0.000000000000000000e+00 -1.807007237696840907e+00 2.876236266146784004e+01 -2.200319625416615921e+01 2.594515422849176645e+01
0.000000000000000000e+00 0.000000000000000000e+00 0.000000000000000000e+00 0.000000000000000000e+00 -5.383115612141597062e+00 0.000000000000000000e+00 1.842754990846389518e+01 2.574088500596657880e+01 2.153533120044732030e+01 3.000000000000000000e+01 0.000000000000000000e+00 -2.215788546422644245e+01 2.442375647154103519e-04 2.111022055809927167e+01 -1.972068056690023274e+00 0.000000000000000000e+00 -1.087342569110814416e+01 -1.099290542896098621e+00 1.999173542498757561e+00 -3.932523095677902258e+00 0.000000000000000000e+00 -8.242172823807480952e+00 1.518445441387623873e+01 3.000000000000000000e+01 1.790867621478890825e+01
0.000000000000000000e+00 -8.314216899058172183e-01 0.000000000000000000e+00 0.000000000000000000e+00 -7.991570428309301199e+00 0.000000000000000000e+00 5.459717580192959829e+00 -3.165645386941725814e+00 -1.473650602010370569e+00 -1.460125794684634926e+01 0.000000000000000000e+00 -2.015340861932604710e+01 -3.848653440084949473e+00 -5.505262323962475612e+00 -2.398433444299919337e+00 0.000000000000000000e+00 -5.940053461666716217e+00 -1.270436745751181107e+01 0.000000000000000000e+00 4.491887219017551836e+00 0.000000000000000000e+00 -1.305036655333176476e+01 3.789112239221424927e-01 2.806677973920508151e+01 4.606371495916769199e+00
0.000000000000000000e+00 -4.887670129776090278e+00 -8.394587708743269650e-01 -3.362717541418570821e+00 -1.219218223295504622e+01 0.000000000000000000e+00 -3.578895207930484101e+00 -1.927498099269618903e+00 -6.438653066265305647e+00 3.000000000000000000e+01 0.000000000000000000e+00 1.325650249819621429e+01 -1.429044972882928022e+01 -1.797094608087478917e+01 -2.448304142446203358e+01 0.000000000000000000e+00 2.286689017997236117e+00 -2.943961153249573215e+01 -1.750063779043289913e-01 -4.512715245141508902e+00 0.000000000000000000e+00 -2.311171847696678938e+01 -1.203593751174402593e+00 2.446219419774000037e-01 -1.150523329929084149e+01
0.000000000000000000e+00 -1.544765496235946323e+01 -1.092044882783241277e+01 -1.768788285526215986e+01 -9.197141095525422472e+00 0.000000000000000000e+00 -1.308533523291611189e+01 -1.229081634502530385e+01 -3.822670782746198537e+00 3.000000000000000000e+01 0.000000000000000000e+00 1.657726580132949934e+01 -3.000000000000000000e+01 -2.020455667615990691e+01 2.981773390618824138e+01 0.000000000000000000e+00 5.618887413097833239e+00 3.000000000000000000e+01 -1.391362514121651195e+01 -1.653266972609207031e+01 0.000000000000000000e+00 -2.394012583003114969e+01 -9.170341904062849991e+00 -2.089562653607580245e+01 -1.998406282054732586e+00
0.000000000000000000e+00 -1.227767990467527071e+01 -2.489097036935077156e+01 -2.749510321291009873e+01 -2.231259403597305635e+01 0.000000000000000000e+00 -1.258599806440409274e+01 -1.707367419817561682e+01 1.824607506633669729e+01 1.518555030321211063e+01 0.000000000000000000e+00 2.342633779417409556e+01 2.678450978150852535e+01 3.000000000000000000e+01 1.583969405028533828e+01 0.000000000000000000e+00 1.524921748634623242e+01 1.693859105067663862e+01 -5.507260836481645327e+00 -2.939522302048931834e+01 0.000000000000000000e+00 -5.584801692906387949e+00 -2.504950972242534490e+01 -2.834355441759038285e+01 -2.116076203348689333e+01
0.000000000000000000e+00 2.949879460528832809e+01 3.000000000000000000e+01 3.000000000000000000e+01 3.000000000000000000e+01 0.000000000000000000e+00 1.680852046705924963e+01 3.000000000000000000e+01 1.680889123814405295e+01 1.283353834119147940e+01 0.000000000000000000e+00 8.988599219787603900e+00 1.721597473421255486e+01 2.337709331809018920e+01 2.926048378242791070e+00 0.000000000000000000e+00 1.221836110578086121e+01 1.411692279307628439e+01 2.223668389677587598e+01 3.000000000000000000e+01 0.000000000000000000e+00 3.000000000000000000e+01 3.000000000000000000e+01 3.000000000000000000e+01 3.000000000000000000e+01
0.000000000000000000e+00 2.667743808942897132e+01 1.734865443714184252e+01 2.173203744301608609e+01 1.890445897664308461e+01 0.000000000000000000e+00 1.635061271711458986e+01 2.121529535768699404e+01 4.247097978028798515e+00 1.928256088895369924e+00 0.000000000000000000e+00 0.000000000000000000e+00 1.051060269808360204e+01 1.479136652950723985e+01 -1.502785627223802045e+00 0.000000000000000000e+00 7.306026732990710038e+00 2.552430660899693393e+00 1.689285388459718007e+01 2.632909476043766617e+01 0.000000000000000000e+00 2.588666339947591410e+01 1.691432457859495386e+01 2.346347362912857903e+01 1.736046799652065076e+01
0.000000000000000000e+00 1.980220457074620199e+01 8.490169567594172406e+00 3.000000000000000000e+01 -7.029951689915580282e+00 0.000000000000000000e+00 9.459512717017393157e+00 4.726354809495625808e+00 -3.355386358749897990e+00 3.853431311634591516e+00 0.000000000000000000e+00 0.000000000000000000e+00 9.640688396923996484e-01 3.435777726099013663e+00 -1.710463835215753292e+01 0.000000000000000000e+00 3.918552316876831587e-01 -1.104715774188640864e+00 2.631862023594666766e+01 3.000000000000000000e+01 0.000000000000000000e+00 1.984881145297310567e+01 1.906376885260154141e+00 9.607609329470838233e+00 1.281005046203905096e+01
0.000000000000000000e+00 2.999799976758852083e+01 -5.567479674268570378e+00 2.199177194517201617e+00 1.957449125175487126e+01 0.000000000000000000e+00 2.046108755426124581e+00 6.217677778893176965e-02 4.295949897297103526e+00 -7.762151942305628438e+00 0.000000000000000000e+00 0.000000000000000000e+00 0.000000000000000000e+00 -1.255725412200883895e+01 2.679674330964295592e+01 0.000000000000000000e+00 0.000000000000000000e+00 -1.607196355318464498e+01 1.863430121439195020e+01 1.614912306367072148e+01 0.000000000000000000e+00 1.360175855677535495e+01 0.000000000000000000e+00 4.736890330157038365e-02 1.814030767640870678e+01
0.000000000000000000e+00 -3.756398632749900823e+00 -9.808548233061664234e+00 -2.745649917452528843e+00 3.587026689012682734e+00 0.000000000000000000e+00 0.000000000000000000e+00 -1.228346317345634020e+01 -4.033424651462047095e+00 -9.909654371254195127e-01 0.000000000000000000e+00 0.000000000000000000e+00 -2.036283341067647523e+00 4.898455187059438387e-01 -1.337232466144157783e+01 0.000000000000000000e+00 0.000000000000000000e+00 -5.580092345665619291e+00 -1.022492789354852682e+01 -4.397040491105792981e+00 0.000000000000000000e+00 3.073783272832484315e+00 0.000000000000000000e+00 0.000000000000000000e+00 0.000000000000000000e+00
0.000000000000000000e+00 0.000000000000000000e+00 0.000000000000000000e+00 0.000000000000000000e+00 0.000000000000000000e+00 0.000000000000000000e+00 0.000000000000000000e+00 0.000000000000000000e+00 0.000000000000000000e+00 0.000000000000000000e+00 0.000000000000000000e+00 0.000000000000000000e+00 0.000000000000000000e+00 0.000000000000000000e+00 0.000000000000000000e+00 0.000000000000000000e+00 0.000000000000000000e+00 0.000000000000000000e+00 0.000000000000000000e+00 0.000000000000000000e+00 0.000000000000000000e+00 0.000000000000000000e+00 0.000000000000000000e+00 0.000000000000000000e+00 0.000000000000000000e+00
0.000000000000000000e+00 0.000000000000000000e+00 0.000000000000000000e+00 0.000000000000000000e+00 0.000000000000000000e+00 0.000000000000000000e+00 0.000000000000000000e+00 0.000000000000000000e+00 0.000000000000000000e+00 0.000000000000000000e+00 0.000000000000000000e+00 0.000000000000000000e+00 0.000000000000000000e+00 0.000000000000000000e+00 0.000000000000000000e+00 0.000000000000000000e+00 0.000000000000000000e+00 0.000000000000000000e+00 0.000000000000000000e+00 0.000000000000000000e+00 0.000000000000000000e+00 0.000000000000000000e+00 0.000000000000000000e+00 0.000000000000000000e+00 0.000000000000000000e+00
0.000000000000000000e+00 0.000000000000000000e+00 0.000000000000000000e+00 0.000000000000000000e+00 0.000000000000000000e+00 0.000000000000000000e+00 0.000000000000000000e+00 0.000000000000000000e+00 0.000000000000000000e+00 0.000000000000000000e+00 0.000000000000000000e+00 0.000000000000000000e+00 0.000000000000000000e+00 0.000000000000000000e+00 0.000000000000000000e+00 0.000000000000000000e+00 0.000000000000000000e+00 0.000000000000000000e+00 0.000000000000000000e+00 0.000000000000000000e+00 0.000000000000000000e+00 0.000000000000000000e+00 0.000000000000000000e+00 0.000000000000000000e+00 0.000000000000000000e+00
0.000000000000000000e+00 0.000000000000000000e+00 0.000000000000000000e+00 0.000000000000000000e+00 0.000000000000000000e+00 0.000000000000000000e+00 0.000000000000000000e+00 0.000000000000000000e+00 0.000000000000000000e+00 0.000000000000000000e+00 0.000000000000000000e+00 0.000000000000000000e+00 0.000000000000000000e+00 0.000000000000000000e+00 0.000000000000000000e+00 0.000000000000000000e+00 0.000000000000000000e+00 0.000000000000000000e+00 0.000000000000000000e+00 0.000000000000000000e+00 0.000000000000000000e+00 0.000000000000000000e+00 0.000000000000000000e+00 0.000000000000000000e+00 0.000000000000000000e+00
0.000000000000000000e+00 1.815850438599145988e+01 2.071642313260991486e+01 -7.979257348508723979e-02 -8.056403234911531541e+00 0.000000000000000000e+00 1.591337133113654101e+00 -3.486762710136099841e-01 1.825463115092613364e+01 -3.386588494546581618e+00 0.000000000000000000e+00 -1.148352874073816032e+01 2.745929463203468757e+01 1.125375299493128312e+00 1.364645978722619546e+01 0.000000000000000000e+00 -7.238838246379913244e+00 0.000000000000000000e+00 1.926008604192044160e+01 1.814942524502590615e+01 0.000000000000000000e+00 0.000000000000000000e+00 0.000000000000000000e+00 0.000000000000000000e+00 0.000000000000000000e+00
0.000000000000000000e+00 1.052294015767434132e+01 1.081380032128455460e+00 -1.837710828343798752e+01 3.000000000000000000e+01 0.000000000000000000e+00 2.219624853514951823e+01 1.971222588056926028e+01 1.300826508239908463e+01 3.000000000000000000e+01 0.000000000000000000e+00 3.153545752624342668e+00 -3.449846799985055057e+00 2.379384790100601776e+01 2.036827588522616139e+01 0.000000000000000000e+00 -2.486798287827092580e+01 0.000000000000000000e+00 0.000000000000000000e+00 6.853103245967307799e+00 0.000000000000000000e+00 0.000000000000000000e+00 0.000000000000000000e+00 0.000000000000000000e+00 0.000000000000000000e+00
0.000000000000000000e+00 -1.099802263166198024e+01 -1.116882666900743004e+01 2.685427705508159946e+01 2.871699088785243958e+01 0.000000000000000000e+00 6.549144686625837153e+00 -9.037845077997552323e+00 -7.335791900851885039e+00 2.667916347348856121e+01 0.000000000000000000e+00 2.101388020440575843e+01 -2.269654388424518776e-01 -9.055887719461296115e+00 5.468691856431231457e+00 0.000000000000000000e+00 2.986300792727118036e+01 0.000000000000000000e+00 0.000000000000000000e+00 0.000000000000000000e+00 0.000000000000000000e+00 0.000000000000000000e+00 0.000000000000000000e+00 0.000000000000000000e+00 0.000000000000000000e+00
-8.534240296164509187e-01 -1.884288647074172474e+01 6.665992368938087331e+00 1.060722080048123495e+01 2.555016715801823324e+01 0.000000000000000000e+00 -1.903683933559099595e+00 1.395707675140151593e+01 9.367135652513095323e+00 -4.713339194803503607e-01 0.000000000000000000e+00 1.030862081953725884e+01 5.874865205589938633e+00 2.063852594069507873e+01 5.773300350053187646e-01 0.000000000000000000e+00 1.756305329645305946e+01 0.000000000000000000e+00 0.000000000000000000e+00 -1.577970541294048346e+00 0.000000000000000000e+00 0.000000000000000000e+00 0.000000000000000000e+00 0.000000000000000000e+00 0.000000000000000000e+00
-5.166502786486070420e+00 1.610410648985922677e+01 1.949623721972421819e+01 6.772696408430511461e+00 1.869493059795210854e+01 0.000000000000000000e+00 -7.407184220167444266e+00 6.871390188154142820e+00 -8.961866536243893178e-01 -1.761963453573175542e+01 0.000000000000000000e+00 -1.469549624390534248e+01 3.712738943624316963e-04 3.394844228232692274e+00 1.090888784320292970e+01 0.000000000000000000e+00 7.601772624845847481e+00 0.000000000000000000e+00 0.000000000000000000e+00 -7.980197338879857938e+00 0.000000000000000000e+00 0.000000000000000000e+00 0.000000000000000000e+00 0.000000000000000000e+00 0.000000000000000000e+00
-8.112971882957113579e+00 -4.232361507040526050e+00 6.817528603083172101e+00 -3.574155536146369272e+00 -2.435362481512048038e+00 -1.493389430550755570e-01 -4.821171383140996802e+00 -5.145373643841955946e+00 -4.003898910273162137e+00 -1.150129594294590873e+01 0.000000000000000000e+00 -1.477728420281131605e+01 -3.437959670100059650e+00 -2.097827371116146866e-02 -7.268741865297525528e-01 -3.313107245899099551e-02 -3.791506365349415764e-01 0.000000000000000000e+00 -1.215912464714061052e-02 -1.294490308032051651e+01 0.000000000000000000e+00 0.000000000000000000e+00 0.000000000000000000e+00 0.000000000000000000e+00 0.000000000000000000e+00
-9.129388436152039432e+00 1.678444378832418593e+01 -7.312705800632335329e-02 -9.898373855740656424e+00 8.820937114288007308e+00 -1.183881054695456569e+01 -1.269533291836938638e+00 -1.551969972575305334e+01 -1.137949555813968594e+01 9.965760431448808632e+00 -3.522340982427873968e-02 -2.168516024702910983e+01 -1.201120349228179585e+01 -8.165128247621735724e+00 -6.110658801000562690e+00 -3.623770960364318228e+00 -1.094918218041336466e+01 -5.378948343634727403e-01 -1.111021691275435819e+00 -1.730928415076771287e+01 0.000000000000000000e+00 0.000000000000000000e+00 0.000000000000000000e+00 0.000000000000000000e+00 0.000000000000000000e+00
-1.171573271714553677e+01 -9.320046815577756050e+00 -5.074761873092114683e+00 -2.754902195718765512e+01 -7.773743957767541346e+00 -2.080900398830809905e+01 -2.392760910341977620e+01 -2.534113631989868054e+01 2.482013334052672704e+01 -1.351631442961551599e+01 -8.849805255175338559e+00 -2.921430970259516613e+01 -1.340398291221042548e+01 -1.579402630557339826e+01 -1.108263561922302287e+01 -1.575733124567926779e+01 -1.153671750310766519e+01 -1.182633719010034135e+01 -7.705808414945017226e+00 -2.343862182399026040e+01 0.000000000000000000e+00 0.000000000000000000e+00 0.000000000000000000e+00 0.000000000000000000e+00 0.000000000000000000e+00
-2.048290208102001841e+01 -2.930699528579206259e+01 -1.795071379700193859e+01 3.000000000000000000e+01 -1.683268290703090031e+01 -2.355393828658246136e+01 1.784828881532645184e+01 2.299484568218896641e+01 1.302262700039673149e+01 -2.267168078606374237e+01 -2.009822006410196948e+01 1.906553580545991622e+01 -2.581835104722345875e+01 -2.631726725978076686e+01 -2.217449016552433605e+01 -2.622785271982273869e+01 -8.062975299883889946e+00 -1.186817794117853531e+01 -9.430707930192232524e+00 -2.080685569106977084e+01 0.000000000000000000e+00 0.000000000000000000e+00 0.000000000000000000e+00 0.000000000000000000e+00 0.000000000000000000e+00
3.000000000000000000e+01 3.000000000000000000e+01 3.000000000000000000e+01 2.437128141260537717e+01 2.785484561421041860e+01 3.000000000000000000e+01 9.477567685289093546e+00 7.768142306502201500e+00 5.199678800027668357e-01 3.000000000000000000e+01 2.864328371138388718e+01 4.549141339515226257e+00 2.265120567708508048e+01 2.811064123490276856e+01 2.996345076335425972e+01 2.518100638284503034e+01 4.159461904135330457e+00 -1.067199499799017559e+01 -6.537980605595577366e+00 2.444361056265520560e+01 0.000000000000000000e+00 0.000000000000000000e+00 0.000000000000000000e+00 0.000000000000000000e+00 0.000000000000000000e+00
2.000867218507606182e+01 2.936008552388921089e+01 1.704032706534130881e+01 2.454388568514022495e+01 1.461475129947118923e+01 2.195957376764818747e+01 5.774804448708476201e+00 2.789706635754307107e-01 -1.545092838662580625e+00 1.912601772865971128e+01 1.497571982932055512e+01 0.000000000000000000e+00 5.095412035769563808e+00 1.334210751484367030e+01 1.782138686077142253e+01 2.193863154018003314e+01 1.252564609513229499e+01 -1.765365643452950550e+01 -4.679722755071066942e+00 2.341086409961607728e+01 0.000000000000000000e+00 0.000000000000000000e+00 0.000000000000000000e+00 0.000000000000000000e+00 0.000000000000000000e+00
2.376576318593408388e+01 -5.519882909732948484e+00 -6.138845002541481577e+00 3.000000000000000000e+01 9.741162379124201465e+00 2.712579568198213309e+01 -5.050810538346321543e+00 -8.180903855277835035e+00 -1.741753478263365196e+01 3.162950425525553388e+00 2.900142999613380734e+00 0.000000000000000000e+00 1.077189938019748345e-03 2.093400084762644386e-01 5.736916625405757308e+00 1.458763038703651738e+01 9.612085654709211724e+00 -2.167830472482753024e+01 5.773288097029719346e+00 1.262868783286255336e+01 0.000000000000000000e+00 0.000000000000000000e+00 0.000000000000000000e+00 0.000000000000000000e+00 0.000000000000000000e+00
8.772223223397404013e+00 2.694600918008707424e+01 2.609579440177874687e+01 1.657195786000646009e+01 2.114687535361093218e+00 1.565181010719905963e+01 2.066098418271822368e+01 2.443736471736318094e+01 5.863317288896815249e+00 0.000000000000000000e+00 -1.677130597314237193e+01 0.000000000000000000e+00 0.000000000000000000e+00 -1.256710444488294727e-02 6.140379578689521001e-01 5.508928407106769676e+00 3.651405116687212349e+00 2.222872695201520443e+01 1.240052091813066149e+01 1.523332090215524381e+01 0.000000000000000000e+00 0.000000000000000000e+00 0.000000000000000000e+00 0.000000000000000000e+00 0.000000000000000000e+00
-1.534543430201263492e+00 1.512984497697120112e+01 1.080972209109393667e+01 -2.961692742516300214e+00 0.000000000000000000e+00 3.273875928529541568e-01 6.816093260136666387e+00 8.025486043139020254e+00 2.888251430343538573e+01 0.000000000000000000e+00 -2.499426910330813456e+01 -4.535437151453085569e+00 -6.978390505690984513e-02 -1.157788674799982331e+01 0.000000000000000000e+00 -7.522032508766296921e+00 3.990994688583637262e-01 2.103097074505599906e+01 1.162708330209257390e+01 5.781059137628540512e+00 0.000000000000000000e+00 0.000000000000000000e+00 0.000000000000000000e+00 0.000000000000000000e+00 0.000000000000000000e+00
1.657700875841782207e+01 2.904606924757261055e+01 2.208168815599505663e+01 -1.540995020085886402e+01 0.000000000000000000e+00 -3.869705049653795026e+00 -3.892096641215284869e+00 -1.350615396048207018e+01 1.972315752588383475e+01 0.000000000000000000e+00 2.161087033681977232e+01 -2.224566627497712545e+01 -1.299850277875343174e+01 -2.122205095024508736e+01 0.000000000000000000e+00 -1.866608269304399315e+01 0.000000000000000000e+00 1.285026500803261307e+01 6.288325345747227679e+00 4.191942621898057941e-02 0.000000000000000000e+00 0.000000000000000000e+00 0.000000000000000000e+00 0.000000000000000000e+00 0.000000000000000000e+00
4.372085201540402366e+00 1.953961068906067311e+01 1.223736409661514379e+01 -2.320554623264727212e+01 0.000000000000000000e+00 -2.322747747140778074e+01 -1.685231709873038497e+01 3.000000000000000000e+01 8.893403766108967545e+00 0.000000000000000000e+00 1.171757006307340276e+01 3.000000000000000000e+01 -2.570921278680552646e+01 3.000000000000000000e+01 0.000000000000000000e+00 -2.334991261415225949e+01 0.000000000000000000e+00 1.212709362792019974e+01 2.188463608614832800e+00 0.000000000000000000e+00 0.000000000000000000e+00 0.000000000000000000e+00 0.000000000000000000e+00 0.000000000000000000e+00 0.000000000000000000e+00
-4.109319890854239432e+00 -1.007101055872318351e+00 -3.104870634260002760e+00 2.567024235792948161e+01 0.000000000000000000e+00 2.760449300483873714e+01 2.796871268843779035e+01 2.111890876030759401e+01 0.000000000000000000e+00 0.000000000000000000e+00 -7.328016295203745756e+00 2.358017488960744146e+01 3.000000000000000000e+01 3.000000000000000000e+01 0.000000000000000000e+00 2.534357013775596812e+01 0.000000000000000000e+00 5.205003444484078479e+00 4.027500316775692868e-01 0.000000000000000000e+00 0.000000000000000000e+00 0.000000000000000000e+00 0.000000000000000000e+00 0.000000000000000000e+00 0.000000000000000000e+00
-1.201017183007309264e+01 -6.586205551002678682e+00 1.945546923648489113e+01 1.899372416240271733e+01 0.000000000000000000e+00 2.392650551051920260e+01 1.879183801259955544e+01 5.801092782795080893e+00 0.000000000000000000e+00 0.000000000000000000e+00 -5.051596114945742677e+00 6.107542484140187078e+00 1.700026302963633640e+01 1.880163807339658533e+01 0.000000000000000000e+00 1.874947699408548729e+01 0.000000000000000000e+00 1.389506506781162422e-02 -2.711199390893313799e-02 0.000000000000000000e+00 0.000000000000000000e+00 0.000000000000000000e+00 0.000000000000000000e+00 0.000000000000000000e+00 0.000000000000000000e+00
-2.442790593448052761e+01 2.053270712260690090e+01 2.249682317576001456e+00 1.074188605848993383e+01 0.000000000000000000e+00 9.931795402266539341e+00 -1.297379751848616092e+00 -1.605871073491168843e+01 -1.434675762845645242e+00 0.000000000000000000e+00 1.179603651865761904e+01 1.208520332816262410e+01 2.342627121355645414e+01 6.754954817416046531e+00 0.000000000000000000e+00 9.063784097392860062e+00 -2.225080417867746796e+00 0.000000000000000000e+00 -5.844891289105371257e+00 0.000000000000000000e+00 0.000000000000000000e+00 0.000000000000000000e+00 0.000000000000000000e+00 0.000000000000000000e+00 0.000000000000000000e+00
-2.059175161964752832e+01 -4.209898526218451842e+00 -9.592955045937841874e+00 7.601339636147819157e-02 0.000000000000000000e+00 2.439389783812681234e+00 -2.279527559866876718e+00 9.027303958080496571e+00 -7.597380906853830496e+00 0.000000000000000000e+00 7.253539089024518383e+00 6.206549534662100243e-01 -3.633096845652125650e-01 0.000000000000000000e+00 0.000000000000000000e+00 -5.161875125730625236e+00 -1.530086229525616304e+01 -7.619222610372583526e-01 -1.784199104915716916e+01 0.000000000000000000e+00 0.000000000000000000e+00 0.000000000000000000e+00 0.000000000000000000e+00 0.000000000000000000e+00 0.000000000000000000e+00
-2.552311775179359898e+01 -1.771281798862210266e+01 -1.814673170805698277e+01 0.000000000000000000e+00 0.000000000000000000e+00 2.423134677818755023e+01 7.023717543562908450e-01 1.079817871241343062e-02 -1.206746754418577083e+01 0.000000000000000000e+00 -2.933298462099678816e-01 1.863576667863129188e+01 1.197665012754136393e+00 -2.972768603415800737e-01 0.000000000000000000e+00 -1.090137113907180222e+01 -2.397009587138939324e+01 -1.247664368647808786e+01 -2.633727517189641887e+01 0.000000000000000000e+00 0.000000000000000000e+00 0.000000000000000000e+00 0.000000000000000000e+00 0.000000000000000000e+00 0.000000000000000000e+00
2.511406146350594781e+01 -2.226198213270053117e+01 -2.274276945608718847e+01 -1.710307351417125421e+00 0.000000000000000000e+00 7.033927145397716352e+00 2.296820431711307720e+01 0.000000000000000000e+00 -2.029975557140399545e+01 0.000000000000000000e+00 -1.949353950872667696e+01 -2.787220260674130756e+00 6.655958019944105075e+00 -6.453219337770280006e+00 0.000000000000000000e+00 -1.889442566704968485e+01 2.405451278346206578e+01 -2.177371970020725556e+01 2.806919210358238814e+01 0.000000000000000000e+00 -1.103369031363966801e+00 0.000000000000000000e+00 0.000000000000000000e+00 0.000000000000000000e+00 0.000000000000000000e+00
1.795413436573739929e+01 2.594394824801371868e+01 1.993275331096698366e+01 -8.148898134963360462e+00 0.000000000000000000e+00 -6.265073702079924090e+00 1.492351998739086971e+00 0.000000000000000000e+00 -1.013019129010319830e+01 0.000000000000000000e+00 -1.364660802856374922e+00 2.159149351643231896e+01 3.642382967363332774e-04 -2.157318605824895030e+01 0.000000000000000000e+00 3.000000000000000000e+01 1.356248132616546975e+01 2.689010404010521427e+01 1.852989338423421017e+01 0.000000000000000000e+00 -5.547454746189870889e+00 0.000000000000000000e+00 0.000000000000000000e+00 0.000000000000000000e+00 0.000000000000000000e+00
5.982334114771740374e+00 2.716846322693059435e+01 4.025107751689894542e+00 -1.268513888817132340e+01 0.000000000000000000e+00 4.911528386397113088e+00 0.000000000000000000e+00 -4.643465896210816624e+00 1.749474619984780821e+00 0.000000000000000000e+00 -2.311125852963544336e+00 -5.553224072120116261e+00 -3.640814677543439348e+00 -2.204625667294774161e+01 0.000000000000000000e+00 -2.563109394137560670e+01 -1.259307902748142105e+01 -1.929411764183462941e+00 3.670657594649445077e+00 0.000000000000000000e+00 -8.115946388169410497e+00 0.000000000000000000e+00 0.000000000000000000e+00 -9.455327975788936357e-01 0.000000000000000000e+00
-1.722042758299552645e+01 4.427254545055665957e+00 -1.036219422469389917e+00 -1.669399854758253454e+01 0.000000000000000000e+00 -6.652489801205583753e+00 -2.784435027287898712e-01 -2.024814230066228404e+01 9.290888746412745647e+00 0.000000000000000000e+00 -1.956728366390713703e+01 -1.662521482585372823e+01 -1.722751942911364864e+01 2.475277261239618909e+01 0.000000000000000000e+00 3.000000000000000000e+01 2.375748238919061350e+01 1.118846323100003382e+01 -6.375217389575963622e+00 0.000000000000000000e+00 -9.346880901996916791e+00 -2.792829907612250029e+00 -3.185112261507327069e+00 -3.487780866009908110e+00 0.000000000000000000e+00
-3.909380496743770084e-01 -1.998741175301272577e+01 -8.482171951090331063e+00 -2.208609019910286619e+01 0.000000000000000000e+00 -1.565592397108437694e+01 -1.150350027350350501e+01 3.000000000000000000e+01 1.260550514586876147e+01 0.000000000000000000e+00 3.000000000000000000e+01 -1.956642212444380746e+01 -3.000000000000000000e+01 1.222353979826463011e+01 0.000000000000000000e+00 3.000000000000000000e+01 -1.441366006963793645e+01 -1.091287923407987215e+01 -1.214833576982154817e+01 0.000000000000000000e+00 -8.876613803562257488e+00 -1.715292997112692674e+01 -1.003228229966619267e+01 -1.514083519066179306e+01 0.000000000000000000e+00
-1.777651193263149310e+01 -2.502671494973641231e+01 -1.999141203759256413e+01 -1.444273319513887444e+01 0.000000000000000000e+00 -2.511973322890264981e+01 -3.000000000000000000e+01 2.024871359056117015e+01 9.680922831205231560e+00 0.000000000000000000e+00 1.662822094555854591e+01 3.000000000000000000e+01 2.300789178955227499e+01 1.501481127914584945e+01 0.000000000000000000e+00 2.512103245728734180e+01 2.990079000638153417e+01 -1.816744430495123552e+01 -1.422725257196957038e+01 0.000000000000000000e+00 -1.878719938310549864e+01 -2.358343820847021988e+01 -2.064629908250945078e+01 -2.398338201441058359e+01 0.000000000000000000e+00
2.906142291929623411e+01 3.000000000000000000e+01 3.000000000000000000e+01 2.799088353125742401e+01 0.000000000000000000e+00 2.999999999999999645e+01 2.331373648326577452e+01 1.820696529470913916e+01 9.158338771425629687e+00 0.000000000000000000e+00 4.460761132486086744e+00 2.239048050389413547e+01 1.612425775720369714e+01 4.663292556857849824e+00 0.000000000000000000e+00 1.636874216536580207e+01 1.126521713745565734e+01 3.000000000000000000e+01 8.150700584695362849e+00 0.000000000000000000e+00 3.000000000000000000e+01 3.000000000000000000e+01 3.000000000000000000e+01 2.784175164271156433e+01 0.000000000000000000e+00
1.651335502206655548e+01 2.214171086939413513e+01 1.524214882346379873e+01 2.461292068232200592e+01 0.000000000000000000e+00 2.441135786137853714e+01 1.498968759196013245e+01 5.731003662051023184e+00 3.318580118252494771e+00 0.000000000000000000e+00 -2.075280007805850868e+00 1.355133557558989388e+01 1.034254196667846237e+01 0.000000000000000000e+00 0.000000000000000000e+00 7.713211125013855529e+00 9.969099246666165426e-01 1.992999273010520511e+01 1.450775402566969952e+01 0.000000000000000000e+00 1.797113064094931190e+01 2.068046673191683027e+01 1.696961957114993780e+01 2.396105216360638579e+01 0.000000000000000000e+00
1.013647068822771935e+01 1.003727632721730245e+01 1.208754715627497811e+00 1.636275857503907361e+01 0.000000000000000000e+00 2.775002823688330622e+01 2.154651850887601583e+01 -1.052253678821550409e+00 0.000000000000000000e+00 0.000000000000000000e+00 -1.120904881587300395e+01 2.368102317976735094e+00 1.533572337580414224e+00 0.000000000000000000e+00 0.000000000000000000e+00 8.294362838832343598e+00 -5.773663878302923713e+00 3.374359906038614909e+00 7.827775501059604402e+00 0.000000000000000000e+00 -5.205453933970115799e+00 2.803245298224886284e+01 6.940477037319726428e+00 1.707240698959900271e+01 0.000000000000000000e+00
3.631684602884624802e+00 5.153975796492766409e-02 0.000000000000000000e+00 1.291833538357531985e+01 0.000000000000000000e+00 8.928822003182300904e+00 1.565650089025555047e+01 -1.729599130635892124e+01 0.000000000000000000e+00 0.000000000000000000e+00 1.131470433129075204e+01 -1.523097780157360503e+01 0.000000000000000000e+00 0.000000000000000000e+00 0.000000000000000000e+00 -1.708981346383774280e+01 1.901201434405805912e+01 3.336501870632336414e-02 9.809175332910908818e-01 0.000000000000000000e+00 1.912525484004834198e+01 8.475275712629452229e+00 -6.572756079038398092e+00 4.989608316756493522e+00 0.000000000000000000e+00
0.000000000000000000e+00 0.000000000000000000e+00 0.000000000000000000e+00 3.011941384081318951e+00 0.000000000000000000e+00 -3.913659146082361318e+00 -2.513621176599192708e+00 -2.881156661168504485e+01 0.000000000000000000e+00 0.000000000000000000e+00 -7.774330776224803508e+00 4.206438075434724588e+00 -2.582484329257866307e+00 0.000000000000000000e+00 0.000000000000000000e+00 2.396684407713512321e+00 -4.601916124063184732e+00 -8.413948489225161254e+00 0.000000000000000000e+00 0.000000000000000000e+00 1.598413635712209135e+01 -7.022723192498116163e+00 -1.027021706053307604e+01 -1.789052567018677653e+00 0.000000000000000000e+00
0.000000000000000000e+00 0.000000000000000000e+00 0.000000000000000000e+00 6.339705117258079836e-01 0.000000000000000000e+00 -1.655482694445327141e+01 -1.623693230956102340e+01 1.085210608194704918e+01 0.000000000000000000e+00 0.000000000000000000e+00 2.000991733890622015e+01 2.046480317957071549e+01 -7.473482608910630098e+00 0.000000000000000000e+00 0.000000000000000000e+00 -2.309032414975848368e+01 1.203486601298031644e+01 2.057318226219755886e+01 0.000000000000000000e+00 0.000000000000000000e+00 2.241263831201498302e+00 -2.669487728866331366e+01 -2.031906494737659941e+01 -1.587365937667449778e+01 0.000000000000000000e+00
0.000000000000000000e+00 0.000000000000000000e+00 0.000000000000000000e+00 0.000000000000000000e+00 0.000000000000000000e+00 -2.269679030654497609e+01 -2.303832823704951238e+01 2.802992480909469464e+01 -7.596963085679006578e-02 0.000000000000000000e+00 4.456148196480159918e+00 -5.522810095454275370e+00 6.833964163972070516e+00 0.000000000000000000e+00 0.000000000000000000e+00 1.842488791670002968e+01 -3.556519915727378134e+00 1.238543702209192965e+01 -2.387247715331922926e+00 0.000000000000000000e+00 -6.912105359301992991e+00 2.556335096355372727e+01 3.549852518295366188e+00 -2.272072045866263679e+01 0.000000000000000000e+00
0.000000000000000000e+00 0.000000000000000000e+00 0.000000000000000000e+00 0.000000000000000000e+00 0.000000000000000000e+00 2.913630451295894375e+01 2.588361017725416602e+01 1.178589625662223739e+01 -7.578746449761609938e+00 0.000000000000000000e+00 -1.365015057354031569e+01 -1.213392296904952161e+01 -1.542250429216675656e+01 -1.616275254066956713e-01 0.000000000000000000e+00 4.755619795449918641e+00 -1.798584451347183233e+01 -1.334780279132431025e+00 -9.297120448740427534e+00 0.000000000000000000e+00 -7.557298956560060788e+00 2.812301308006992073e+01 3.000000000000000000e+01 3.000000000000000000e+01 0.000000000000000000e+00
0.000000000000000000e+00 0.000000000000000000e+00 0.000000000000000000e+00 0.000000000000000000e+00 0.000000000000000000e+00 2.293429995676252275e+01 1.358077465588370636e+01 1.065448448127421122e+00 -2.195621637085929834e+01 0.000000000000000000e+00 -3.000000000000000000e+01 -2.991893669788279198e+01 -2.729417290063193491e+01 -1.151074164003031264e+01 0.000000000000000000e+00 -1.216321885145664616e+01 3.000000000000000000e+01 -1.488348213737467951e+01 -1.925791432072107057e+01 0.000000000000000000e+00 -1.446721889840429043e+01 1.858646010032613560e+01 2.122952974088902067e+01 2.288744862735537566e+01 0.000000000000000000e+00
0.000000000000000000e+00 0.000000000000000000e+00 0.000000000000000000e+00 0.000000000000000000e+00 0.000000000000000000e+00 1.601498946016163671e+01 1.301647069905885701e+01 0.000000000000000000e+00 -2.151706475364111171e+01 0.000000000000000000e+00 2.606741348444762707e+01 3.000000000000000000e+01 2.344500615946726185e+01 -2.966382013902439141e+01 0.000000000000000000e+00 -2.170708529345155569e+01 1.376903592215577454e+01 -2.295127201576694276e+01 2.761023536176488591e+01 0.000000000000000000e+00 -3.000000000000000000e+01 1.234050063893822324e+00 6.625453845271120912e+00 1.598457438303959322e+01 0.000000000000000000e+00
0.000000000000000000e+00 0.000000000000000000e+00 0.000000000000000000e+00 0.000000000000000000e+00 0.000000000000000000e+00 5.557778819516419944e+00 4.144812094324083068e-02 0.000000000000000000e+00 2.999999999999999645e+01 0.000000000000000000e+00 1.843060320796538676e+01 1.976075123707625636e+01 -7.916453484821874831e-01 3.000000000000000000e+01 0.000000000000000000e+00 3.000000000000000000e+01 1.173949901317014444e+01 1.674569301668226728e+01 1.876086848900770221e+01 0.000000000000000000e+00 3.000000000000000000e+01 -1.513799370165804348e+01 -2.080420464309737372e-02 6.951864100921037348e+00 0.000000000000000000e+00
0.000000000000000000e+00 0.000000000000000000e+00 0.000000000000000000e+00 0.000000000000000000e+00 0.000000000000000000e+00 0.000000000000000000e+00 0.000000000000000000e+00 0.000000000000000000e+00 2.543690683026719768e+01 0.000000000000000000e+00 5.971191658544157121e+00 -9.700790372694845232e+00 1.145043320765418216e+01 1.705775477691816988e+01 0.000000000000000000e+00 2.798203527943357116e+01 -7.305312738488620283e+00 -8.784750457574009630e+00 5.417170646786064303e+00 0.000000000000000000e+00 2.978166007462865750e+01 2.603991694276752256e+01 -1.039593091004106995e+01 -1.145091614942617930e+01 0.000000000000000000e+00
0.000000000000000000e+00 0.000000000000000000e+00 0.000000000000000000e+00 0.000000000000000000e+00 0.000000000000000000e+00 -1.483951132305245224e+00 0.000000000000000000e+00 0.000000000000000000e+00 1.545433939460099992e+01 0.000000000000000000e+00 -6.726904260283997905e-01 2.158348527860409760e+01 5.135366060010417399e+00 6.104614494911336564e+00 0.000000000000000000e+00 2.929124565654861900e+00 1.188370907715849434e+01 1.473487195703068942e+01 -2.082470124314817816e+00 0.000000000000000000e+00 2.321102657766745381e+01 1.115212069806468520e+01 5.089197602916481600e+00 1.374823304080965425e-01 -9.454700680672458724e-01
0.000000000000000000e+00 0.000000000000000000e+00 0.000000000000000000e+00 0.000000000000000000e+00 0.000000000000000000e+00 -8.271766257103948305e+00 0.000000000000000000e+00 0.000000000000000000e+00 6.104297206054964064e+00 0.000000000000000000e+00 1.117488634115269264e+01 5.101756755751694961e+00 0.000000000000000000e+00 -1.281396988940269033e+01 0.000000000000000000e+00 -1.819504493192693673e+01 -1.547554016232619922e+01 7.881252730201770085e+00 -7.639940242180116137e+00 0.000000000000000000e+00 1.996304915680586234e+01 7.900996568935013009e+00 1.739897715837603442e+01 1.694404156291667007e+01 -4.954185529795356757e+00
0.000000000000000000e+00 0.000000000000000000e+00 0.000000000000000000e+00 0.000000000000000000e+00 0.000000000000000000e+00 -1.376225630433043357e+01 -3.390221010545630548e-02 0.000000000000000000e+00 -7.427202311763673181e-01 -9.130102981106677507e-02 -5.768397214027914943e-01 -4.102793325103762379e-01 -2.271678731568947285e+00 -1.849737738091329931e+01 0.000000000000000000e+00 -1.622889625689027326e+01 -1.258322577012386700e+00 -6.829066385066550282e+00 -4.943734839289636085e+00 -3.000795265426282055e-01 2.768786139661190693e-01 -3.570401681151949003e+00 6.709775386239874351e+00 -4.001109171413163246e+00 -8.175175874847187885e+00
0.000000000000000000e+00 0.000000000000000000e+00 0.000000000000000000e+00 0.000000000000000000e+00 0.000000000000000000e+00 -2.034586013460375042e+01 -2.168775860299808400e+00 -1.977169163025926935e-01 -1.297630725939050400e+01 -5.944680217898834051e+00 -4.974783320952478327e+00 -1.192954683192608023e+01 -1.382853914529184181e+01 -2.389546889661296092e+01 -1.027505974511141659e-02 1.074353900670029915e+01 -1.270593940293945678e+01 -1.878552805341307419e+01 -5.458449903608450504e-02 -1.218345283472416440e+01 3.121225166044386157e+00 -1.023179031517703308e+01 -8.637742813566661182e-01 2.896872599012013438e+00 -9.637375923324196236e+00
0.000000000000000000e+00 0.000000000000000000e+00 0.000000000000000000e+00 0.000000000000000000e+00 0.000000000000000000e+00 -2.477706934109985326e+01 -1.532519542554577541e+01 -1.355897917300043964e+01 -6.017046278322073505e+00 -1.862477494763191288e+01 -9.971124010690431305e+00 -1.718864055077814612e+01 -1.476148275344273308e+01 1.858457326065986592e+01 -4.919246207647216096e+00 -1.303376002442185033e+01 1.465555155696869072e+01 -2.870556171218943931e+01 -3.000000000000000000e+01 -2.814121486846753939e+01 -8.227808853695865565e+00 -2.819753198367107316e+01 -2.580044977564661668e+00 -1.094690951679762669e+01 -1.275117296576692283e+01
0.000000000000000000e+00 0.000000000000000000e+00 0.000000000000000000e+00 0.000000000000000000e+00 0.000000000000000000e+00 -4.670716779654530804e+00 -5.581801479730426507e+00 -7.763849962930652104e+00 -5.429292013432613473e+00 -1.304185938290602209e+01 -2.312699023750689875e+01 -7.671552300521345735e+00 -1.834878810969344798e+01 2.001580729528823710e+01 -2.445224853730892178e+01 -2.689762282749684985e+01 1.559499355541390209e+01 2.514883312388998604e+01 2.076937882627802878e+01 -2.492796544079728704e+01 -1.962571570317440361e+01 3.000000000000000000e+01 -1.682011582642113723e+01 -2.932450905933284702e+01 -2.103088997617889788e+01
