# yaw
0.000000000000000000e+00 0.000000000000000000e+00 0.000000000000000000e+00 0.000000000000000000e+00 0.000000000000000000e+00 3.000000000000000000e+01 -7.855767798893646514e+00 -1.409967809819343820e+01 1.232946242298495143e+00 3.000000000000000000e+01 3.000000000000000000e+01 2.762742539756118276e+01 2.509990369624815543e+01 5.060440144175128552e+00 3.000000000000000000e+01 3.000000000000000000e+01 5.226994813975993637e+00 8.700579876684471969e+00 1.326995626313626708e+01 3.000000000000000000e+01 2.882186854561179246e+01 3.000000000000000000e+01 3.000000000000000000e+01 3.000000000000000000e+01 3.000000000000000000e+01
0.000000000000000000e+00 0.000000000000000000e+00 0.000000000000000000e+00 0.000000000000000000e+00 0.000000000000000000e+00 3.000000000000000000e+01 -3.424795668606128718e+00 -2.042117794868592284e+01 1.554350406621318470e+01 2.375801267476010636e+01 1.988501696755661996e+01 1.358127132436407614e+01 7.333444095897240445e+00 0.000000000000000000e+00 1.581457271632736372e+01 2.161016532176392957e+01 -1.278198368040027455e-01 4.001688703662420465e-01 9.183793782866587208e+00 2.796051808679301232e+01 1.636093549431687322e+01 1.947165470277503019e+01 1.811508472645058632e+01 3.000000000000000000e+01 2.249395597882888254e+01
0.000000000000000000e+00 0.000000000000000000e+00 0.000000000000000000e+00 0.000000000000000000e+00 0.000000000000000000e+00 2.300066066378010987e+01 7.514298723824439641e+00 -1.550717694670876945e+01 1.548671118286935311e+01 1.805532320585331263e+01 7.658064813819042804e+00 1.395268751056383087e-02 3.124443994735705016e-03 0.000000000000000000e+00 1.932612134259370951e+00 7.919711219058720886e+00 -2.470776041302311654e+01 -1.188886595045817884e+01 -4.457555014285667028e+00 3.000000000000000000e+01 1.234741971848887765e+01 -2.999999991066194838e+01 -8.852468093865281773e+00 -1.182608292395341598e+00 2.201347565627431280e+01
0.000000000000000000e+00 0.000000000000000000e+00 0.000000000000000000e+00 0.000000000000000000e+00 0.000000000000000000e+00 2.031270755267678751e+01 1.806250250200871221e+01 2.634877313313920411e+01 5.777581070795284823e+00 4.343513222454454592e+00 9.794299685007177292e-01 -1.787680981376843850e-02 0.000000000000000000e+00 0.000000000000000000e+00 -1.867721234393493290e+01 0.000000000000000000e+00 1.602564689204504589e+01 3.000000000000000000e+01 -2.961609610960587169e+00 1.986211081045193794e+01 6.371416447378222436e+00 2.985108351455662046e+01 2.756000725891261638e+01 3.000000000000000000e+01 8.012034433855616200e+00
0.000000000000000000e+00 0.000000000000000000e+00 0.000000000000000000e+00 0.000000000000000000e+00 0.000000000000000000e+00 7.576927224107014247e+00 1.021758395526237884e+01 1.100620596149526698e+01 1.501114577558496199e+00 -1.445494022657906541e+01 0.000000000000000000e+00 -1.460917854484739209e+01 -3.062389226645987894e-01 -2.952009413126585713e+00 -1.956669678846309157e+00 0.000000000000000000e+00 -2.403919295067839190e+00 8.710807297669209248e+00 1.188476287569504386e+01 1.542133610049374881e-01 1.347082481669536813e+00 2.157503917323800025e+01 5.767789746142883978e+00 9.762793045727086394e+00 -1.378123193776572775e+00
0.000000000000000000e+00 0.000000000000000000e+00 0.000000000000000000e+00 0.000000000000000000e+00 0.000000000000000000e+00 1.321861596072227141e-01 8.617788183902101551e+00 1.838923335049516794e+01 0.000000000000000000e+00 -2.355300402853389130e+01 0.000000000000000000e+00 -2.782275816609348951e+01 -1.370771966910463391e+01 -2.558972730979743204e+01 2.494944805711501701e+01 0.000000000000000000e+00 2.819552215987305033e+01 -1.533855520288336649e+01 -2.379973229607072582e+00 -2.794461655324701255e+00 0.000000000000000000e+00 -1.355671123721068572e+00 2.086523339391054677e+01 8.559894136875112025e+00 8.310640183537477910e+00
0.000000000000000000e+00 0.000000000000000000e+00 0.000000000000000000e+00 0.000000000000000000e+00 0.000000000000000000e+00 0.000000000000000000e+00 2.253518534703072174e+00 1.707214590386056230e+01 0.000000000000000000e+00 -2.522945073142485839e+00 0.000000000000000000e+00 1.243238510576662392e+01 -1.171331387604955587e+01 9.986847735214553268e+00 2.588484399362118182e+01 0.000000000000000000e+00 2.542290437039528328e+01 6.842563284427300552e+00 -1.697014508579214720e+01 -1.440769965648446060e+01 0.000000000000000000e+00 -1.549585239845415785e+01 1.458215065860007797e+01 2.679889474061069876e+01 2.871111565720315451e+00
0.000000000000000000e+00 0.000000000000000000e+00 0.000000000000000000e+00 0.000000000000000000e+00 0.000000000000000000e+00 0.000000000000000000e+00 9.838380350899739168e-01 1.250899986906334505e+01 0.000000000000000000e+00 2.367166156961845402e+01 0.000000000000000000e+00 3.256437228879698775e+00 3.000000000000000000e+01 2.802529027169230957e+01 -7.041993903548912748e+00 0.000000000000000000e+00 7.735664428392743756e-03 2.431269121083904494e+01 2.901829507781939199e+01 2.811685772532184657e+01 0.000000000000000000e+00 -2.292677117815627952e+01 -5.228334926168252572e+00 9.523128717001572152e-01 -5.074742224182071659e+00
0.000000000000000000e+00 0.000000000000000000e+00 0.000000000000000000e+00 0.000000000000000000e+00 0.000000000000000000e+00 0.000000000000000000e+00 -6.159608651100908008e-03 3.028975831147718775e-02 0.000000000000000000e+00 1.653673740668509851e+01 0.000000000000000000e+00 2.149271521882930713e+01 1.644637357563459190e+01 6.506773019526264079e+00 -4.781554953778862860e+00 0.000000000000000000e+00 0.000000000000000000e+00 6.711805391075623461e+00 2.135408261418585951e+01 2.791134637596349322e+01 0.000000000000000000e+00 2.248785773022663914e+00 2.019944185451208085e+01 -5.517437764830367186e+00 -1.402719374261517693e+01
0.000000000000000000e+00 0.000000000000000000e+00 0.000000000000000000e+00 0.000000000000000000e+00 0.000000000000000000e+00 0.000000000000000000e+00 -4.846997726642594095e+00 0.000000000000000000e+00 -1.282577089362707312e+00 8.054547365044008700e+00 0.000000000000000000e+00 1.796086413829535644e+01 1.172194966018247264e+01 3.777035415658257289e+00 1.798501131029030375e+01 0.000000000000000000e+00 0.000000000000000000e+00 -6.715403769185114058e+00 -1.706597511642796716e+00 1.622068445582989682e+01 0.000000000000000000e+00 2.566673156078422480e+01 1.553138764512955516e+00 1.401986626503094691e+01 -2.663016291225261156e+01
0.000000000000000000e+00 0.000000000000000000e+00 0.000000000000000000e+00 0.000000000000000000e+00 0.000000000000000000e+00 0.000000000000000000e+00 -1.641075969677683588e+01 -1.962546633559500098e+00 -1.537339206301026806e+01 -1.031379125573347366e+01 0.000000000000000000e+00 0.000000000000000000e+00 -9.551409178285272250e-02 -3.207033474044196808e+00 9.153221555144781973e+00 0.000000000000000000e+00 -1.433483103399842140e-01 9.539796936660117410e+00 -2.239705175020077377e+00 3.916170739657729882e+00 0.000000000000000000e+00 1.526511170862321443e+01 -1.027473145091990858e+01 -2.146359875963016695e+00 -2.248397430928986651e+01
0.000000000000000000e+00 0.000000000000000000e+00 0.000000000000000000e+00 0.000000000000000000e+00 0.000000000000000000e+00 0.000000000000000000e+00 -2.548264505230518751e+01 -1.455323782534628663e+01 -2.513198482254681565e+01 -1.391212718937136472e+01 0.000000000000000000e+00 -1.295767364745338268e+00 2.147204214111331222e+00 2.117300667904619260e+01 -1.583561782633280179e+00 0.000000000000000000e+00 -7.901586469685256908e+00 1.083566106088042560e-02 -6.220452303241703618e+00 -2.227788878436943421e+01 0.000000000000000000e+00 3.508434650151147860e+00 -1.880867629311624256e+01 -1.600617826174896763e+01 -2.581612183461243504e+01
0.000000000000000000e+00 0.000000000000000000e+00 0.000000000000000000e+00 0.000000000000000000e+00 -1.357950084046911421e+00 0.000000000000000000e+00 2.941733893597812965e+01 -2.288647617354033414e+01 2.531113574173742009e+01 -2.367233907750638977e+01 0.000000000000000000e+00 -8.334521714510859880e+00 6.847147301340580583e+00 -2.592138193676574165e+00 -2.000426636803491576e+01 0.000000000000000000e+00 -1.836637668413084867e+01 0.000000000000000000e+00 2.256693848562755633e+01 1.193610956965097714e+01 0.000000000000000000e+00 0.000000000000000000e+00 -2.180056239715440825e+01 -2.188879899869407808e+01 2.496674965161490789e+01
0.000000000000000000e+00 0.000000000000000000e+00 0.000000000000000000e+00 0.000000000000000000e+00 -5.929256416155850751e+00 0.000000000000000000e+00 1.901168262557020938e+01 2.567328760326103421e+01 1.604114118836041669e+01 3.000000000000000000e+01 0.000000000000000000e+00 -2.460586974963439744e+01 3.549317029781028738e-04 2.286207765110883727e+01 -2.134555485588330637e+00 0.000000000000000000e+00 -9.916512711243386846e+00 0.000000000000000000e+00 1.358058815451604451e+00 -5.950449458571417161e+00 0.000000000000000000e+00 -2.674003598814544969e+00 2.394784238004594812e+01 2.667525929277692498e+01 1.728374767296272907e+01
0.000000000000000000e+00 -7.892853275514688516e-01 0.000000000000000000e+00 0.000000000000000000e+00 -1.286539080574037186e+01 0.000000000000000000e+00 3.822910448372158321e+00 -1.482256004530668214e+01 -1.004854513762493440e+01 -2.266419751108950109e+01 0.000000000000000000e+00 -1.316073938201076565e+01 -6.161419536556298482e+00 -4.673140960822571799e+00 -1.830439649743312580e-01 0.000000000000000000e+00 -1.018356825831275714e+01 -3.045182002051685100e+00 0.000000000000000000e+00 8.553755322155398133e+00 0.000000000000000000e+00 -1.643553097033365873e+01 1.499152658804213889e+00 1.597344462078555960e+00 4.165588841528665043e+00
0.000000000000000000e+00 -3.041414593132500066e+00 -2.108941897800168164e+00 -3.541000798151894280e+00 -1.043997613587907303e+01 0.000000000000000000e+00 -6.035971276148456077e+00 -7.332696094284282817e-02 1.217185007051488377e+01 2.999999999999998934e+01 0.000000000000000000e+00 1.456179234394126354e+01 -1.782172404036790780e+01 -1.651731688444585089e+01 -1.743346217187777825e+01 0.000000000000000000e+00 8.607087717123073078e-01 -1.362111628790991880e+01 -3.032681083831612612e-01 -6.046634023027613658e+00 0.000000000000000000e+00 -1.854049887304162070e+01 -2.746427161688988594e+00 2.826751676733047614e+00 -1.652510782669493850e+01
0.000000000000000000e+00 -1.640456389418996253e+01 -1.150438387780343596e+01 -2.192659971971817612e+01 -8.733703400747774737e+00 0.000000000000000000e+00 -1.391434095435614537e+01 -1.105904344831630404e+01 -8.602481566024062332e+00 3.000000000000000000e+01 0.000000000000000000e+00 7.452162040482361860e+00 -8.434302042825793100e-01 -1.535862195234470562e+01 2.812483718824817558e+01 0.000000000000000000e+00 3.902742188932933232e+00 -1.999202377641411843e+01 -1.053836890404635973e+01 -1.655478156946769985e+01 0.000000000000000000e+00 -1.870797713501282544e+01 -1.185802084048087579e+01 -2.200674125732098929e+01 4.985355495239404133e-01
0.000000000000000000e+00 -3.000000000000000000e+01 -2.295738204892320056e+01 -2.839585800008661565e+01 -2.054149041905075279e+01 0.000000000000000000e+00 -1.655565261797827503e+01 -2.222916269615840079e+01 3.000000000000000000e+01 2.531450846097821383e+01 0.000000000000000000e+00 1.728192020203584178e+01 2.424791815119327509e+01 3.000000000000000000e+01 1.632305947607100194e+01 0.000000000000000000e+00 1.673588589801217097e+01 3.000000000000000000e+01 -2.913497462936120996e+01 -2.271649025180088444e+01 0.000000000000000000e+00 -2.392138518292090765e+01 -2.274737970729295711e+01 -2.676720549919467373e+01 -1.922687675419198428e+01
0.000000000000000000e+00 3.000000000000000000e+01 2.753999965063079003e+01 3.000000000000000000e+01 2.999999847143379483e+01 0.000000000000000000e+00 8.184562711357568077e+00 2.999999999999999645e+01 1.232982554672853759e+01 1.501832665525946631e+01 0.000000000000000000e+00 3.907102174583666709e+00 1.739511940920302635e+01 2.494176773194733343e+01 5.915495295536184805e+00 0.000000000000000000e+00 1.341384263424499856e+01 2.497211449783816661e+01 2.692996728816943275e+01 3.000000000000000000e+01 0.000000000000000000e+00 2.403951670288684994e+01 3.000000000000000000e+01 2.999999999999999645e+01 3.000000000000000000e+01
0.000000000000000000e+00 2.842352362450915493e+01 1.780339267707368478e+01 2.427189443320079221e+01 1.913368981691138160e+01 0.000000000000000000e+00 1.616170108237541569e+01 2.259710386793032910e+01 9.877781245178089975e-01 3.176166749772514120e+00 0.000000000000000000e+00 0.000000000000000000e+00 1.034791474170961934e+01 1.706825933227445802e+01 -4.139921573557961421e-02 0.000000000000000000e+00 7.282655601087200559e+00 1.611677672592151822e+01 1.649426165461621707e+01 2.817923985224762617e+01 0.000000000000000000e+00 2.715781103197143764e+01 1.719449066781960056e+01 2.555041435216919510e+01 1.739187369789522108e+01
0.000000000000000000e+00 1.994974559984504836e+01 8.469401190458123452e+00 2.080434253484391149e+01 -5.947166247756697111e+00 0.000000000000000000e+00 5.863395633901864024e+00 4.969326573605430397e+00 -7.141797926789045015e+00 4.383420216035243122e+00 0.000000000000000000e+00 0.000000000000000000e+00 7.148197410798170504e-01 7.177143518778949627e+00 -9.498413620744754482e+00 0.000000000000000000e+00 1.166944800588815834e-01 1.048312332171828842e+00 1.750309249677468415e+01 3.000000000000000000e+01 0.000000000000000000e+00 1.451594135593392387e+01 1.971107373567161813e+00 1.362513714585010227e+01 1.196722524403278065e+01
0.000000000000000000e+00 2.431460678304379996e+01 -3.056124447061619342e+00 1.471157378978760644e+00 1.302663838728923729e+01 0.000000000000000000e+00 1.057281447167060628e+00 4.524589871099640032e-02 2.461847837781271764e+01 -2.560859355566966755e+00 0.000000000000000000e+00 0.000000000000000000e+00 0.000000000000000000e+00 -1.773036540113566772e+01 4.303226232621491398e+00 0.000000000000000000e+00 0.000000000000000000e+00 -1.206642563377985944e+01 1.294204053589981207e+01 1.828256929614855153e+01 0.000000000000000000e+00 9.381543866950595500e+00 3.432354006994234926e-03 7.243768533116493047e-02 1.640733567820629091e+01
0.000000000000000000e+00 -9.092914692468201387e-01 -1.306235513068954823e+01 7.993709693476762190e+00 2.335199227538712563e+01 0.000000000000000000e+00 0.000000000000000000e+00 -2.251362674886533455e+01 -2.877671032011966723e+00 -7.578672413482169468e+00 0.000000000000000000e+00 0.000000000000000000e+00 -2.443318674847415328e-01 2.768022278578183304e+01 -3.462476966185829674e+00 0.000000000000000000e+00 0.000000000000000000e+00 -1.732819899548060860e+01 -2.600415444951868160e+00 8.539799604558858448e+00 0.000000000000000000e+00 1.217864134613041438e+00 0.000000000000000000e+00 0.000000000000000000e+00 2.186729659761944139e-02
0.000000000000000000e+00 0.000000000000000000e+00 0.000000000000000000e+00 0.000000000000000000e+00 0.000000000000000000e+00 0.000000000000000000e+00 0.000000000000000000e+00 0.000000000000000000e+00 0.000000000000000000e+00 0.000000000000000000e+00 0.000000000000000000e+00 0.000000000000000000e+00 0.000000000000000000e+00 0.000000000000000000e+00 0.000000000000000000e+00 0.000000000000000000e+00 0.000000000000000000e+00 0.000000000000000000e+00 0.000000000000000000e+00 0.000000000000000000e+00 0.000000000000000000e+00 0.000000000000000000e+00 0.000000000000000000e+00 0.000000000000000000e+00 0.000000000000000000e+00
0.000000000000000000e+00 0.000000000000000000e+00 0.000000000000000000e+00 0.000000000000000000e+00 0.000000000000000000e+00 0.000000000000000000e+00 0.000000000000000000e+00 0.000000000000000000e+00 0.000000000000000000e+00 0.000000000000000000e+00 0.000000000000000000e+00 0.000000000000000000e+00 0.000000000000000000e+00 0.000000000000000000e+00 0.000000000000000000e+00 0.000000000000000000e+00 0.000000000000000000e+00 0.000000000000000000e+00 0.000000000000000000e+00 0.000000000000000000e+00 0.000000000000000000e+00 0.000000000000000000e+00 0.000000000000000000e+00 0.000000000000000000e+00 0.000000000000000000e+00
0.000000000000000000e+00 0.000000000000000000e+00 0.000000000000000000e+00 0.000000000000000000e+00 0.000000000000000000e+00 0.000000000000000000e+00 0.000000000000000000e+00 0.000000000000000000e+00 0.000000000000000000e+00 0.000000000000000000e+00 0.000000000000000000e+00 0.000000000000000000e+00 0.000000000000000000e+00 0.000000000000000000e+00 0.000000000000000000e+00 0.000000000000000000e+00 0.000000000000000000e+00 0.000000000000000000e+00 0.000000000000000000e+00 0.000000000000000000e+00 0.000000000000000000e+00 0.000000000000000000e+00 0.000000000000000000e+00 0.000000000000000000e+00 0.000000000000000000e+00
0.000000000000000000e+00 0.000000000000000000e+00 0.000000000000000000e+00 0.000000000000000000e+00 0.000000000000000000e+00 0.000000000000000000e+00 0.000000000000000000e+00 0.000000000000000000e+00 0.000000000000000000e+00 0.000000000000000000e+00 0.000000000000000000e+00 0.000000000000000000e+00 0.000000000000000000e+00 0.000000000000000000e+00 0.000000000000000000e+00 0.000000000000000000e+00 0.000000000000000000e+00 0.000000000000000000e+00 0.000000000000000000e+00 0.000000000000000000e+00 0.000000000000000000e+00 0.000000000000000000e+00 0.000000000000000000e+00 0.000000000000000000e+00 0.000000000000000000e+00
0.000000000000000000e+00 1.506805744103364653e+01 7.605231733055195953e+00 4.115934345281134554e+00 -2.961535952284264184e+01 0.000000000000000000e+00 2.968760332573422289e+01 -9.580477878782536649e+00 1.592266563920098399e+01 -7.570371426895690981e+00 0.000000000000000000e+00 -2.623413555758324023e+01 2.446813302585282912e+01 2.435209152960861800e+01 3.000000000000000000e+01 0.000000000000000000e+00 1.460667031631973867e+00 1.343768578252639623e+00 1.293550683135591761e+01 2.099627071046876026e+01 0.000000000000000000e+00 0.000000000000000000e+00 0.000000000000000000e+00 0.000000000000000000e+00 0.000000000000000000e+00
0.000000000000000000e+00 3.182092984298669602e+00 7.185669328921210353e-01 -1.771171683032524768e+01 3.000000000000000000e+01 0.000000000000000000e+00 1.894863558251208246e+01 2.132251152312744935e+01 2.155915207605145412e+01 3.000000000000000000e+01 0.000000000000000000e+00 -3.814309964008280485e+00 7.031025277924077166e+00 2.362184012111952214e+01 2.199693476896450406e+01 0.000000000000000000e+00 2.932044514850171524e+01 0.000000000000000000e+00 0.000000000000000000e+00 1.058993080660504660e+01 0.000000000000000000e+00 0.000000000000000000e+00 0.000000000000000000e+00 0.000000000000000000e+00 0.000000000000000000e+00
0.000000000000000000e+00 -1.675452257265043343e+01 -1.093557400001701474e+01 -2.040154862603042929e+01 3.000000000000000000e+01 0.000000000000000000e+00 2.581227335798735645e+00 -6.247386029106111849e+00 -6.873517274669692867e+00 2.805606698189477655e+01 0.000000000000000000e+00 2.245044874235681931e+01 -1.467281075574219429e+01 -1.109753096533593997e+01 7.999226248934588668e+00 0.000000000000000000e+00 1.685491066640905089e+01 0.000000000000000000e+00 0.000000000000000000e+00 1.229947322274808387e-02 0.000000000000000000e+00 0.000000000000000000e+00 0.000000000000000000e+00 0.000000000000000000e+00 0.000000000000000000e+00
-1.230823936097737326e+00 2.351676120574674655e+01 8.792899789019344325e+00 1.276230152803162099e+01 2.471211874047086710e+01 0.000000000000000000e+00 -9.280492072191991459e-01 1.971838002529002054e+01 1.092795021979429215e+01 6.419973095711674071e-01 0.000000000000000000e+00 1.141342528653451005e+01 1.183824986506105503e+01 2.403359608224684862e+01 -6.843380261141433607e+00 0.000000000000000000e+00 5.554257355154288867e+00 0.000000000000000000e+00 0.000000000000000000e+00 -9.194967367725705998e-01 0.000000000000000000e+00 0.000000000000000000e+00 0.000000000000000000e+00 0.000000000000000000e+00 0.000000000000000000e+00
-5.584868829701889581e+00 1.396090685161054346e+01 1.425842590699287449e+01 8.518194614619115868e+00 2.054503854497869142e+01 0.000000000000000000e+00 -8.496365392582534426e+00 -1.322390648247089473e+01 8.056044167768768860e-01 -1.847956913806722312e+01 0.000000000000000000e+00 2.333549797205906273e+01 3.231863774221949148e-02 3.552394441003551062e+00 1.252509408598342411e+01 0.000000000000000000e+00 6.294204913477725871e-02 0.000000000000000000e+00 0.000000000000000000e+00 -7.777202106701426310e+00 0.000000000000000000e+00 0.000000000000000000e+00 0.000000000000000000e+00 0.000000000000000000e+00 0.000000000000000000e+00
-8.490639761083659920e+00 -7.029046134182976857e+00 9.445020770590977222e+00 -3.171423387691124418e+00 2.387461486501023966e+00 -7.900956261382864332e-01 -7.703877241335456816e+00 -1.177003942705007633e+00 -3.341757421275926898e+00 -9.143437591345938031e+00 0.000000000000000000e+00 -3.675568097479874563e+00 -4.089551070033309976e+00 -7.637287482716897946e-02 -2.934020813907953773e-01 -1.414503552226515248e+00 -2.209302174743652813e-01 0.000000000000000000e+00 -3.289992948397697098e-02 -1.351415740836256596e+01 0.000000000000000000e+00 0.000000000000000000e+00 0.000000000000000000e+00 0.000000000000000000e+00 0.000000000000000000e+00
-9.157787234231143714e+00 -1.697924097906199847e+01 6.878245841533932037e-01 -8.451515166935678280e+00 9.405723262582815991e+00 -1.363569317538964931e+01 2.279018338796853893e+00 -1.613512030222265992e+01 -1.179152441488234615e+01 8.491042033521068788e+00 -1.625910531219329318e-03 -2.340236437918566637e+01 -1.238438068011807580e+01 -1.045670478082609023e+01 -6.989131121990553197e+00 -1.023243482319460718e+01 -6.372796210886233048e+00 -6.620685182916069556e-01 -1.411545304611592000e+00 -1.836529382545922928e+01 0.000000000000000000e+00 0.000000000000000000e+00 0.000000000000000000e+00 0.000000000000000000e+00 0.000000000000000000e+00
-1.170573482435796286e+01 -1.129576201520735701e+01 -5.821743427039279162e+00 -2.548950249278121660e+01 -7.786078633872898003e+00 -2.311389715485039531e+01 -2.118392044023386234e+01 -2.610869066702640851e+01 2.653649632001913616e+01 -1.520427840414555476e+01 -7.431501489671117788e+00 -2.807575388473361855e+01 -1.401060860249572926e+01 -1.717490521886404409e+01 -1.101929709236096322e+01 -1.863197699800862495e+01 -1.321919399561134334e+01 -1.303033682338372223e+01 -8.397462777612936691e+00 -2.556169606026501384e+01 0.000000000000000000e+00 0.000000000000000000e+00 0.000000000000000000e+00 0.000000000000000000e+00 0.000000000000000000e+00
-2.045390122854902870e+01 -2.796157091028419472e+01 -1.872268003641696055e+01 3.000000000000000000e+01 -1.648932046108347649e+01 -2.556650618331274671e+01 2.198864892921625724e+01 2.495263802873489212e+01 1.512658153480735024e+01 -2.457575008670283978e+01 -1.937786724131128224e+01 2.561632765727977912e+01 -2.556871138867708027e+01 -3.000000000000000000e+01 -2.258778149030201021e+01 -2.808599498442438858e+01 -7.781707162394196686e+00 -1.272578058099164089e+01 -9.623889740751161881e+00 -2.632843908482123396e+01 0.000000000000000000e+00 0.000000000000000000e+00 0.000000000000000000e+00 0.000000000000000000e+00 0.000000000000000000e+00
3.000000000000000000e+01 3.000000000000000000e+01 3.000000000000000000e+01 2.886893048258100336e+01 2.764971671985623303e+01 3.000000000000000000e+01 1.109064851814788888e+01 1.021776854693807657e+01 1.744692877910901663e+00 3.000000000000000000e+01 2.875171006168329058e+01 9.992846513102110251e+00 2.238714322640585763e+01 2.738312169423981146e+01 3.000000000000000000e+01 2.842122557814880679e+01 -6.686873708025358631e+00 -1.198263776011997273e+01 -7.178496082547211721e+00 2.786911506427930618e+01 0.000000000000000000e+00 0.000000000000000000e+00 0.000000000000000000e+00 0.000000000000000000e+00 0.000000000000000000e+00
1.863061602927593796e+01 3.000000000000000000e+01 1.740998053745954977e+01 2.647896904671599572e+01 1.446688785113891029e+01 2.333348802920243159e+01 7.529022589166300072e+00 7.086122582880534093e-01 -1.318588476977639035e+00 2.081516086154697831e+01 1.429661692725705890e+01 5.794372817293338800e-03 4.988060391986666176e+00 1.273574809513472417e+01 1.853795668301268407e+01 2.443056908584597764e+01 5.337156835160001833e+00 -1.945923319272527152e+01 -4.733657591520024077e+00 2.612224428486161187e+01 0.000000000000000000e+00 0.000000000000000000e+00 0.000000000000000000e+00 0.000000000000000000e+00 0.000000000000000000e+00
2.337453069685544804e+01 -4.057433926644677946e+00 -6.669659987386959088e+00 3.000000000000000000e+01 9.728958347120572725e+00 2.496651881745628643e+01 -4.845091770097341488e+00 -8.591337158122644979e+00 -1.719586107102437111e+01 4.647400452380716196e+00 4.202549288533997007e+00 0.000000000000000000e+00 1.304901634541287807e-03 8.389432141471769855e-02 6.423203932243711556e+00 1.702370286568506330e+01 1.302464554711852784e+01 -2.563851962889757985e+01 6.151375071379253434e+00 1.417701489503980561e+01 0.000000000000000000e+00 0.000000000000000000e+00 0.000000000000000000e+00 0.000000000000000000e+00 0.000000000000000000e+00
1.120484789347303511e+01 2.741090816587650636e+01 2.595141247928559380e+01 1.686638637221417625e+01 1.213393168252132615e+00 1.967821866642933770e+01 2.121918976041662219e+01 -2.464893084055569972e+01 1.034415086476385603e+01 0.000000000000000000e+00 -1.191364385872959275e+01 0.000000000000000000e+00 0.000000000000000000e+00 -7.991898053909049504e-02 9.598041626336035748e-01 9.745876762088373724e+00 1.042942793968242654e+01 2.610016441401024778e+01 1.120146397561815910e+01 1.634082682335748871e+01 0.000000000000000000e+00 0.000000000000000000e+00 0.000000000000000000e+00 0.000000000000000000e+00 0.000000000000000000e+00
-1.126725494535022021e+00 1.889423884864126535e+01 1.011708584847930581e+01 -3.302440185491326563e+00 0.000000000000000000e+00 1.168302268551970835e+00 6.898765179090226241e+00 1.050052146786409146e+01 -2.237470866111882373e+01 0.000000000000000000e+00 -2.692431519760184244e+01 -4.694401901349222861e+00 -1.363313898100581012e-01 -1.531250293263682494e+01 0.000000000000000000e+00 1.430726226049656713e+00 6.394581874044513725e+00 2.364084952762340919e+01 1.161883546044541404e+01 5.275205914078530789e+00 0.000000000000000000e+00 0.000000000000000000e+00 0.000000000000000000e+00 0.000000000000000000e+00 0.000000000000000000e+00
1.242054408370342777e+01 3.000000000000000000e+01 2.179848708123459033e+01 -1.760327198243148672e+01 0.000000000000000000e+00 -1.645500374249800446e+00 -3.784356661676700373e+00 -1.262305798576500848e+01 2.121744994780758020e+01 0.000000000000000000e+00 2.117964516968682531e+01 -2.360849677219677289e+01 -1.307637963419117355e+01 -2.431051227167861484e+01 0.000000000000000000e+00 -5.780892982172135319e+00 5.330071100225801217e+00 1.430974826318602844e+01 6.275664123634483893e+00 2.414599427371448906e-02 0.000000000000000000e+00 0.000000000000000000e+00 0.000000000000000000e+00 0.000000000000000000e+00 0.000000000000000000e+00
6.679293503397911280e+00 2.070512974164342879e+01 1.143318111063777209e+01 -2.395654260285066428e+01 0.000000000000000000e+00 -2.154649991540805587e+01 -1.706034332042461088e+01 3.000000000000000000e+01 1.123946267387207243e+01 0.000000000000000000e+00 1.094110439899851528e+01 3.000000000000000000e+01 -2.573292930333623474e+01 2.999999999999999645e+01 0.000000000000000000e+00 -1.581679879643240838e+01 7.421826883980710970e-03 1.398759066706038290e+01 2.369191698969777882e+00 0.000000000000000000e+00 0.000000000000000000e+00 0.000000000000000000e+00 0.000000000000000000e+00 0.000000000000000000e+00 0.000000000000000000e+00
-3.923565384675454126e+00 -3.097713998623760068e-01 -3.784369489909273909e+00 2.378663175830064347e+01 0.000000000000000000e+00 2.901152149377953293e+01 2.752041695188824022e+01 2.151849455781016118e+01 1.893790476673734222e-02 0.000000000000000000e+00 -6.455489898106312019e+00 2.338292201564948769e+01 3.000000000000000000e+01 3.000000000000000000e+01 0.000000000000000000e+00 -2.109743733678076083e+01 0.000000000000000000e+00 7.407574814734995350e+00 9.108886622599802196e-01 0.000000000000000000e+00 0.000000000000000000e+00 0.000000000000000000e+00 0.000000000000000000e+00 0.000000000000000000e+00 0.000000000000000000e+00
-1.044890208309887569e+01 -6.551416216484012622e+00 1.845769798401040518e+01 1.699769467213594609e+01 0.000000000000000000e+00 2.437824462880226406e+01 1.761274913907895368e+01 5.997886925938535896e+00 0.000000000000000000e+00 0.000000000000000000e+00 -3.705663452696716487e+00 6.156180505780642243e+00 1.935296421539804612e+01 1.876307034712014499e+01 0.000000000000000000e+00 2.947667025395344353e+01 0.000000000000000000e+00 5.464564264097286628e-02 -1.538842876369257984e-01 0.000000000000000000e+00 0.000000000000000000e+00 0.000000000000000000e+00 0.000000000000000000e+00 0.000000000000000000e+00 0.000000000000000000e+00
-2.206583879589123498e+01 2.071762978696537516e+01 -4.024691348553748327e-01 7.336478593506822854e+00 0.000000000000000000e+00 1.081649562062691317e+01 -2.580160106706464784e+00 -1.805583926432885633e+01 -2.214889984841638348e+00 0.000000000000000000e+00 1.323318909171695523e+01 1.199530747336879699e+01 2.241048785501569540e+01 6.853353724012953840e+00 0.000000000000000000e+00 2.168131570755378945e+01 -4.001705760435907144e-02 0.000000000000000000e+00 -7.545535007320424370e+00 0.000000000000000000e+00 0.000000000000000000e+00 0.000000000000000000e+00 0.000000000000000000e+00 0.000000000000000000e+00 0.000000000000000000e+00
-1.887784102987636814e+01 -6.399230689109217884e+00 -1.425353446636493970e+01 0.000000000000000000e+00 0.000000000000000000e+00 2.630060299373875310e+00 -2.344562998037591939e+00 1.034890898415910243e+01 -8.158664068861206431e+00 0.000000000000000000e+00 8.038354448456729529e+00 -2.189869224006750492e-01 -5.072071615109404741e-01 4.046016432737764882e-05 0.000000000000000000e+00 1.134147885687339041e+01 -1.060281263013385988e+01 -8.325164216889059388e-01 -1.910800178255164994e+01 0.000000000000000000e+00 0.000000000000000000e+00 0.000000000000000000e+00 0.000000000000000000e+00 0.000000000000000000e+00 0.000000000000000000e+00
-2.462878890510509322e+01 -1.777189215214431783e+01 -2.053425796230380485e+01 0.000000000000000000e+00 0.000000000000000000e+00 2.554872189309882557e+01 1.480084221605430805e+01 1.455463413275647627e-02 -1.398673391604542005e+01 0.000000000000000000e+00 -1.471794112539295263e+00 2.047148566113552093e+01 -8.928851978343548268e+00 -4.463497395082867136e-01 0.000000000000000000e+00 -1.638298665153013367e+00 -2.044295207058520703e+01 -1.239281545782537997e+01 -2.762658703795576542e+01 0.000000000000000000e+00 0.000000000000000000e+00 0.000000000000000000e+00 0.000000000000000000e+00 0.000000000000000000e+00 0.000000000000000000e+00
2.650767272549716935e+01 -2.249700452514639792e+01 2.766751874336211969e+01 -2.226489323240586682e+00 0.000000000000000000e+00 8.532405437498804091e+00 2.319437904231399727e+01 0.000000000000000000e+00 -1.069731868189162505e+01 0.000000000000000000e+00 -2.094325473273217852e+01 -8.073713746033864824e-01 8.773894366270917899e+00 -6.837883757376526539e+00 0.000000000000000000e+00 -1.304844199502186619e+01 3.000000000000000000e+01 -2.152288278336673244e+01 2.673654650157491020e+01 0.000000000000000000e+00 0.000000000000000000e+00 0.000000000000000000e+00 0.000000000000000000e+00 0.000000000000000000e+00 0.000000000000000000e+00
1.836064990133498753e+01 2.980496664915117933e+01 1.411938054658265251e+01 -9.373424154218062299e+00 0.000000000000000000e+00 -9.192964277617576840e+00 1.626310157082714314e+00 -9.126085295027638322e-01 -9.495515931293660117e+00 0.000000000000000000e+00 -1.434186541838369022e+00 2.344741890871341639e+01 5.987907462063841828e-03 -2.245889307823302872e+01 0.000000000000000000e+00 -2.710672607246607413e+01 1.819214380583935053e+01 2.662931176435572311e+01 1.775423419511728440e+01 0.000000000000000000e+00 -1.445092363487120668e+00 0.000000000000000000e+00 0.000000000000000000e+00 0.000000000000000000e+00 0.000000000000000000e+00
6.068248488351197345e+00 2.685434126542293853e+01 2.448353140469300970e-01 -1.461294959475985955e+01 0.000000000000000000e+00 4.799416287448153184e+00 0.000000000000000000e+00 -1.270623510445630444e+01 2.858675370953641104e-01 0.000000000000000000e+00 -4.904732266924903605e+00 -6.332701714762629663e+00 -3.290914342184004582e+00 -2.318097133448752700e+01 0.000000000000000000e+00 3.000000000000000000e+01 8.907190153307453784e+00 5.913245842282064402e-01 3.173360428366603259e+00 0.000000000000000000e+00 -6.821683119229163594e+00 0.000000000000000000e+00 0.000000000000000000e+00 -1.663530859600692136e+00 0.000000000000000000e+00
-2.109218606969039911e+01 -2.378950635134818192e+00 -1.068124549112341226e+00 -1.861572967602453588e+01 0.000000000000000000e+00 -6.924822100353381416e+00 -3.202464465443743968e-01 -2.536239902776529220e+01 9.605753037784850790e+00 0.000000000000000000e+00 -2.191099395177082698e+01 -1.821101073944856807e+01 -1.458144677365879538e+01 2.572508335318412875e+01 0.000000000000000000e+00 -3.000000000000000000e+01 -2.023649478741285535e+01 3.023277814142387054e+00 -4.785775825852130794e+00 0.000000000000000000e+00 -9.465776458569990837e+00 -1.896261600361767163e+00 -6.135128596980874427e-01 -8.698853017888511729e+00 0.000000000000000000e+00
-2.523044443009731186e+00 -2.182336803676118464e+01 -8.870803694010662710e+00 -2.455016498181524653e+01 0.000000000000000000e+00 -1.650364007004641920e+01 -1.479603033570652570e+01 3.000000000000000000e+01 1.432510926847318089e+01 0.000000000000000000e+00 2.757644996072275489e+01 -2.049398639669811928e+01 -2.999999999999999645e+01 1.719589188785346323e+01 0.000000000000000000e+00 2.999999999999999645e+01 2.135656358757205719e+00 -1.628395443721607805e+01 -1.106829144233875972e+01 0.000000000000000000e+00 -8.985761700725364065e+00 -1.978495832472279048e+01 -1.037879283108622630e+01 -1.596125378872938860e+01 0.000000000000000000e+00
-1.875740699151441859e+01 -2.677907451918711956e+01 -2.293385196727489372e+01 -6.354731670709337976e+00 0.000000000000000000e+00 -2.815019398983844923e+01 -1.480119897276744645e+00 1.525281558909906288e+01 1.311864212346671010e+01 0.000000000000000000e+00 1.410299301980241893e+01 2.999999999999999645e+01 2.602111573225207053e+01 2.131878815757809775e+01 0.000000000000000000e+00 2.506325171386158246e+01 -1.640707076170863488e+01 -2.132454773957212524e+01 -1.479108551710999109e+01 0.000000000000000000e+00 -1.951076737233935532e+01 -2.671146577728484672e+01 -2.284871746714023644e+01 -1.262189537546649909e+01 0.000000000000000000e+00
2.882260830518064765e+01 3.000000000000000000e+01 3.000000000000000000e+01 3.000000000000000000e+01 0.000000000000000000e+00 3.000000000000000000e+01 2.161180435129015009e+01 1.460727756879685657e+01 9.230177774055061235e+00 0.000000000000000000e+00 1.653538999003924648e+00 2.289718205623256964e+01 1.603736126370048254e+01 1.079776115989482577e+01 0.000000000000000000e+00 1.620497339305054041e+01 2.228853128691850571e+01 3.000000000000000000e+01 -3.336661364440883126e+00 0.000000000000000000e+00 2.967230347362768583e+01 3.000000000000000000e+01 3.000000000000000000e+01 3.000000000000000000e+01 0.000000000000000000e+00
1.596762167308995650e+01 2.370685575191185279e+01 1.553484880096378262e+01 2.711747749079475867e+01 0.000000000000000000e+00 2.472201619132048478e+01 1.534914536375256588e+01 2.621316402472754881e+00 3.014424264014949895e+00 0.000000000000000000e+00 -3.876605353171746593e+00 1.424219167085182924e+01 1.101758999598338917e+01 0.000000000000000000e+00 0.000000000000000000e+00 1.091813634515118636e+01 8.453518591018116979e+00 2.270902759495615797e+01 1.542241303855476531e+01 0.000000000000000000e+00 1.683285365892469088e+01 2.278870179498977677e+01 1.730719057756611079e+01 2.638742267448609269e+01 0.000000000000000000e+00
9.981136475360600002e+00 1.058843982644832771e+01 1.843095107173350566e+00 1.715423690518114697e+01 0.000000000000000000e+00 2.816282330916761723e+01 2.043192696879514614e+01 -9.818566789832602337e-01 2.188374182610102695e-03 0.000000000000000000e+00 -1.194431622592134090e+01 2.624263462529274005e+00 4.592747205248174147e+00 0.000000000000000000e+00 0.000000000000000000e+00 5.167673082911555804e-01 -2.211045780393751103e-01 4.085283408916837722e+00 1.066859737853904555e+01 0.000000000000000000e+00 -8.397074328258197440e+00 2.764583685393185419e+01 7.520508236775887312e+00 1.860763104384786715e+01 0.000000000000000000e+00
5.789938973270372990e+00 5.775080270286687273e-02 0.000000000000000000e+00 1.496632897889980107e+01 0.000000000000000000e+00 8.369859921254992230e+00 1.445320373827510885e+01 -1.663423943950445860e+01 0.000000000000000000e+00 0.000000000000000000e+00 1.543672729867878246e+01 -1.491875747903081084e+01 0.000000000000000000e+00 0.000000000000000000e+00 0.000000000000000000e+00 -1.113479657400140077e+01 7.737384514501000510e+00 9.301784165765268619e-02 2.828925202115134763e+00 0.000000000000000000e+00 1.570168302905961788e+01 2.698472700665527313e+01 -4.752236925014742042e+00 1.042764276504057186e+01 0.000000000000000000e+00
0.000000000000000000e+00 0.000000000000000000e+00 0.000000000000000000e+00 3.515774043087743550e+00 0.000000000000000000e+00 -2.253095507754177884e+00 -1.539479668676415836e+00 -2.949676405147883784e+01 0.000000000000000000e+00 0.000000000000000000e+00 -9.898890590710148984e+00 -3.075428968385351070e+00 -2.768594124592584027e+00 0.000000000000000000e+00 0.000000000000000000e+00 1.176019254581429330e+01 2.034280717375854586e+00 -8.132512391182991962e+00 6.061663865456018603e-03 0.000000000000000000e+00 3.548849059126671701e+00 3.984513897968087193e+00 -1.272806412539635446e+01 5.717562275103104108e-01 0.000000000000000000e+00
0.000000000000000000e+00 0.000000000000000000e+00 0.000000000000000000e+00 2.319305025848372281e+00 0.000000000000000000e+00 -1.697047796280384091e+01 -1.857998497907536617e+01 2.999999999999999645e+01 0.000000000000000000e+00 0.000000000000000000e+00 1.782050308753817447e+01 1.967066956070819117e+01 -9.625853716628620660e+00 0.000000000000000000e+00 0.000000000000000000e+00 -1.781899871700031213e+01 -5.609391066432150907e+00 2.741604118683776647e+01 0.000000000000000000e+00 0.000000000000000000e+00 1.565988401944986119e+00 -2.096617299295107983e+01 -1.865232986676890903e+01 -1.202126881563431482e+01 0.000000000000000000e+00
0.000000000000000000e+00 0.000000000000000000e+00 0.000000000000000000e+00 0.000000000000000000e+00 0.000000000000000000e+00 -2.310257387148583419e+01 -2.464048357518469601e+01 2.783670297783706715e+01 0.000000000000000000e+00 0.000000000000000000e+00 5.654248835802977435e-01 -9.814304534536933744e+00 7.295359099699251004e+00 0.000000000000000000e+00 0.000000000000000000e+00 2.307497920929025526e+01 4.267299912452783950e+00 1.635726972387030287e+01 -2.409450801543096266e-01 0.000000000000000000e+00 -1.536993604084037379e+01 2.927360079788063629e+01 -2.341107667509162837e+01 -2.042196740337181282e+01 0.000000000000000000e+00
0.000000000000000000e+00 0.000000000000000000e+00 0.000000000000000000e+00 0.000000000000000000e+00 0.000000000000000000e+00 2.901787741971939383e+01 2.477805298181893789e+01 1.346446938507224012e+01 -3.175189261614425273e+00 0.000000000000000000e+00 -1.632767293757628480e+01 -7.073668814848924846e+00 -1.437272075873851129e+01 -5.131295114265685964e-01 0.000000000000000000e+00 7.651839060536723025e+00 -1.601750005632025164e+01 -2.149799825723766933e+00 -7.582545384885272632e+00 0.000000000000000000e+00 -1.757670592654334740e+01 3.000000000000000000e+01 3.000000000000000000e+01 -2.292760513396315503e+01 0.000000000000000000e+00
0.000000000000000000e+00 0.000000000000000000e+00 0.000000000000000000e+00 0.000000000000000000e+00 0.000000000000000000e+00 2.048080601991667749e+01 1.447119661041942784e+01 1.645919719090439104e+00 -1.902495638781337917e+01 0.000000000000000000e+00 -3.000000000000000000e+01 -2.226411493169708322e+01 -2.750219775784039200e+01 -1.415821009917840101e+01 0.000000000000000000e+00 -6.955399910751963510e+00 -2.828566859017423951e+01 -1.493770994686599174e+01 -1.628494338411654851e+01 0.000000000000000000e+00 -2.012974564091103602e+01 2.291450645615437764e+01 2.211962207503029987e+01 2.330660021654351510e+01 0.000000000000000000e+00
0.000000000000000000e+00 0.000000000000000000e+00 0.000000000000000000e+00 0.000000000000000000e+00 0.000000000000000000e+00 1.384630731440637597e+01 1.216349311805400291e+01 0.000000000000000000e+00 -1.803608771412717360e+01 0.000000000000000000e+00 2.432960320609440075e+01 3.000000000000000000e+01 2.668454858443544353e+01 -2.884009249520827112e+01 0.000000000000000000e+00 -1.960371505415135829e+01 2.837204197102350278e+01 -2.346304132541776610e+01 3.000000000000000000e+01 0.000000000000000000e+00 3.000000000000000000e+01 3.966010932226050389e+00 7.582257231648720897e+00 1.834046290490912767e+01 0.000000000000000000e+00
0.000000000000000000e+00 0.000000000000000000e+00 0.000000000000000000e+00 0.000000000000000000e+00 0.000000000000000000e+00 1.220079741391185468e+00 1.587852393130911866e-02 0.000000000000000000e+00 -2.803181701613633336e+01 0.000000000000000000e+00 1.584565558242377037e+01 2.140465893579403556e+01 6.869201045421882146e-01 3.000000000000000000e+01 0.000000000000000000e+00 3.000000000000000000e+01 1.980756721465268200e+01 1.602963043045005165e+01 2.048513281018800214e+01 0.000000000000000000e+00 2.330032724074265715e+01 -9.888141124162672213e+00 -4.954636224926563942e-02 1.001059811081834283e+01 0.000000000000000000e+00
0.000000000000000000e+00 0.000000000000000000e+00 0.000000000000000000e+00 0.000000000000000000e+00 0.000000000000000000e+00 0.000000000000000000e+00 0.000000000000000000e+00 0.000000000000000000e+00 2.809250349196224761e+01 0.000000000000000000e+00 3.082902805613592978e+00 -8.166430637093910150e+00 -4.424086559853969369e+00 1.802230513416282065e+01 0.000000000000000000e+00 2.995595453658412310e+01 -1.680702263283755160e+00 -1.035669897178774157e+01 8.384188580064247276e+00 0.000000000000000000e+00 2.198181883735684039e+01 -1.997263603013430355e+01 -1.161131540700445441e+01 -7.064380328948663745e+00 0.000000000000000000e+00
0.000000000000000000e+00 0.000000000000000000e+00 0.000000000000000000e+00 0.000000000000000000e+00 0.000000000000000000e+00 -2.245344177248488560e+00 0.000000000000000000e+00 0.000000000000000000e+00 1.844837101140187485e+01 0.000000000000000000e+00 1.089868914775957087e+01 2.365697959268275952e+01 8.561378284674836081e+00 7.874394094584945769e+00 0.000000000000000000e+00 2.668818908378796539e+00 7.148022337427923034e+00 1.548821129106068639e+01 -2.844546485121828727e+00 0.000000000000000000e+00 8.395186271177275117e+00 1.759863979559433389e+01 7.400543935274083829e+00 -2.202780644513266139e+01 -5.791347591165757480e-01
0.000000000000000000e+00 0.000000000000000000e+00 0.000000000000000000e+00 0.000000000000000000e+00 0.000000000000000000e+00 -9.223485515344444607e+00 0.000000000000000000e+00 0.000000000000000000e+00 9.026546876384514917e+00 0.000000000000000000e+00 9.586527339828933236e+00 7.579369958866156054e+00 3.252283462448711613e-03 -1.747532950385609141e+01 0.000000000000000000e+00 -1.827070690876112025e+01 -1.100912430298905065e+01 6.557072480743470599e+00 -7.898124990227711528e+00 0.000000000000000000e+00 1.317762799316927413e+01 -4.276292601884851052e+00 1.912847547093511480e+01 1.858608403628536365e+01 -4.941995626244933604e+00
0.000000000000000000e+00 0.000000000000000000e+00 0.000000000000000000e+00 0.000000000000000000e+00 0.000000000000000000e+00 -1.547761183163310861e+01 -7.024847185128341165e-02 0.000000000000000000e+00 2.170717551870063600e-01 -2.802343675115482463e-02 -1.080655130947311804e+00 -8.392452561632766928e-02 -8.300732948472955286e-01 -2.475678082812454939e+00 0.000000000000000000e+00 -3.283700979463261227e+00 6.140519259991997103e+00 -8.056571792493832262e+00 -4.314474428257613958e+00 -3.345141557369813445e-01 -7.715031863052274730e+00 3.112852078112923193e-01 1.879881428270220090e+00 -1.004606125484358570e+00 -8.485736599644777556e+00
0.000000000000000000e+00 0.000000000000000000e+00 0.000000000000000000e+00 0.000000000000000000e+00 0.000000000000000000e+00 -2.180929987846694118e+01 -2.537450214570976303e+00 -8.331814188537295385e-01 -1.352050854544621394e+01 -5.657424011710860512e+00 -5.011180392890694613e+00 -1.104324653033821590e+01 -1.338792360489649980e+01 -2.326009259325135758e+01 -2.128843339765378040e-02 1.149209605760423791e+01 -1.281398234788701629e+01 -2.082038633140941997e+01 1.866239511143168883e+00 -1.394337705786406190e+01 3.679967123673821394e+00 -5.723438713981186865e+00 8.167970348856323781e-01 -1.694330254773523503e+00 -9.346054872726039520e+00
0.000000000000000000e+00 0.000000000000000000e+00 0.000000000000000000e+00 0.000000000000000000e+00 0.000000000000000000e+00 -2.503086517841072478e+01 -1.758811348872235314e+01 -1.850693889463464359e+01 -8.272094478680866558e+00 -1.809959240598387353e+01 -1.113076005618979636e+01 -2.092752217889925959e+01 -1.611106305752934276e+01 -1.880767344216324632e+00 -7.575152181589256628e+00 -1.346186371077353350e+01 -1.237680671138605959e+01 -2.285208715326069040e+01 -2.594768351894575531e+01 -2.966837744820148970e+01 -7.949757386007595628e+00 -1.826863244329210190e+01 -4.020957635906052374e+00 -1.284649421140103165e+01 -1.262387633319951696e+01
0.000000000000000000e+00 0.000000000000000000e+00 0.000000000000000000e+00 0.000000000000000000e+00 0.000000000000000000e+00 -1.123885404887646189e+01 -1.141448423066408857e+01 -1.480465735266780491e+01 -8.786513994279705031e+00 -2.616853973800590438e+01 -2.319777181660204590e+01 -2.999999999999999645e+01 -2.575433135283531882e+01 1.897197648765718725e+01 -2.284314849702757400e+01 -2.712638184845666345e+01 1.419622275595907368e+01 2.578972088482650449e+01 1.999081901720922616e+01 -2.980746020299894639e+01 -1.747304581911814125e+01 -2.951116769197590273e+01 -1.893692395534419148e+01 -2.757081328875792892e+01 -2.137245348090691976e+01
