# yaw
0.000000000000000000e+00 0.000000000000000000e+00 0.000000000000000000e+00 0.000000000000000000e+00 0.000000000000000000e+00 1.171573866745697678e+01 -9.816230851362304222e+00 -8.014305786643605600e+00 -1.211914057614362150e+01 1.603838128990706124e+01 2.798978169849755915e+01 2.995284497568916748e+01 8.908078512761935741e+00 9.758517240095880396e+00 2.818668074654437206e+01 3.000000000000000000e+01 1.403364613234751346e+01 2.670625843714507042e+01 6.237660500775246142e+00 2.151256691043581171e+01 3.000000000000000000e+01 -2.987778707420837065e+01 -2.527092797988316875e+01 2.598901607378167000e+01 2.986506018850018407e+01
0.000000000000000000e+00 0.000000000000000000e+00 0.000000000000000000e+00 0.000000000000000000e+00 0.000000000000000000e+00 2.592478434654248431e+01 -8.277872081344462174e+00 3.000000000000000000e+01 2.055085273547405578e+01 2.339803336088626295e+01 1.633903085201874461e+01 1.261809315091802119e+01 1.546515165933453950e+01 1.771092651342400615e+01 1.543964543547551926e+01 1.560013021915900921e+01 2.190831865022014213e+00 8.594612530998116284e+00 0.000000000000000000e+00 1.767228739081471289e+01 1.700236484792153391e+01 3.000000000000000000e+01 2.875591904097828788e+01 2.984272755205320138e+01 1.858484896573157386e+01
0.000000000000000000e+00 0.000000000000000000e+00 0.000000000000000000e+00 0.000000000000000000e+00 0.000000000000000000e+00 1.723144956170004249e+01 1.912701888446236254e+01 2.466318259254225609e+01 2.003674722109648343e+01 1.268748309174947408e+01 6.820744793412968576e+00 7.510663673999233916e-03 1.314040196801378402e+00 2.072122382604912050e-01 6.061084482071183999e+00 4.749491909322454686e-01 -7.531528941926948661e+00 -7.079652941248216168e-03 0.000000000000000000e+00 8.818824842452147594e-01 1.605678600554915292e+01 -6.268109206218341001e+00 3.281970173782917222e+00 2.605591385418302153e+01 2.296936646337345778e+01
0.000000000000000000e+00 0.000000000000000000e+00 0.000000000000000000e+00 0.000000000000000000e+00 0.000000000000000000e+00 8.122041076186176767e+00 1.777416955766857853e+01 1.883475009232070008e+01 1.586931490394602662e+01 2.118351978566963556e+00 0.000000000000000000e+00 0.000000000000000000e+00 0.000000000000000000e+00 0.000000000000000000e+00 -3.076493571388791773e-02 0.000000000000000000e+00 2.451542328052982000e+01 -1.993785499454287091e+01 -5.600121132702988724e+00 2.370123812391934237e+01 1.204024165348350728e+01 3.000000000000000000e+01 -1.607572665601546191e+01 3.000000000000000000e+01 1.030398486953465031e+01
0.000000000000000000e+00 0.000000000000000000e+00 0.000000000000000000e+00 0.000000000000000000e+00 0.000000000000000000e+00 9.473420716948152687e-02 1.599400237427639659e+01 1.637419746626433792e+01 3.689317363164572594e+00 0.000000000000000000e+00 0.000000000000000000e+00 -8.036008319313138415e+00 -1.891315132902157345e-02 0.000000000000000000e+00 -1.169085078538118516e+01 0.000000000000000000e+00 3.438605683012315506e+00 1.496557306826935729e+01 1.737821630969306952e+01 8.671673891392766009e+00 5.973826245114451261e+00 2.994984050372287854e+01 1.497993674390229657e+01 1.781910106971949403e+01 -1.253186522419533322e+00
0.000000000000000000e+00 0.000000000000000000e+00 0.000000000000000000e+00 0.000000000000000000e+00 0.000000000000000000e+00 0.000000000000000000e+00 1.094612510438259889e+01 3.853354821250027484e+00 2.571861136176743431e-02 0.000000000000000000e+00 0.000000000000000000e+00 -1.021577780380017053e+01 -1.223971087466816776e+01 -7.582235870358115803e-02 -1.856855283439607618e+01 0.000000000000000000e+00 -2.800912437200836180e+01 -4.521623363058030698e+00 1.196291568228165847e+00 -1.654171485237363726e+01 0.000000000000000000e+00 1.779502206072978510e+01 9.641864874555981402e+00 2.344476935755234415e+00 3.307111676503282194e+00
0.000000000000000000e+00 0.000000000000000000e+00 0.000000000000000000e+00 0.000000000000000000e+00 0.000000000000000000e+00 0.000000000000000000e+00 1.201728384664901617e+00 6.651522918601142191e-03 0.000000000000000000e+00 -3.032647076770143890e+00 0.000000000000000000e+00 -3.519916809118567969e+00 -7.959769624505488750e+00 -1.739438531916090369e+01 2.745953421742403755e+00 0.000000000000000000e+00 2.465179638359066061e+01 -4.736102303224841492e+00 -1.360342944569120860e+01 -1.974832966526844369e-01 0.000000000000000000e+00 1.311557365897234817e+01 1.605674842321520757e+01 1.606772243014131263e+01 1.395172309115007669e+00
0.000000000000000000e+00 0.000000000000000000e+00 0.000000000000000000e+00 0.000000000000000000e+00 0.000000000000000000e+00 0.000000000000000000e+00 0.000000000000000000e+00 0.000000000000000000e+00 0.000000000000000000e+00 -1.632532154845000960e+01 0.000000000000000000e+00 -2.217991728736298640e+01 2.836851542933037607e+01 1.824930842333451153e+01 1.860775550580927629e+01 0.000000000000000000e+00 3.564809501796549540e+00 2.421938742615110129e+01 2.840601349095640415e+01 2.370416948803845969e+01 0.000000000000000000e+00 0.000000000000000000e+00 1.974285636106526409e+00 -5.167758721833099145e+00 -4.241860716603827797e+00
0.000000000000000000e+00 0.000000000000000000e+00 0.000000000000000000e+00 0.000000000000000000e+00 0.000000000000000000e+00 0.000000000000000000e+00 0.000000000000000000e+00 0.000000000000000000e+00 0.000000000000000000e+00 -1.882374604234065529e+01 0.000000000000000000e+00 2.563059991331594034e+01 2.799809816175651722e+00 4.175426057328435192e+00 8.416987973027633130e-01 0.000000000000000000e+00 0.000000000000000000e+00 4.742118499039983170e+00 1.683169874942849731e+01 4.867588840840676667e+00 0.000000000000000000e+00 0.000000000000000000e+00 -1.544830417039396409e+01 -3.022379755333260309e+00 -4.809423654790589281e-02
0.000000000000000000e+00 0.000000000000000000e+00 0.000000000000000000e+00 0.000000000000000000e+00 0.000000000000000000e+00 0.000000000000000000e+00 -2.771106925292944980e-04 0.000000000000000000e+00 0.000000000000000000e+00 2.695446926356738970e+01 0.000000000000000000e+00 8.560638669376196219e+00 2.428571153663425974e+01 9.197780703736947672e+00 7.224222576734660173e+00 0.000000000000000000e+00 0.000000000000000000e+00 -7.901290664443719081e+00 -3.950990440410520943e+00 -4.628606800110659947e+00 0.000000000000000000e+00 -2.092101455368914120e+00 8.560525792922838662e+00 1.705428046358916205e+01 4.351277596841517159e+00
0.000000000000000000e+00 0.000000000000000000e+00 0.000000000000000000e+00 0.000000000000000000e+00 0.000000000000000000e+00 0.000000000000000000e+00 -5.903248604336808647e+00 -2.548352656367585567e+00 -2.108318872963758361e-01 1.463872242731978268e+01 0.000000000000000000e+00 0.000000000000000000e+00 5.235552689295159823e-01 1.059515976765680811e+01 1.634781920572857983e+00 0.000000000000000000e+00 0.000000000000000000e+00 1.528865445072699281e+01 -4.876414892999067163e+00 6.316760461464720144e+00 0.000000000000000000e+00 -1.380417951811302579e+01 -1.617816384438940380e+00 -6.950959667056124357e-03 -9.743294143624297021e+00
0.000000000000000000e+00 0.000000000000000000e+00 0.000000000000000000e+00 0.000000000000000000e+00 0.000000000000000000e+00 0.000000000000000000e+00 -2.186129309621243522e+01 -1.593176376404025874e+01 -1.489248461703817838e+01 1.849294289859293228e+00 0.000000000000000000e+00 0.000000000000000000e+00 -1.307577374023026984e+01 -1.291194051324796988e+01 1.417034495243124859e+01 0.000000000000000000e+00 0.000000000000000000e+00 3.762265939250081237e-02 1.142345368541452899e+01 -1.640512082103182578e+01 0.000000000000000000e+00 -2.101833625493337010e+01 -1.499953751006571601e+01 -1.425281401258242298e+01 -2.227667197420949918e+01
0.000000000000000000e+00 0.000000000000000000e+00 0.000000000000000000e+00 0.000000000000000000e+00 0.000000000000000000e+00 0.000000000000000000e+00 9.780113586102368473e+00 -2.332236527470262288e+01 1.117926513299022595e+01 -6.914326697396324661e+00 0.000000000000000000e+00 0.000000000000000000e+00 1.030175620934176628e+01 4.642286092106654216e+00 -4.198513567197380780e+00 0.000000000000000000e+00 0.000000000000000000e+00 0.000000000000000000e+00 1.694357612105068256e+01 8.196640510368585097e+00 0.000000000000000000e+00 2.772208227479498177e+01 -2.219265066957082411e+01 -2.155307301766832495e+01 3.000000000000000000e+01
0.000000000000000000e+00 0.000000000000000000e+00 0.000000000000000000e+00 0.000000000000000000e+00 0.000000000000000000e+00 0.000000000000000000e+00 2.361793615930028878e+01 2.342624441610242769e+01 1.587803696372879969e+01 -2.050758635645051697e+01 0.000000000000000000e+00 -3.748257499844841245e+00 3.303276235240760637e-04 -1.019603477684817605e+01 1.272805072543202165e+01 0.000000000000000000e+00 0.000000000000000000e+00 0.000000000000000000e+00 1.631313918953488429e+00 -2.653901676157167877e+00 0.000000000000000000e+00 1.875595075592893934e+01 2.090624962296827860e+01 2.442371042959932481e+01 2.018966126525637605e+01
0.000000000000000000e+00 0.000000000000000000e+00 0.000000000000000000e+00 0.000000000000000000e+00 0.000000000000000000e+00 0.000000000000000000e+00 8.219097984046062066e+00 1.420974809908552627e+00 -4.263090053703973759e+00 1.963119698090569187e+00 0.000000000000000000e+00 -1.229384121526809182e+01 -1.457144278383235292e-01 4.946419409592539118e+00 -2.538933401218781860e+00 0.000000000000000000e+00 0.000000000000000000e+00 0.000000000000000000e+00 0.000000000000000000e+00 6.075680721860632794e+00 0.000000000000000000e+00 3.413582931900006834e+00 -1.741258405224899997e-01 6.438282197859187761e+00 8.603618828122753470e+00
0.000000000000000000e+00 -6.709087343958183292e-01 -1.074323123617311054e-01 0.000000000000000000e+00 -6.912489984384249553e+00 0.000000000000000000e+00 1.834951773717774168e-02 -3.728441856011471156e+00 -1.774681451293687573e+01 -5.247624598872149271e+00 0.000000000000000000e+00 -2.428195028632553232e+01 -8.391232281150010408e+00 -2.592914957893434291e+00 -3.211541336716756678e+00 0.000000000000000000e+00 -1.282099536566727767e-02 -4.116901668434926442e+00 -1.871344378956162624e-01 0.000000000000000000e+00 0.000000000000000000e+00 -2.618549422003032312e+00 1.000227018696601355e+01 7.687990402496114761e+00 -5.219901771191267414e+00
0.000000000000000000e+00 -9.812666423982548736e+00 -1.162653168062357345e+01 -1.129553038032603318e+01 -1.290710694125905533e+01 0.000000000000000000e+00 0.000000000000000000e+00 -1.288546847602524004e+01 2.672662013500071709e-01 2.999999999999999289e+01 0.000000000000000000e+00 9.215717150757187781e+00 -1.998534833664886179e+01 -1.828092770492358454e+01 -1.191796866126534660e+01 0.000000000000000000e+00 -3.519603619245340376e+00 -1.282945063919887296e+01 -1.088960824167985031e+01 0.000000000000000000e+00 0.000000000000000000e+00 -1.602973038009064766e+01 -1.021272605083487761e+01 -1.893824172522790761e+01 -6.890449789508630296e+00
0.000000000000000000e+00 -1.813391006595855259e+01 -2.444329528865819867e+01 -2.999999999796727579e+01 -2.026541050161383239e+01 0.000000000000000000e+00 -2.643711747132869938e+00 -9.539783544003920923e+00 2.313245523224440703e+01 2.516049200329395674e+01 0.000000000000000000e+00 1.640316786383262126e+01 1.628823998964514175e+01 -4.063993489923640179e-01 -2.430164493949143889e+01 0.000000000000000000e+00 -2.023458101162662004e+01 -1.650078625166912616e+01 -1.840215976668309850e+01 -2.091632700168670311e+01 0.000000000000000000e+00 -1.639652241697631752e+01 -2.542289699818433135e+01 -2.714278362924307686e+01 -2.113063911976246700e+01
0.000000000000000000e+00 3.000000000000000000e+01 3.000000000000000000e+01 3.000000000000000000e+01 2.957366666739406114e+01 0.000000000000000000e+00 -1.278923298141662634e+01 -2.592522385094215664e+01 1.467430024838161984e+01 1.005259681495249602e+01 0.000000000000000000e+00 1.285686873116602236e+01 1.997179174803702750e+01 2.213795287373665488e+01 2.869358507968178884e+01 0.000000000000000000e+00 -1.692760830041374476e+01 2.931547778509506585e+01 2.228383346272334009e+01 -2.442010176350452255e+01 0.000000000000000000e+00 2.999999350099894713e+01 3.000000000000000000e+01 3.000000000000000000e+01 2.999999370375264007e+01
0.000000000000000000e+00 2.623731396015973516e+01 1.724969205055411337e+01 1.947130033582838138e+01 1.624975419325514636e+01 0.000000000000000000e+00 -1.386545099807689141e+01 2.557097086222291793e+01 6.376733921599249053e-03 1.864933336215947590e-01 0.000000000000000000e+00 1.220497945474276369e+00 1.080069432175365129e+01 1.017302524450615842e+01 1.885033577490534284e+01 0.000000000000000000e+00 1.953086020642316711e+01 1.326972450249016511e+01 1.404282159612654901e+01 3.000000000000000000e+01 0.000000000000000000e+00 2.112379414885591800e+01 1.646795857896987414e+01 2.206735787016442174e+01 1.639980862677339957e+01
0.000000000000000000e+00 1.545166423358504737e+01 8.454948117274435404e+00 -1.744219591285423032e+00 2.748876581976956146e+01 0.000000000000000000e+00 2.154551490332784525e+01 6.903337757055549417e+00 0.000000000000000000e+00 -1.041107116336629090e+01 0.000000000000000000e+00 0.000000000000000000e+00 1.629919151591246562e+00 0.000000000000000000e+00 1.577735957539838907e+01 0.000000000000000000e+00 1.751202512231501984e+01 4.839939010740576530e-01 2.081476843542400257e+00 3.000000000000000000e+01 0.000000000000000000e+00 4.119227488707452700e+00 2.103708255038813313e+00 1.065312709832185512e+01 9.785820740126272455e+00
0.000000000000000000e+00 1.005271703714405085e+01 -1.002804626657605391e+00 1.065084123564739826e+01 1.125828763129298338e+01 0.000000000000000000e+00 1.385893384323650324e+01 1.668279247379562957e-02 -1.531142189747125215e+01 -9.659284086511725320e+00 0.000000000000000000e+00 0.000000000000000000e+00 0.000000000000000000e+00 0.000000000000000000e+00 1.788348005501350357e+01 0.000000000000000000e+00 1.916623572780984475e+01 -5.423487891214439749e+00 3.067749989756328510e+00 7.493570255336819308e+00 0.000000000000000000e+00 2.633689865171284263e-03 0.000000000000000000e+00 0.000000000000000000e+00 2.508678596980839615e+00
0.000000000000000000e+00 0.000000000000000000e+00 -2.068115960532896480e+01 -1.022677199257398151e+01 -1.242768146210067703e+00 0.000000000000000000e+00 1.924288016198391515e+00 0.000000000000000000e+00 1.572509796632014378e+01 1.351004937494890790e+01 0.000000000000000000e+00 0.000000000000000000e+00 0.000000000000000000e+00 -6.421713168883092848e+00 -6.059539074688296445e+00 0.000000000000000000e+00 3.443811705690892622e-02 2.919923622938951802e+00 -6.393127873488282376e+00 2.084792975015820105e+01 0.000000000000000000e+00 0.000000000000000000e+00 0.000000000000000000e+00 0.000000000000000000e+00 0.000000000000000000e+00
0.000000000000000000e+00 0.000000000000000000e+00 0.000000000000000000e+00 0.000000000000000000e+00 0.000000000000000000e+00 0.000000000000000000e+00 0.000000000000000000e+00 0.000000000000000000e+00 0.000000000000000000e+00 0.000000000000000000e+00 0.000000000000000000e+00 0.000000000000000000e+00 0.000000000000000000e+00 0.000000000000000000e+00 0.000000000000000000e+00 0.000000000000000000e+00 0.000000000000000000e+00 0.000000000000000000e+00 0.000000000000000000e+00 0.000000000000000000e+00 0.000000000000000000e+00 0.000000000000000000e+00 0.000000000000000000e+00 0.000000000000000000e+00 0.000000000000000000e+00
0.000000000000000000e+00 0.000000000000000000e+00 0.000000000000000000e+00 0.000000000000000000e+00 0.000000000000000000e+00 0.000000000000000000e+00 0.000000000000000000e+00 0.000000000000000000e+00 0.000000000000000000e+00 0.000000000000000000e+00 0.000000000000000000e+00 0.000000000000000000e+00 0.000000000000000000e+00 0.000000000000000000e+00 0.000000000000000000e+00 0.000000000000000000e+00 0.000000000000000000e+00 0.000000000000000000e+00 0.000000000000000000e+00 0.000000000000000000e+00 0.000000000000000000e+00 0.000000000000000000e+00 0.000000000000000000e+00 0.000000000000000000e+00 0.000000000000000000e+00
0.000000000000000000e+00 0.000000000000000000e+00 0.000000000000000000e+00 0.000000000000000000e+00 0.000000000000000000e+00 0.000000000000000000e+00 0.000000000000000000e+00 0.000000000000000000e+00 0.000000000000000000e+00 0.000000000000000000e+00 0.000000000000000000e+00 0.000000000000000000e+00 0.000000000000000000e+00 0.000000000000000000e+00 0.000000000000000000e+00 0.000000000000000000e+00 0.000000000000000000e+00 0.000000000000000000e+00 0.000000000000000000e+00 0.000000000000000000e+00 0.000000000000000000e+00 0.000000000000000000e+00 0.000000000000000000e+00 0.000000000000000000e+00 0.000000000000000000e+00
0.000000000000000000e+00 0.000000000000000000e+00 0.000000000000000000e+00 0.000000000000000000e+00 0.000000000000000000e+00 0.000000000000000000e+00 0.000000000000000000e+00 0.000000000000000000e+00 0.000000000000000000e+00 0.000000000000000000e+00 0.000000000000000000e+00 0.000000000000000000e+00 0.000000000000000000e+00 0.000000000000000000e+00 0.000000000000000000e+00 0.000000000000000000e+00 0.000000000000000000e+00 0.000000000000000000e+00 0.000000000000000000e+00 0.000000000000000000e+00 0.000000000000000000e+00 0.000000000000000000e+00 0.000000000000000000e+00 0.000000000000000000e+00 0.000000000000000000e+00
0.000000000000000000e+00 2.407215664567988256e+01 1.368103718892478149e+01 3.911471329548922515e+00 1.925926813927718584e+01 0.000000000000000000e+00 -1.705218546204534036e+01 -5.446171889479852091e+00 -2.178905074091638916e+00 -8.125239648771875878e+00 0.000000000000000000e+00 0.000000000000000000e+00 -2.376630511975657001e+01 4.591838271268653848e+00 1.327484523368658076e+00 0.000000000000000000e+00 8.742302109177856551e+00 1.023355876584947505e-01 0.000000000000000000e+00 2.400635042695097709e+01 0.000000000000000000e+00 0.000000000000000000e+00 0.000000000000000000e+00 0.000000000000000000e+00 0.000000000000000000e+00
0.000000000000000000e+00 8.265905546739308107e+00 6.568652450904495293e-04 -4.717401179608303186e-01 1.662227918954963712e+01 0.000000000000000000e+00 1.730626761457396690e+00 -1.223907972530153643e+01 2.334494487253238049e+01 -1.344944765268023446e+01 0.000000000000000000e+00 -1.108927102556309841e+01 7.529378378124205184e+00 1.112961351236058327e+01 -8.319167353695338107e+00 0.000000000000000000e+00 1.530221614338297842e+00 0.000000000000000000e+00 0.000000000000000000e+00 2.127606777188586040e+00 0.000000000000000000e+00 0.000000000000000000e+00 0.000000000000000000e+00 0.000000000000000000e+00 0.000000000000000000e+00
0.000000000000000000e+00 -1.161991645710539034e+00 -6.086694621054532586e-03 -1.563089645881008849e+01 2.920574474819119359e+00 0.000000000000000000e+00 1.770921362695968071e+01 2.760052370440103431e+01 4.776908471170503989e-01 -2.510054901556909579e-01 0.000000000000000000e+00 -2.087280767721719243e+01 1.216049155419965899e+01 -1.889384070555003703e+01 4.225775785763484116e+00 0.000000000000000000e+00 0.000000000000000000e+00 0.000000000000000000e+00 0.000000000000000000e+00 0.000000000000000000e+00 0.000000000000000000e+00 0.000000000000000000e+00 0.000000000000000000e+00 0.000000000000000000e+00 0.000000000000000000e+00
0.000000000000000000e+00 -1.649800668489742606e+01 -1.219010164474056346e+01 2.111883278498621763e+01 4.780744322270870761e+00 0.000000000000000000e+00 7.581842825540632824e-02 1.009236139420151446e+01 -2.724957866135199858e+00 1.868362410449913824e+01 0.000000000000000000e+00 1.973625198165474970e+01 -6.482457976620217721e+00 1.862067075935540217e+01 1.210599484204801612e+01 0.000000000000000000e+00 0.000000000000000000e+00 0.000000000000000000e+00 0.000000000000000000e+00 0.000000000000000000e+00 0.000000000000000000e+00 0.000000000000000000e+00 0.000000000000000000e+00 0.000000000000000000e+00 0.000000000000000000e+00
0.000000000000000000e+00 1.600304372947244858e+01 1.447627054231985610e+01 1.391554993245794902e+00 -6.124353607037345826e-02 0.000000000000000000e+00 -4.666105020670399672e-01 -8.782213118162399468e+00 9.766171277803270101e+00 -3.851053530396487012e+00 0.000000000000000000e+00 1.921041486038080848e+01 1.308595490338912271e+01 7.147575669130966369e-02 1.321073801925930802e+01 -5.170815095312570886e-01 0.000000000000000000e+00 0.000000000000000000e+00 0.000000000000000000e+00 0.000000000000000000e+00 0.000000000000000000e+00 0.000000000000000000e+00 0.000000000000000000e+00 0.000000000000000000e+00 0.000000000000000000e+00
-4.401885792861238045e+00 3.673915921374669158e-01 -6.055290051619420133e+00 5.138908626885855924e+00 1.167889605013753851e+01 0.000000000000000000e+00 -8.594118338533233370e+00 4.405970190160437561e+00 5.701457213637882937e+00 1.125201523487475441e+01 0.000000000000000000e+00 4.557183681199808767e+00 5.506600800734122725e-01 -7.393798699076549463e-02 1.685159975455324144e+00 -1.119691527735555958e+01 0.000000000000000000e+00 0.000000000000000000e+00 -3.481029195335601512e-01 -2.427951620337501559e+00 0.000000000000000000e+00 0.000000000000000000e+00 0.000000000000000000e+00 0.000000000000000000e+00 0.000000000000000000e+00
-1.009563338103310670e+01 -1.113283087578374442e+01 -3.890918096636724943e+00 3.424597100654430459e+00 5.537054939207403770e+00 -2.083559047682237431e+00 7.847691351564514584e+00 1.305110340509112454e+01 3.603449265226588150e-02 8.671066913475247162e+00 0.000000000000000000e+00 -1.036377636451123185e-01 0.000000000000000000e+00 -8.903577566221468231e+00 -8.426780697390126584e-02 -1.418778282092948295e+01 0.000000000000000000e+00 0.000000000000000000e+00 -4.523672998803789369e+00 -1.146372028066419624e+01 0.000000000000000000e+00 0.000000000000000000e+00 0.000000000000000000e+00 0.000000000000000000e+00 0.000000000000000000e+00
-1.216352772566584939e+01 -9.124757065677634671e+00 -7.657311815651489439e+00 -1.098338098836835286e+01 -1.061509857680712265e+01 -1.498854334565264601e+01 -8.426867783531500677e+00 -2.728414436105154550e+00 -5.757796670441297060e+00 -1.199479471545104126e+01 -2.906587337626382328e-01 -1.529470399155916382e+01 -7.754235882953285142e+00 -1.986397536665372954e+01 -7.450640758529021745e+00 -1.796867225717074490e+01 -1.525275951906463368e+00 -6.800559852068008837e+00 -1.423504897346976428e+01 -1.757201922059758914e+01 0.000000000000000000e+00 0.000000000000000000e+00 0.000000000000000000e+00 0.000000000000000000e+00 0.000000000000000000e+00
-1.819754873051379818e+01 -1.575502758082864041e+01 -1.288462177949478615e+01 -1.541409747976530475e+01 -1.562865906056551957e+01 -2.349309704650026021e+01 -2.070042741863750990e+01 -2.012397910491118580e+01 -2.669003133273909967e+01 -2.281730703882481492e+01 -1.404660786420609142e+01 -2.305120543076899864e+01 -1.396695330060281748e+01 2.156987506939745813e+01 -1.757053526478225436e+01 -2.281711280258140917e+01 -1.262638644804594001e+01 -1.612864798093083252e+01 -1.081692709609331793e+01 -2.475758872840426505e+01 0.000000000000000000e+00 0.000000000000000000e+00 0.000000000000000000e+00 0.000000000000000000e+00 0.000000000000000000e+00
2.914112535353158506e+01 -3.000000000000000000e+01 -2.576408605331577917e+01 -3.000000000000000000e+01 2.732818269849306603e+01 2.978560352860968763e+01 1.669216044612980099e+01 2.772686474474362583e+01 1.854653793881526624e+01 2.918979973655483562e+01 2.549892902374051218e+01 2.564640254728930913e+01 -2.813429436322732968e+01 5.437936607232082942e+00 2.676621111676834275e+01 2.640945083539198635e+01 -8.523514084161565307e+00 -1.785691117125274374e+01 -1.178722142841156639e+01 2.628136156042034344e+01 0.000000000000000000e+00 0.000000000000000000e+00 0.000000000000000000e+00 0.000000000000000000e+00 0.000000000000000000e+00
1.620293740666397753e+01 2.815870196035117701e+01 2.167290483819465763e+01 2.861690619583781725e+01 1.434379361344224080e+01 2.074588447045224271e+01 1.008781489031476220e+01 1.666574661062870533e+01 1.485607321459402996e+01 1.888432871234487465e+01 8.868332138776178653e+00 4.965036909886435978e+00 1.344636976659507255e+01 1.713013074873801812e-04 1.168285481160845940e+01 2.186536155040134588e+01 -1.146275009190655148e+01 -1.519042896996092651e+01 3.306379926351974863e+00 2.301830361096118693e+01 0.000000000000000000e+00 0.000000000000000000e+00 0.000000000000000000e+00 0.000000000000000000e+00 0.000000000000000000e+00
8.967024491774457928e+00 2.269438083100307679e+01 1.439578446658830124e+01 2.843963109554537283e+01 9.437605540335148646e+00 9.686378644739711774e+00 5.448116658149815966e-02 2.734227437299064256e+00 -3.517373285336984901e-01 6.813509776905517512e+00 2.196737676593923938e-01 0.000000000000000000e+00 1.378234197943098080e-02 0.000000000000000000e+00 1.131057108412402701e-01 1.735775800752061571e+01 4.301683748581723421e+00 -1.823727045466635133e+01 1.411763314337443909e+01 1.430416683772758013e+01 0.000000000000000000e+00 0.000000000000000000e+00 0.000000000000000000e+00 0.000000000000000000e+00 0.000000000000000000e+00
1.391056233122507457e+01 2.800918306934621071e+01 2.142619881155633266e+01 1.801374543722921118e+01 1.321282238700008937e+00 -1.049874728575389327e+01 -9.228653049183977330e+00 -2.576450999309444878e+00 1.755862066200165117e+01 0.000000000000000000e+00 -4.580022198133301323e-04 0.000000000000000000e+00 0.000000000000000000e+00 -2.562023182847834146e+00 0.000000000000000000e+00 1.288528851369057726e+01 1.532657874814198529e+01 2.318772441155725161e+01 1.387104611206471816e+01 9.239440531498983589e+00 0.000000000000000000e+00 0.000000000000000000e+00 0.000000000000000000e+00 0.000000000000000000e+00 0.000000000000000000e+00
-4.396979033462159236e+00 1.390891090872366220e+01 1.244881968611736056e+01 1.600014350329928448e+01 0.000000000000000000e+00 9.671781652761866965e+00 9.731792567812391326e+00 1.719687218077310931e+01 5.649036854953123132e+00 0.000000000000000000e+00 -7.201306084903628779e+00 -1.351267744284418912e-02 -7.613014643150447808e-04 -1.646191718489857791e+01 0.000000000000000000e+00 6.760017672868142924e+00 1.325722122017597648e+01 2.046730264039184632e+01 1.239057161558569220e+01 6.784067064556413562e-02 0.000000000000000000e+00 0.000000000000000000e+00 0.000000000000000000e+00 0.000000000000000000e+00 0.000000000000000000e+00
-1.209356726979474317e+01 2.185236852688747078e+01 4.752257942450618167e+00 8.950623733580815866e+00 0.000000000000000000e+00 0.000000000000000000e+00 -7.518474493858283703e-01 1.027454520555207029e+00 -1.364437193851221863e+01 0.000000000000000000e+00 -2.512397558593368174e+01 -1.492753762374967330e+01 -7.779881772491409109e+00 -1.393852627268831057e+01 0.000000000000000000e+00 0.000000000000000000e+00 6.806424296083395831e+00 1.176197577082977119e+01 4.111583414369022194e+00 0.000000000000000000e+00 0.000000000000000000e+00 0.000000000000000000e+00 0.000000000000000000e+00 0.000000000000000000e+00 0.000000000000000000e+00
8.289936932935230374e+00 1.443519539064041091e+01 -4.287289025094980666e+00 -1.662056181666592636e+00 0.000000000000000000e+00 -1.124667557608717239e+01 -1.628337847229867918e+01 3.142164032182610534e-01 2.581976096241303154e+01 0.000000000000000000e+00 1.816352788244799399e+01 2.679610618733471128e+01 -1.416583848395041834e+01 3.000000000000000000e+01 0.000000000000000000e+00 0.000000000000000000e+00 5.740931062687687714e+00 7.426409416029936317e+00 3.525705231834877496e-02 0.000000000000000000e+00 0.000000000000000000e+00 0.000000000000000000e+00 0.000000000000000000e+00 0.000000000000000000e+00 0.000000000000000000e+00
-3.418491351865276862e+00 -3.503767712026557124e+00 7.879065393248500193e+00 -1.439743901004627880e+01 0.000000000000000000e+00 -2.881846939373695804e+01 2.253517635924589513e+01 -1.383432831766651638e+01 1.598959502644842168e+01 0.000000000000000000e+00 4.368191504257444180e+00 1.807052520590910305e+01 2.810868255559133644e+01 1.529839462853571241e+01 0.000000000000000000e+00 0.000000000000000000e+00 0.000000000000000000e+00 2.794840283832815686e-01 0.000000000000000000e+00 0.000000000000000000e+00 0.000000000000000000e+00 0.000000000000000000e+00 0.000000000000000000e+00 0.000000000000000000e+00 0.000000000000000000e+00
-8.090846092595242567e+00 -3.599151056970339990e+00 -2.381489402183876170e+00 -2.160151050613436041e+01 0.000000000000000000e+00 2.311266232069939619e+01 1.139676655801500971e+01 2.268866943644347245e+01 1.018943665499418838e+00 0.000000000000000000e+00 -1.247195233482707799e+01 5.452060616219097433e+00 9.061445792220313322e+00 3.655979161317656878e+00 0.000000000000000000e+00 0.000000000000000000e+00 0.000000000000000000e+00 0.000000000000000000e+00 0.000000000000000000e+00 0.000000000000000000e+00 0.000000000000000000e+00 0.000000000000000000e+00 0.000000000000000000e+00 0.000000000000000000e+00 0.000000000000000000e+00
1.569574504934131376e+01 -1.967373804609930943e+00 7.798072166387208348e+00 2.360374163021343463e+01 0.000000000000000000e+00 9.869932357778289145e+00 -2.996476261172331679e+00 6.252658124558119646e+00 0.000000000000000000e+00 0.000000000000000000e+00 5.870805379903707433e+00 7.973316942738144952e+00 2.093434228789318396e+01 0.000000000000000000e+00 0.000000000000000000e+00 -1.732327827742543791e+00 0.000000000000000000e+00 0.000000000000000000e+00 -1.691898882572509533e-02 0.000000000000000000e+00 0.000000000000000000e+00 0.000000000000000000e+00 0.000000000000000000e+00 0.000000000000000000e+00 0.000000000000000000e+00
-6.968178259563852173e+00 5.245409547416639562e+00 1.897726781207092372e+00 1.469968016756919660e+01 0.000000000000000000e+00 3.644444355080017850e+00 1.387268889579705400e+00 -9.169662128021563774e+00 0.000000000000000000e+00 0.000000000000000000e+00 1.076367215402767030e+01 -3.818765578129740490e+00 8.275616309260889203e-01 0.000000000000000000e+00 0.000000000000000000e+00 -1.375264063720123175e+01 -1.600862664257152623e+00 -7.839741655688856059e-02 -8.587662520018541912e+00 0.000000000000000000e+00 0.000000000000000000e+00 0.000000000000000000e+00 0.000000000000000000e+00 0.000000000000000000e+00 0.000000000000000000e+00
-1.860592240170761613e+01 -1.880926667082848525e+01 -1.490811504122222253e+01 1.820349269713460671e+00 0.000000000000000000e+00 -1.606674937904499956e+01 -1.063267796266906906e+01 1.590370789775903582e+01 0.000000000000000000e+00 0.000000000000000000e+00 5.297223142511023219e+00 1.655549909917832707e+01 -1.209408711466140041e+01 0.000000000000000000e+00 0.000000000000000000e+00 -2.087455302032218540e+01 -1.499752209350081955e+01 -9.754636204501821339e+00 -1.915343626667362997e+01 0.000000000000000000e+00 0.000000000000000000e+00 0.000000000000000000e+00 0.000000000000000000e+00 0.000000000000000000e+00 0.000000000000000000e+00
3.000000000000000000e+01 -2.410018937750366064e+01 -2.165545692031356140e+01 0.000000000000000000e+00 0.000000000000000000e+00 1.138385871961433260e+01 2.760086016511182461e+00 9.378913584567385997e-02 -7.935157161912192336e+00 0.000000000000000000e+00 6.225599167443570003e+00 -2.268825730520363237e-01 8.723363766149171639e+00 0.000000000000000000e+00 0.000000000000000000e+00 2.656473633285670743e+01 -2.217561513848573540e+01 -2.104293347942061843e+01 3.000000000000000000e+01 0.000000000000000000e+00 0.000000000000000000e+00 0.000000000000000000e+00 0.000000000000000000e+00 0.000000000000000000e+00 0.000000000000000000e+00
2.122258638076991843e+01 2.277051822517369573e+01 2.357957051412027383e+01 0.000000000000000000e+00 0.000000000000000000e+00 -9.431762323706161411e+00 1.604090370159969936e+01 0.000000000000000000e+00 -8.483983269201692323e+00 0.000000000000000000e+00 -1.419733652831020487e+00 4.302441906003898531e+00 0.000000000000000000e+00 0.000000000000000000e+00 0.000000000000000000e+00 1.833604061037616262e+01 2.074367568166913500e+01 2.400469911389333433e+01 2.029963843683300695e+01 0.000000000000000000e+00 0.000000000000000000e+00 0.000000000000000000e+00 0.000000000000000000e+00 0.000000000000000000e+00 0.000000000000000000e+00
1.197131557445192307e+01 5.649369525636824818e+00 2.980016283952509504e+00 0.000000000000000000e+00 0.000000000000000000e+00 9.533950407141478678e+00 3.385517814489393245e-03 -8.356511517825791768e-02 -1.626391102993981619e+01 0.000000000000000000e+00 -1.084285313257902139e+01 -8.052193655854519294e-01 0.000000000000000000e+00 0.000000000000000000e+00 0.000000000000000000e+00 2.411820037074420053e+00 2.028002559050291698e+00 7.547449080249734266e+00 5.739758254785738423e+00 0.000000000000000000e+00 0.000000000000000000e+00 0.000000000000000000e+00 0.000000000000000000e+00 0.000000000000000000e+00 0.000000000000000000e+00
-6.676332562243307400e+00 4.938191901638839809e+00 0.000000000000000000e+00 -8.985317953116865652e+00 0.000000000000000000e+00 2.705875661668427412e+00 -1.986225192092293812e-01 -1.305907154704725137e+01 5.621241242706860319e-01 0.000000000000000000e+00 -1.117983679106857942e+01 -1.516636843143611912e+01 -2.464068669032712489e+00 -6.938367403573296066e+00 0.000000000000000000e+00 1.114134445032093801e+01 -5.205236294496198290e+00 2.638077834366471031e+00 2.720228802242401732e-03 0.000000000000000000e+00 -2.306119357912522094e+00 -2.620286304677451120e-02 -4.230726509722041589e-02 -1.112163693099104567e+00 0.000000000000000000e+00
-3.109673731812661046e+00 -1.625414025789290307e+01 -7.784084113948994244e+00 -1.731383732869182168e+01 0.000000000000000000e+00 0.000000000000000000e+00 -9.607138216572094436e+00 -3.000000000000000000e+01 1.502291632536096877e+01 0.000000000000000000e+00 -2.196513039132753420e+01 -2.152077244591201577e+01 -1.464192221327092014e+01 -1.760300733231385450e+01 0.000000000000000000e+00 -1.128427599697720751e+01 -1.079852409595594231e+01 -1.741093418239939083e+01 0.000000000000000000e+00 0.000000000000000000e+00 -1.119230666924894635e+01 -1.062416080152554620e+01 -4.804793730732275669e+00 -1.102478439798306553e+01 0.000000000000000000e+00
-1.776515547522081917e+01 -1.965670237636633999e+01 -2.042077112285585017e+01 -1.013508460665697086e+01 0.000000000000000000e+00 -1.300550254605033196e+01 -3.734894363538726392e+00 1.672603874844141103e+01 1.641415029934391256e+01 0.000000000000000000e+00 2.999750135599665768e+01 -2.690721634568181919e+00 -1.047677288802482920e+01 -1.071803733780566148e+01 0.000000000000000000e+00 -2.488085991503096039e+01 -9.994244407310805656e+00 -8.772080091918679656e+00 -1.524768473769434607e+01 0.000000000000000000e+00 -1.695203103846234427e+01 -2.112838209782663412e+01 -1.937878444785611265e+01 -1.098920059460781218e+01 0.000000000000000000e+00
3.000000000000000000e+01 3.000000000000000000e+01 2.919703760557144179e+01 2.798333886422252803e+01 0.000000000000000000e+00 -2.402925323393697354e+01 1.911252182442275682e+01 5.563266283941754153e+00 3.604421022511668848e+00 0.000000000000000000e+00 7.371167046213541241e+00 2.238317533492117306e+01 2.181527625997008357e+01 -2.340165483157276682e+01 0.000000000000000000e+00 -3.000000000000000000e+01 2.071283313038477303e+01 -3.000000000000000000e+01 -1.446763644871404075e+01 0.000000000000000000e+00 2.819671370636330465e+01 3.000000000000000000e+01 3.000000000000000000e+01 2.808132151660290177e+01 0.000000000000000000e+00
1.593167262920064786e+01 2.135644591210093779e+01 1.236173688199462006e+01 2.273015264296958904e+01 0.000000000000000000e+00 -2.779758064168884957e+01 6.989319589542213329e+00 0.000000000000000000e+00 2.352022001093508341e-01 0.000000000000000000e+00 6.733316625245430176e-01 1.114510821239566773e+01 5.834651494827411966e+00 2.738147881595058308e+01 0.000000000000000000e+00 2.708499256041664438e+01 1.187203399023875150e+01 1.881928995701806073e+01 -1.149657625835052244e+01 0.000000000000000000e+00 1.336913601171016097e+01 1.956306979814641522e+01 1.441098180396285677e+01 2.340572831424163525e+01 0.000000000000000000e+00
1.090559008717200307e+01 1.079662403332531717e+01 3.478331417529018088e-01 8.739859880753074961e+00 0.000000000000000000e+00 3.000000000000000000e+01 2.600399357244029730e+01 -5.160024891848917328e+00 0.000000000000000000e+00 0.000000000000000000e+00 -5.138155179225023517e+00 1.870609351315539293e+00 0.000000000000000000e+00 1.742438485831313955e+01 0.000000000000000000e+00 1.905940657177858100e+01 5.634008770614254424e-02 4.656588588057832268e-01 1.905275106421188624e+01 0.000000000000000000e+00 1.727543354411930920e+01 2.741403451546827963e+00 7.566618184716314310e+00 1.189586009490761143e+01 0.000000000000000000e+00
1.682476971199319493e+00 1.203724617933336942e-04 0.000000000000000000e+00 1.541454825736641998e-01 0.000000000000000000e+00 2.400140606779438457e+01 9.734623235431238086e+00 2.192727836831267929e+00 0.000000000000000000e+00 0.000000000000000000e+00 -6.755687095824415067e+00 -7.807232650606964697e+00 0.000000000000000000e+00 9.290974238632225379e+00 0.000000000000000000e+00 1.056922072022850934e+01 0.000000000000000000e+00 0.000000000000000000e+00 1.271813554566942628e+01 0.000000000000000000e+00 -5.163548202637109341e+00 2.118022274312824038e+01 -4.751034873330183039e+00 1.667585436123674159e+00 0.000000000000000000e+00
0.000000000000000000e+00 0.000000000000000000e+00 0.000000000000000000e+00 0.000000000000000000e+00 0.000000000000000000e+00 1.761754125242283209e+01 -6.627734692536213501e+00 -1.757531467823953975e+01 0.000000000000000000e+00 0.000000000000000000e+00 9.002187177005968266e+00 1.314382661706304489e+01 -2.325399668178758372e-02 2.141183359448580251e-02 0.000000000000000000e+00 -9.387814129870456492e-01 -4.901659554950385633e+00 0.000000000000000000e+00 1.073945083471057771e+00 0.000000000000000000e+00 6.880828466498718043e+00 -3.139698167452857458e+00 -1.919505397151137771e+01 0.000000000000000000e+00 0.000000000000000000e+00
0.000000000000000000e+00 0.000000000000000000e+00 0.000000000000000000e+00 0.000000000000000000e+00 0.000000000000000000e+00 -3.438110684972804698e+00 -1.923078949087697254e+01 2.725077711458093432e+01 0.000000000000000000e+00 0.000000000000000000e+00 4.562841236441728121e+00 -1.230194772206559328e+01 -1.083898362545594907e+01 0.000000000000000000e+00 0.000000000000000000e+00 6.078004019823669779e+00 2.977486587342770719e+00 -5.876748911486908490e-05 0.000000000000000000e+00 0.000000000000000000e+00 -1.453522025756377900e+01 -1.960288776016631829e+01 -1.825681213509558631e+01 -3.196907520022626237e+00 0.000000000000000000e+00
0.000000000000000000e+00 0.000000000000000000e+00 0.000000000000000000e+00 0.000000000000000000e+00 0.000000000000000000e+00 -1.606299664082997936e+01 3.000000000000000000e+01 1.653831842212822067e+01 -5.180149512578868354e+00 0.000000000000000000e+00 1.037085169467302670e+01 1.747689384687721059e+01 1.040816506071847414e+01 0.000000000000000000e+00 0.000000000000000000e+00 -5.112332821315897391e+00 1.218437183528438439e+01 -1.602776789051319994e+01 0.000000000000000000e+00 0.000000000000000000e+00 -2.126718461050962361e+01 -2.367471497601675878e+01 2.743342364571169867e+01 -1.796433445836516896e+01 0.000000000000000000e+00
0.000000000000000000e+00 0.000000000000000000e+00 0.000000000000000000e+00 0.000000000000000000e+00 0.000000000000000000e+00 -2.023469198554344572e+01 2.221073860070890760e+01 1.835775047081419142e+00 -1.801679385754590257e+01 0.000000000000000000e+00 8.103784915840874348e+00 6.138125091072637041e-01 -1.371569784390428426e+00 0.000000000000000000e+00 0.000000000000000000e+00 -2.156099920128383918e+00 -9.517237585376072673e+00 2.211528137728506849e+01 0.000000000000000000e+00 0.000000000000000000e+00 9.220145902018898054e-01 2.514471034879743172e+01 1.614685676385668245e+01 -1.468525076601520851e+01 0.000000000000000000e+00
0.000000000000000000e+00 0.000000000000000000e+00 0.000000000000000000e+00 0.000000000000000000e+00 0.000000000000000000e+00 2.541284054210418830e+01 7.366997909012772183e+00 0.000000000000000000e+00 -2.766887153561406265e+01 0.000000000000000000e+00 -1.279384286213575095e+01 5.694883945634126476e+00 -1.275200171232062019e+01 0.000000000000000000e+00 0.000000000000000000e+00 1.053050574487997793e+01 8.073940448051203589e+00 -5.943067032615764411e+00 0.000000000000000000e+00 0.000000000000000000e+00 2.438560844698827168e+01 2.132280190373329987e+01 3.573261655683404037e+00 2.337880115824025751e+01 0.000000000000000000e+00
0.000000000000000000e+00 0.000000000000000000e+00 0.000000000000000000e+00 0.000000000000000000e+00 0.000000000000000000e+00 1.607283907686793256e+01 2.130607493427545684e-02 0.000000000000000000e+00 2.688296848050849519e+01 0.000000000000000000e+00 -2.099012166527863954e+01 -1.861134901835464817e+00 2.667947994784796251e+01 -1.076367653925483614e+00 0.000000000000000000e+00 -4.217571498972682242e+00 -9.656811308508709502e+00 2.645864005832029164e+01 -2.302961288745133603e-02 0.000000000000000000e+00 2.338497572008834879e+01 5.852169823607709986e+00 1.871898100475157278e+01 1.442528355097930159e+01 0.000000000000000000e+00
0.000000000000000000e+00 0.000000000000000000e+00 0.000000000000000000e+00 0.000000000000000000e+00 0.000000000000000000e+00 4.345373843636838096e+00 0.000000000000000000e+00 0.000000000000000000e+00 1.610758551514496162e+01 0.000000000000000000e+00 2.602646454048343116e+01 -1.869732480235526850e+01 1.334008678493407984e+01 -1.315941140566472178e+01 0.000000000000000000e+00 -5.462594838618126225e+00 2.583320122333185154e+01 1.921861632029367684e+01 -1.475037440452125814e+01 0.000000000000000000e+00 2.037449583823643273e+00 -1.193729025889581852e+00 1.304002544473030989e+00 1.892610205340571561e+00 0.000000000000000000e+00
0.000000000000000000e+00 0.000000000000000000e+00 0.000000000000000000e+00 0.000000000000000000e+00 0.000000000000000000e+00 0.000000000000000000e+00 0.000000000000000000e+00 0.000000000000000000e+00 5.451746997496051961e+00 0.000000000000000000e+00 1.789704724067524921e+01 1.241466475960768889e+01 -7.015976055486213170e+00 1.963538365521147133e+00 0.000000000000000000e+00 -1.127308837620185855e+01 2.325493506300608715e+01 -3.154096203187378933e+00 2.720387297697616891e+00 0.000000000000000000e+00 1.634752470090213017e-02 5.144223310217688194e+00 -1.070152952159573623e+01 0.000000000000000000e+00 0.000000000000000000e+00
0.000000000000000000e+00 0.000000000000000000e+00 0.000000000000000000e+00 0.000000000000000000e+00 0.000000000000000000e+00 0.000000000000000000e+00 0.000000000000000000e+00 0.000000000000000000e+00 0.000000000000000000e+00 0.000000000000000000e+00 -4.116062645238277362e+00 -1.649313719101648479e+00 1.073399316085714617e+01 2.212073897863292160e+01 0.000000000000000000e+00 2.259193332719901903e+01 6.175194701487155685e-02 -2.792220272975265982e-01 1.118816803137371885e+01 0.000000000000000000e+00 -1.290244425128227901e+00 -1.445249804216438427e+01 1.222586529157991286e+01 -7.538792915310732035e+00 0.000000000000000000e+00
0.000000000000000000e+00 0.000000000000000000e+00 0.000000000000000000e+00 0.000000000000000000e+00 0.000000000000000000e+00 0.000000000000000000e+00 0.000000000000000000e+00 0.000000000000000000e+00 0.000000000000000000e+00 0.000000000000000000e+00 1.273529033520069476e+01 1.599842117044720347e+01 8.694071304608930184e-01 -1.612281278836396048e+00 0.000000000000000000e+00 1.229013695787432581e-01 -6.277795046134040824e+00 1.209075534281469722e+01 -5.034047906772280534e+00 0.000000000000000000e+00 -5.976461032252542438e+00 1.747805992384014218e+01 6.534808713156761151e+00 1.837276904715975689e+01 0.000000000000000000e+00
0.000000000000000000e+00 0.000000000000000000e+00 0.000000000000000000e+00 0.000000000000000000e+00 0.000000000000000000e+00 -6.250637975306924332e+00 -4.195350050457084118e-02 -2.271188756359153960e+00 0.000000000000000000e+00 0.000000000000000000e+00 8.424764605130287132e-01 9.474392270005764505e-02 0.000000000000000000e+00 1.917327091962559038e+01 0.000000000000000000e+00 -1.388579639127807930e+01 -1.931031440995626847e+00 5.274062103766192777e+00 2.425400238620065707e+00 0.000000000000000000e+00 -3.229672347809477984e+00 2.245704599220845310e+00 5.717004735897740275e+00 6.812570012317004098e-01 -1.343831578865441356e+00
0.000000000000000000e+00 0.000000000000000000e+00 0.000000000000000000e+00 0.000000000000000000e+00 0.000000000000000000e+00 -1.544783168469207979e+01 -1.859904383853174137e+00 -1.232923869015451146e+01 -1.099405696182648440e-01 -2.325255195015494269e+00 -1.356927365966636767e+00 -6.597387086485854415e-04 0.000000000000000000e+00 1.101049951216868106e+00 -6.310671589970315992e-03 9.693744120147721688e+00 -2.098151849463204766e+00 4.537901299616727002e-02 -1.996725177277592778e+01 8.051069125862075904e-02 -8.895931568100268194e+00 1.632886332932578455e+01 9.712541034267138329e+00 -5.641543084046508838e+00 -7.802065470081982923e+00
0.000000000000000000e+00 0.000000000000000000e+00 0.000000000000000000e+00 0.000000000000000000e+00 0.000000000000000000e+00 -2.109887048840435497e+01 -1.049538413029398320e+01 -1.798595408505923388e+01 -9.806779238357357542e+00 -1.692570817531503025e+01 -1.114617334970658291e+01 -1.358318831133223270e+01 -1.880243364345645540e+00 -7.021684565606654438e+00 -9.213223989746127884e+00 -2.482891322608835161e+00 -1.310170460181037910e+01 -1.161640135684702813e+01 -1.291583902277796447e+01 -1.403175048412574277e+01 -9.174917554311823764e+00 -2.611712613021063056e+00 -5.396308492838526760e+00 -1.753135812317012565e+01 -1.351441674524976300e+01
0.000000000000000000e+00 0.000000000000000000e+00 0.000000000000000000e+00 0.000000000000000000e+00 0.000000000000000000e+00 -2.256061355938192392e+01 -2.125721841000930112e+01 -2.450098179834577650e+01 -1.802016598581637652e+01 -2.745578869543231448e+01 -1.871781181810234784e+01 -2.407754027851257561e+01 -1.454579684966330078e+01 -1.487945053188183309e+01 -1.910080615948723093e+01 -1.868054138929043617e+01 -1.989770374628111327e+01 -2.345282718321778148e+01 1.930414702764578649e+01 -2.607795747318722945e+01 -1.785910317014009152e+01 -9.276581311449707101e+00 -6.978934415193864815e+00 -2.859495272685522949e+01 -1.676068516641824502e+01
