0.08 6.619540987129660436e+01
0.09 6.724453758512149193e+01
0.1  7.204832948325423558e+01
0.11 7.630416905895494040e+01
0.12 7.967008124802896418e+01
0.13 7.961717852608920509e+01
0.14 7.957461745195135450e+01
0.15 7.952728629882547295e+01
0.16 8.036108399357530629e+01
0.17 8.250255278298280359e+01
0.18 8.523345925957849545e+01
0.19 8.774195118716173170e+01
0.2  9.024355758748463074e+01
0.21 9.256611741658163339e+01
0.22 9.479730615946203898e+01
0.23 9.566193967610863069e+01
0.24 9.563301263635169391e+01
0.25 9.560480666397212701e+01
0.26 9.557442296750443234e+01
0.27 9.554330984599712906e+01
0.28 9.551482796616812720e+01
0.29 9.549663046182287474e+01
0.3  9.546649486756241743e+01
