# yaw
0.000000000000000000e+00 0.000000000000000000e+00 0.000000000000000000e+00 0.000000000000000000e+00 0.000000000000000000e+00 3.000000000000000000e+01 -2.508556288190324324e+01 -2.999999999257212124e+01 -2.993950483740611546e+01 3.000000000000000000e+01 3.000000000000000000e+01 3.000000000000000000e+01 3.000000000000000000e+01 3.000000000000000000e+01 3.000000000000000000e+01 3.000000000000000000e+01 2.533705194017273676e+00 1.820537261390493455e+01 5.351135229537913318e+00 3.000000000000000000e+01 3.000000000000000000e+01 3.000000000000000000e+01 3.000000000000000000e+01 2.680442222315209833e+01 3.000000000000000000e+01
0.000000000000000000e+00 0.000000000000000000e+00 0.000000000000000000e+00 0.000000000000000000e+00 0.000000000000000000e+00 3.000000000000000000e+01 -1.366156129093611504e+01 1.496020266109771590e+01 3.000000000000000000e+01 3.000000000000000000e+01 2.050322758051507321e+01 1.990370925603900432e+01 2.036808292954836119e+01 1.821221371166437919e+01 2.287197651433527668e+01 2.982372140476608280e+01 -9.023266308780983902e-01 5.528615406925173836e+00 0.000000000000000000e+00 3.000000000000000000e+01 2.025702111670820571e+01 2.752856516794762243e+01 2.412295052503840509e+01 1.336892459809179812e+00 2.318663461160639017e+01
0.000000000000000000e+00 0.000000000000000000e+00 0.000000000000000000e+00 0.000000000000000000e+00 0.000000000000000000e+00 2.130954675605365978e+01 3.000000000000000000e+01 3.000000000000000000e+01 2.493290731164924523e+01 1.993351891833917477e+01 1.601199206707635625e+01 6.833397686129680793e+00 9.171927139690202679e+00 7.170730487585784907e+00 1.486769998499199907e+01 6.894259554733910278e+00 -1.754938326784348845e+01 -1.078812665281194860e+01 -9.902922096166003746e-03 2.914523749607761971e+01 1.744902317050725316e+01 3.000000000000000000e+01 -7.721251004396170181e+00 2.914913872988926613e+01 2.999999999999999645e+01
0.000000000000000000e+00 0.000000000000000000e+00 0.000000000000000000e+00 0.000000000000000000e+00 0.000000000000000000e+00 2.047838228458151022e+01 2.783994267562464486e+01 2.564419979060807009e+01 1.187002103192790692e+01 1.121794616994380611e+01 6.037221885214368200e+00 -1.111320732971884245e-02 0.000000000000000000e+00 1.179529356224969128e+00 -2.606122843348756546e-01 2.618757313771491197e-03 3.000000000000000000e+01 -3.000000000000000000e+01 -1.402934751549966208e+01 3.000000000000000000e+01 1.042118612904063113e+01 2.706369004477031126e+01 3.000000000000000000e+01 3.000000000000000000e+01 2.813711289669333127e+01
0.000000000000000000e+00 0.000000000000000000e+00 0.000000000000000000e+00 0.000000000000000000e+00 0.000000000000000000e+00 7.850080144563813533e+00 2.237292723066297029e+01 2.325623541733851951e+01 2.378434213165487865e+00 1.014466553185556563e+00 4.800389836814498712e-01 -1.358006137183960860e+01 -1.359152312423669962e+00 0.000000000000000000e+00 -1.758724441701826535e+01 0.000000000000000000e+00 2.336694092708795978e+01 1.645784803156622900e+01 2.512874756841266333e+01 8.997075516873696444e+00 5.492492881197354182e-02 4.378277494524348334e+00 2.999999999999999645e+01 1.865853889900827056e+01 1.425943634435510177e+01
0.000000000000000000e+00 0.000000000000000000e+00 0.000000000000000000e+00 0.000000000000000000e+00 0.000000000000000000e+00 1.126152369502096545e-01 1.169492320712266498e+01 9.998415321930856692e+00 1.958057357698659018e-01 -1.054553698673775664e+01 0.000000000000000000e+00 -3.000000000000000000e+01 -2.081084807615686572e+01 -7.686452832047035999e-02 2.226249224807467508e-01 0.000000000000000000e+00 2.899755896862286875e+01 -1.278915981581580930e+01 6.862873865887843650e+00 -2.125833938642099596e+01 0.000000000000000000e+00 -1.197884143976419935e+01 3.000000000000000000e+01 3.000000000000000000e+01 -6.154461210911231106e+00
0.000000000000000000e+00 0.000000000000000000e+00 0.000000000000000000e+00 0.000000000000000000e+00 0.000000000000000000e+00 0.000000000000000000e+00 2.694194267282863375e+00 2.652746599821556028e+00 0.000000000000000000e+00 -1.600007144529086389e+01 0.000000000000000000e+00 6.476133466729786292e+00 -5.204357663199701278e+00 -2.348837425251226563e+01 6.397852365877444214e+00 0.000000000000000000e+00 2.578265507380803001e+01 6.710865389774035350e+00 -1.211244522921619549e+01 3.368614267636607096e+00 0.000000000000000000e+00 -1.455643565910444259e+01 2.428355337972081784e+01 2.999927600154309459e+01 4.086168244034198871e+00
0.000000000000000000e+00 0.000000000000000000e+00 0.000000000000000000e+00 0.000000000000000000e+00 0.000000000000000000e+00 0.000000000000000000e+00 3.152732793600538930e+00 1.283247248226216108e-01 0.000000000000000000e+00 2.999999999999999645e+01 0.000000000000000000e+00 -2.391630060859278828e+01 3.000000000000000000e+01 3.000000000000000000e+01 2.138770647999815111e+01 0.000000000000000000e+00 1.402469577117866573e+00 2.614837611878022727e+01 3.000000000000000000e+01 2.843731239362076124e+01 0.000000000000000000e+00 3.000000000000000000e+01 1.931618576645868224e+00 2.319568752681176349e+00 -7.690204904686015475e+00
0.000000000000000000e+00 0.000000000000000000e+00 0.000000000000000000e+00 0.000000000000000000e+00 0.000000000000000000e+00 0.000000000000000000e+00 -8.752963661678629659e-02 0.000000000000000000e+00 0.000000000000000000e+00 2.504064120585556097e+01 0.000000000000000000e+00 2.771014282814819651e+01 2.296299040756666088e+01 -8.251594708590509697e+00 7.442804700719282351e+00 0.000000000000000000e+00 0.000000000000000000e+00 6.574223834461323079e+00 2.132715457437560147e+01 1.173868092755642678e+01 0.000000000000000000e+00 2.418112497396392158e+01 1.853329756022676023e+01 -3.630895980715481031e+00 -1.357604238370559990e+01
0.000000000000000000e+00 0.000000000000000000e+00 0.000000000000000000e+00 0.000000000000000000e+00 0.000000000000000000e+00 0.000000000000000000e+00 -9.214322820154785987e+00 -1.879757450152775178e+00 -2.587005291828066086e-02 1.497236036515347912e+01 0.000000000000000000e+00 1.495443783580267727e+01 2.481350833359154961e+01 2.911503261950438315e+01 8.579776075710448424e+00 0.000000000000000000e+00 0.000000000000000000e+00 -1.870594441980632183e+01 -2.753894628925986354e-01 9.601659110697999822e+00 0.000000000000000000e+00 1.564633992650444938e+01 -5.545318813591731733e+00 2.320899474627589498e+01 -2.920906481317654979e+01
0.000000000000000000e+00 0.000000000000000000e+00 0.000000000000000000e+00 0.000000000000000000e+00 0.000000000000000000e+00 0.000000000000000000e+00 -1.996260473385865453e+01 -1.140174098829243121e+01 -1.114189635320591876e+01 2.033719134564089259e+00 0.000000000000000000e+00 1.172437533474644661e-01 1.269606051545760339e+00 1.818530861130645704e+01 -6.551297325545238692e+00 0.000000000000000000e+00 -6.905120169329515001e-01 1.498668294751759333e+01 -1.881217229175731021e+01 1.402995229664044219e+00 0.000000000000000000e+00 4.842642534805334797e+00 -1.705818031793792500e+01 -9.761257453200120615e-01 -1.466307614397005743e+01
0.000000000000000000e+00 0.000000000000000000e+00 0.000000000000000000e+00 0.000000000000000000e+00 0.000000000000000000e+00 0.000000000000000000e+00 -2.752592529835898816e+01 -2.779680641343391301e+01 -2.319365339480978605e+01 -9.758957192443013184e+00 0.000000000000000000e+00 -9.721168947226491719e-01 -2.145608394872301972e+01 -9.122617034393369906e+00 -1.989973148831023764e+01 0.000000000000000000e+00 -1.186625731649763971e+01 2.475162491661295483e-01 3.000000000000000000e+01 -1.391927423809833719e+01 0.000000000000000000e+00 0.000000000000000000e+00 -2.207090589122068991e+01 -2.401786421148571193e+01 3.000000000000000000e+01
0.000000000000000000e+00 0.000000000000000000e+00 0.000000000000000000e+00 0.000000000000000000e+00 -1.790868388942262968e+00 0.000000000000000000e+00 2.689507293203201144e+01 3.000000000000000000e+01 2.425561065253143767e+01 -1.839930835932821296e+01 0.000000000000000000e+00 -8.479807799174633232e+00 2.091243347033195477e+01 2.187663299668697192e+01 5.125689969122753986e+00 0.000000000000000000e+00 -6.953439832563587331e+00 -6.564997041993766991e-02 2.537782084790023518e+01 2.370361875435089871e+01 0.000000000000000000e+00 -2.887740285897146375e+00 3.000000000000000000e+01 -2.249353657366746262e+01 2.395642761647403418e+01
0.000000000000000000e+00 0.000000000000000000e+00 0.000000000000000000e+00 0.000000000000000000e+00 -8.779901738023124125e+00 0.000000000000000000e+00 1.367989489960578986e+01 1.755591387206241194e+01 7.366700219543865780e-01 -3.000000000000000000e+01 0.000000000000000000e+00 -2.341547125281312702e+01 1.241130061611400714e+00 -5.155802862854025115e+00 -2.340572148784834283e+01 0.000000000000000000e+00 -1.258691844966879536e+01 -7.394772074693740649e+00 2.902855090588182474e+00 9.121177459364353979e+00 0.000000000000000000e+00 -9.982417683462125879e+00 1.636349509340053032e+01 3.000000000000000000e+01 1.318197049125044629e+01
0.000000000000000000e+00 -2.299209326541103326e+00 -9.374516918830938517e-02 0.000000000000000000e+00 -1.353411518855222972e+01 0.000000000000000000e+00 1.812628511919197383e+00 -1.822647896078221663e+01 -3.000000000000000000e+01 -2.729160508567587407e+00 0.000000000000000000e+00 -2.374564265995590517e+01 -4.060707341104654589e+00 1.969199808946646257e+01 -1.287627613373492430e+01 0.000000000000000000e+00 -2.453225210353524233e+01 -1.562921890858507901e+01 0.000000000000000000e+00 1.681934552751929957e+01 0.000000000000000000e+00 -1.480576932725668549e+01 2.092905600958062884e+00 2.317272000338589066e+01 -1.242258814687018109e+01
0.000000000000000000e+00 -6.191837921354681029e+00 -1.021757436686489129e+01 -6.216269550376261499e+00 -1.737485736194529196e+01 0.000000000000000000e+00 -7.686001490769974742e-01 -3.000000000000000000e+01 3.000000000000000000e+01 2.999999999999999645e+01 0.000000000000000000e+00 2.999999999999999645e+01 -1.581933194397096720e+01 -3.888404549656034881e+00 -7.691929796687909437e+00 0.000000000000000000e+00 -2.981274127511954930e+01 -2.881288234735182741e+01 -8.753250439512008096e-01 3.258885612044019886e-02 0.000000000000000000e+00 -1.873393328286237391e+01 -6.398147578149284698e+00 -4.743441888263022044e+00 -2.846808097506125179e+01
0.000000000000000000e+00 -1.946692388046605515e+01 -1.931006281444146566e+01 -2.441403151030855057e+01 -1.629159935760787548e+01 0.000000000000000000e+00 -2.171624322638921001e+01 -2.825274211251590728e+01 -1.277761205716837623e+01 3.000000000000000000e+01 0.000000000000000000e+00 1.940638549318884998e+01 -3.000000000000000000e+01 -2.457067700977184543e+01 -1.516080843043853577e+01 0.000000000000000000e+00 -2.585273026136914787e+00 2.999999999999999645e+01 -1.337265085978181922e+01 -1.789645269410658379e+00 0.000000000000000000e+00 -2.213049738215647366e+01 -1.769777180134609296e+01 -2.527110840663254621e+01 -1.071346250145369439e+01
0.000000000000000000e+00 -2.633171376496559546e+01 -2.462019241669697678e+01 -2.999988774725128948e+01 -2.366595313614242357e+01 0.000000000000000000e+00 -2.385806916903346675e+01 -2.340012537507770318e+01 3.000000000000000000e+01 2.861974349913785431e+01 0.000000000000000000e+00 1.522542222834156611e+01 2.999999999999999645e+01 -3.000000000000000000e+01 -2.520628986586242704e+01 0.000000000000000000e+00 2.999999999999999645e+01 1.484874613374432073e+01 -3.000000000000000000e+01 -7.675120863137584237e+00 0.000000000000000000e+00 -1.433287694907950893e+01 -2.996158684430939800e+01 -3.000000000000000000e+01 -2.302942970785943899e+01
0.000000000000000000e+00 2.999999999999999645e+01 3.000000000000000000e+01 3.000000000000000000e+01 3.000000000000000000e+01 0.000000000000000000e+00 -2.886040738650953230e+01 3.000000000000000000e+01 1.791332645883473162e+01 1.975889992812181006e+01 0.000000000000000000e+00 9.266527613661056151e+00 3.000000000000000000e+01 3.000000000000000000e+01 3.000000000000000000e+01 0.000000000000000000e+00 2.928499722901280578e+01 4.246227211699435955e+00 3.000000000000000000e+01 -2.951693392955539963e+01 0.000000000000000000e+00 3.000000000000000000e+01 3.000000000000000000e+01 3.000000000000000000e+01 2.999999999999999645e+01
0.000000000000000000e+00 3.000000000000000000e+01 2.368232768343690253e+01 2.733052809261808846e+01 2.340371949867657619e+01 0.000000000000000000e+00 2.999999999999999645e+01 2.470117221512412797e+01 2.160096451989732991e+00 1.660803748488217479e+01 0.000000000000000000e+00 0.000000000000000000e+00 2.291393434632502846e+01 2.922655906025188699e+01 2.358553906958212210e+01 0.000000000000000000e+00 2.203696216131234564e+01 4.215559220771728823e-03 2.088780600131878629e+01 -3.000000000000000000e+01 0.000000000000000000e+00 3.000000000000000000e+01 2.256403275471859260e+01 2.841028361152677917e+01 2.186710676387365027e+01
0.000000000000000000e+00 2.197837943253074755e+01 1.707925095534238480e+01 2.999999999999999645e+01 -9.794305506043647469e+00 0.000000000000000000e+00 2.529206021609589428e+01 8.684499456394178196e+00 -5.656159847337554503e+00 2.183361798900971351e+01 0.000000000000000000e+00 0.000000000000000000e+00 1.346513524114715210e+01 1.595511810078884452e+01 2.528533511598998729e+01 0.000000000000000000e+00 1.612853915197906929e+01 -2.031245684692403852e+00 2.999999999999999289e+01 2.999999999999999645e+01 0.000000000000000000e+00 2.323239514817321805e+01 4.761842372406213997e+00 1.928906020577809954e+01 1.846038339847423870e+01
0.000000000000000000e+00 1.566712950764831191e+01 -1.712719318608055596e+00 2.999999999999998934e+01 3.000000000000000000e+01 0.000000000000000000e+00 1.465504742000375238e+01 7.098728437943520930e+00 2.384878573925088574e+01 -7.964359348691142593e+00 0.000000000000000000e+00 0.000000000000000000e+00 1.222705803080796766e-01 -5.423269988652110740e+00 3.000000000000000000e+01 0.000000000000000000e+00 6.525632449757383213e+00 -2.334481563256832004e+01 3.000000000000000000e+01 3.000000000000000000e+01 0.000000000000000000e+00 2.435730559075659585e+01 3.833134474648205309e-02 4.272346022565324808e-01 1.541361099965458870e+01
0.000000000000000000e+00 3.318629319601373862e+00 -6.122083498202049334e+00 1.362667137341987100e+01 1.892829377615028363e+01 0.000000000000000000e+00 8.476284154453030961e-01 -1.894783195199608983e+01 -6.394613149120170981e+00 8.147802444371720076e-01 0.000000000000000000e+00 0.000000000000000000e+00 -9.455226073741091142e+00 6.405669011540609858e+00 2.622908507899636632e+01 0.000000000000000000e+00 1.949315126498893935e+00 -3.732830502252414639e+00 2.236233096008592103e+00 1.281939066556285312e+01 0.000000000000000000e+00 3.466013010054562304e+00 0.000000000000000000e+00 0.000000000000000000e+00 7.454626761334034235e+00
0.000000000000000000e+00 0.000000000000000000e+00 0.000000000000000000e+00 0.000000000000000000e+00 0.000000000000000000e+00 0.000000000000000000e+00 0.000000000000000000e+00 0.000000000000000000e+00 0.000000000000000000e+00 0.000000000000000000e+00 0.000000000000000000e+00 0.000000000000000000e+00 0.000000000000000000e+00 0.000000000000000000e+00 0.000000000000000000e+00 0.000000000000000000e+00 0.000000000000000000e+00 0.000000000000000000e+00 0.000000000000000000e+00 0.000000000000000000e+00 0.000000000000000000e+00 0.000000000000000000e+00 0.000000000000000000e+00 0.000000000000000000e+00 0.000000000000000000e+00
0.000000000000000000e+00 0.000000000000000000e+00 0.000000000000000000e+00 0.000000000000000000e+00 0.000000000000000000e+00 0.000000000000000000e+00 0.000000000000000000e+00 0.000000000000000000e+00 0.000000000000000000e+00 0.000000000000000000e+00 0.000000000000000000e+00 0.000000000000000000e+00 0.000000000000000000e+00 0.000000000000000000e+00 0.000000000000000000e+00 0.000000000000000000e+00 0.000000000000000000e+00 0.000000000000000000e+00 0.000000000000000000e+00 0.000000000000000000e+00 0.000000000000000000e+00 0.000000000000000000e+00 0.000000000000000000e+00 0.000000000000000000e+00 0.000000000000000000e+00
0.000000000000000000e+00 0.000000000000000000e+00 0.000000000000000000e+00 0.000000000000000000e+00 0.000000000000000000e+00 0.000000000000000000e+00 0.000000000000000000e+00 0.000000000000000000e+00 0.000000000000000000e+00 0.000000000000000000e+00 0.000000000000000000e+00 0.000000000000000000e+00 0.000000000000000000e+00 0.000000000000000000e+00 0.000000000000000000e+00 0.000000000000000000e+00 0.000000000000000000e+00 0.000000000000000000e+00 0.000000000000000000e+00 0.000000000000000000e+00 0.000000000000000000e+00 0.000000000000000000e+00 0.000000000000000000e+00 0.000000000000000000e+00 0.000000000000000000e+00
0.000000000000000000e+00 0.000000000000000000e+00 0.000000000000000000e+00 0.000000000000000000e+00 0.000000000000000000e+00 0.000000000000000000e+00 0.000000000000000000e+00 0.000000000000000000e+00 0.000000000000000000e+00 0.000000000000000000e+00 0.000000000000000000e+00 0.000000000000000000e+00 0.000000000000000000e+00 0.000000000000000000e+00 0.000000000000000000e+00 0.000000000000000000e+00 0.000000000000000000e+00 0.000000000000000000e+00 0.000000000000000000e+00 0.000000000000000000e+00 0.000000000000000000e+00 0.000000000000000000e+00 0.000000000000000000e+00 0.000000000000000000e+00 0.000000000000000000e+00
0.000000000000000000e+00 2.384605849189879123e+01 1.210619843070595891e+01 3.612019381170409105e+00 -1.381898964071192992e+01 0.000000000000000000e+00 3.076356310697293761e+00 -1.898168397625168780e+01 2.173875602714676702e+01 -2.009522368115439406e+01 0.000000000000000000e+00 -1.755992106605707548e+01 2.130245291231661753e+01 2.409182868653049781e+01 -2.102709192927530779e+01 0.000000000000000000e+00 -2.055379613594091026e+01 0.000000000000000000e+00 5.372480684859930467e-01 2.967566290903344139e+01 0.000000000000000000e+00 0.000000000000000000e+00 0.000000000000000000e+00 0.000000000000000000e+00 0.000000000000000000e+00
0.000000000000000000e+00 2.149328988227395243e+01 9.224934321212730381e+00 -6.027292492299113347e-01 1.137315979652729325e+01 0.000000000000000000e+00 2.303342483440235355e+01 2.376731290117690243e+00 2.684688229633924195e+01 1.585365512034263125e+00 0.000000000000000000e+00 1.291483111481093182e+01 -4.299431306212436077e+00 -2.044224665795205453e+01 -1.332768310956623914e+01 0.000000000000000000e+00 -7.396295006379562054e+00 0.000000000000000000e+00 0.000000000000000000e+00 2.322471048228639035e+01 0.000000000000000000e+00 0.000000000000000000e+00 0.000000000000000000e+00 0.000000000000000000e+00 0.000000000000000000e+00
0.000000000000000000e+00 -1.077483116696133436e+01 -1.249137135747001537e+01 -1.879183493627958867e+01 3.000000000000000000e+01 0.000000000000000000e+00 5.114243954834978290e+00 3.000000000000000000e+01 -1.070651193557313086e+01 -2.785440582417111699e+01 0.000000000000000000e+00 9.497128996456202898e+00 3.000000000000000000e+01 2.988694016109051788e+01 2.520298835732137732e+01 0.000000000000000000e+00 2.998282427087749369e+01 0.000000000000000000e+00 0.000000000000000000e+00 7.711361197243242316e+00 0.000000000000000000e+00 0.000000000000000000e+00 0.000000000000000000e+00 0.000000000000000000e+00 0.000000000000000000e+00
-1.222089017288433110e+00 2.797326576379989405e+01 -1.790455428661105941e+01 1.831911369942858414e+01 1.923551066982752644e+01 0.000000000000000000e+00 -2.085427865054489072e+00 2.244136361634576460e+01 2.185957551281365241e+01 2.424997820386188963e+01 0.000000000000000000e+00 -1.426329043491997162e+01 1.563421347604502465e+01 1.066484266949039572e+01 1.310684604924228402e+01 0.000000000000000000e+00 1.936194050319966209e+01 0.000000000000000000e+00 0.000000000000000000e+00 -7.536535887853131514e-09 0.000000000000000000e+00 0.000000000000000000e+00 0.000000000000000000e+00 0.000000000000000000e+00 0.000000000000000000e+00
-7.687028715071611451e+00 1.609208371399153492e+01 2.719748681047443029e+01 1.019452444410668868e+01 5.062141442224200816e+00 0.000000000000000000e+00 -1.943033131802952695e+01 -7.153423708199823317e+00 -1.357374765547812778e+01 2.371273040476684457e+01 0.000000000000000000e+00 -3.000000000000000000e+01 1.934514188597223627e-02 -4.103629415576905082e+00 2.497915150794245065e+01 0.000000000000000000e+00 6.930024579068211565e+00 0.000000000000000000e+00 -2.719332201309849206e-01 -2.077915132563442402e+00 0.000000000000000000e+00 0.000000000000000000e+00 0.000000000000000000e+00 0.000000000000000000e+00 0.000000000000000000e+00
-1.318945495256857292e+01 -9.490003464737602812e+00 -4.694899040891983510e+00 -4.839098712048386375e+00 -1.699677108655756541e+01 -3.248327717128224990e+00 9.746949549974484484e+00 1.020189957216689258e+01 4.149363733291155931e+00 -1.530767857440801683e+00 0.000000000000000000e+00 -2.811899610247009562e+01 -5.625894619912868322e+00 -1.574171692363837138e+01 8.053987999248425567e+00 -1.122648240677980080e+00 2.313181762224338859e-03 -3.886673142122235025e-01 -4.826136114536756061e+00 -1.073433857129385771e+01 0.000000000000000000e+00 0.000000000000000000e+00 0.000000000000000000e+00 0.000000000000000000e+00 0.000000000000000000e+00
-1.575277516631650698e+01 -2.381803711823365788e+01 -1.118579586142698545e+01 -9.913155742538389603e+00 2.295365476519534198e+01 -1.740731569500887588e+01 -3.215648683151015597e+00 -5.572753610993264495e+00 -4.865888841819185018e+00 -2.320519243497940920e+01 -4.173819177750006659e-01 2.999999999999999645e+01 -1.804129226820859344e+01 -2.543046695154952985e+01 -8.796277814800911088e+00 -9.625484376693167476e+00 -6.370523472351766081e+00 -7.395215791023155738e+00 -1.014018987152544149e+01 -1.664207855984070150e+01 0.000000000000000000e+00 0.000000000000000000e+00 0.000000000000000000e+00 0.000000000000000000e+00 0.000000000000000000e+00
-1.643255209065678812e+01 -1.174579692679300003e+01 -1.553729569908856156e+01 -1.565510332228386403e+01 -1.267909059477448785e+01 -2.727719527539102273e+01 -3.000000000000000000e+01 -1.796620279508772455e+01 -2.419240316678777347e+01 -2.303746801321574011e+01 -1.567660661934759858e+01 2.837311752938689580e+01 -2.270836293414447482e+01 3.000000000000000000e+01 -1.730743841791786508e+01 -1.888500882428535377e+01 -1.277652541121050156e+01 -2.161529215530393344e+01 -1.314500875316874762e+01 -2.411210296987862733e+01 0.000000000000000000e+00 0.000000000000000000e+00 0.000000000000000000e+00 0.000000000000000000e+00 0.000000000000000000e+00
-2.412216896027788238e+01 -2.834649803059092221e+01 -1.866020117936314193e+01 -2.913516674837569198e+01 -2.133584612004808534e+01 -3.000000000000000000e+01 3.000000000000000000e+01 -3.000000000000000000e+01 3.000000000000000000e+01 -2.999999999999999645e+01 -2.797720564281441469e+01 1.526463272054748721e+01 3.000000000000000000e+01 2.029139515149334727e+01 -2.908616613231967207e+01 -2.947557620591534899e+01 -2.304317774077296122e+01 -1.648764116320945661e+01 -2.021614282324311063e+01 -3.000000000000000000e+01 0.000000000000000000e+00 0.000000000000000000e+00 0.000000000000000000e+00 0.000000000000000000e+00 0.000000000000000000e+00
3.000000000000000000e+01 2.999999999999992184e+01 3.000000000000000000e+01 2.999999999999999289e+01 3.000000000000000000e+01 3.000000000000000000e+01 2.999999999999999289e+01 3.000000000000000000e+01 2.999999999999999645e+01 3.000000000000000000e+01 2.999999999999999645e+01 1.431556465004030665e+00 2.322405575849903059e+01 4.673115792143639702e+00 3.000000000000000000e+01 3.000000000000000000e+01 -2.297483565387196336e+01 -1.831242092967882584e+01 -2.104872690879541253e+01 2.999999999999999289e+01 0.000000000000000000e+00 0.000000000000000000e+00 0.000000000000000000e+00 0.000000000000000000e+00 0.000000000000000000e+00
2.445381135598534428e+01 3.000000000000000000e+01 3.000000000000000000e+01 2.630842113515805636e+01 2.008590231034912676e+01 2.975842286892739352e+01 2.300861370611395174e+01 2.550137110665215801e+01 2.842996897002372947e+01 2.668586013599945161e+01 2.074973661593617535e+01 0.000000000000000000e+00 4.716497675747053364e+00 0.000000000000000000e+00 2.186753063205336645e+01 2.651858762516070911e+01 2.743637142437032495e+01 -2.261252493412689191e+01 3.411909298451552441e+00 2.871328033299591809e+01 0.000000000000000000e+00 0.000000000000000000e+00 0.000000000000000000e+00 0.000000000000000000e+00 0.000000000000000000e+00
2.653274182993516206e+01 3.000000000000000000e+01 2.245944589151136483e+01 3.000000000000000000e+01 1.564092091229294113e+01 3.000000000000000000e+01 7.291048258165397478e+00 1.335224850238441974e+01 2.955622501950819370e+01 1.641689597021674629e+01 7.687531193099837346e+00 0.000000000000000000e+00 0.000000000000000000e+00 -2.187117300813564924e+00 7.937802899425477676e+00 1.794512161057136979e+01 2.060603897345325208e+01 2.999999999999999645e+01 2.547843706224044524e+01 1.770847095547931005e+01 0.000000000000000000e+00 0.000000000000000000e+00 0.000000000000000000e+00 0.000000000000000000e+00 0.000000000000000000e+00
1.376043198055827865e+01 2.760156794663782165e+01 3.000000000000000000e+01 3.000000000000000000e+01 9.336421891741906620e+00 2.571208144197719392e+01 -2.391871836452393296e+01 -1.075498711972923616e+01 2.718587195129489942e+01 1.856610335154406988e+00 -1.507712273889354293e+01 -3.287712599386485683e-03 0.000000000000000000e+00 -1.797575176943819031e+01 5.161545229305534166e-01 9.985427183306370580e+00 9.234944902260723509e+00 2.991030325445313665e+01 2.150905776584504991e+01 7.598154520053777006e+00 0.000000000000000000e+00 0.000000000000000000e+00 0.000000000000000000e+00 0.000000000000000000e+00 0.000000000000000000e+00
-2.397760694012562865e+00 1.371743991023346432e+01 1.681199155858394789e+01 1.991026827948695654e+01 2.687259715995884285e-02 3.706580202746937225e+00 1.455062097596638893e+01 2.440140883193586774e+01 3.254697771423476493e-01 0.000000000000000000e+00 3.000000000000000000e+01 -7.258141945558298502e+00 -1.473593532496624059e+00 3.000000000000000000e+01 0.000000000000000000e+00 -3.061605650460319517e+00 8.793101842253600253e+00 2.192519078243200781e+01 2.073229622471125566e+01 2.143335230026338856e+00 0.000000000000000000e+00 0.000000000000000000e+00 0.000000000000000000e+00 0.000000000000000000e+00 0.000000000000000000e+00
-1.653881459396992426e+01 2.999999999999999645e+01 1.534653689648318142e+01 -5.269722931715606684e+00 0.000000000000000000e+00 -8.197402965150843435e-02 -1.300779545049105757e+00 7.875739598482820902e+00 -1.710804901762643127e+01 0.000000000000000000e+00 2.440711885998485542e+01 -3.000000000000000000e+01 -1.764961594875973105e+01 -2.330501799684008901e+01 0.000000000000000000e+00 -1.550306331541864324e+01 3.122051734237869455e-02 1.258868264795413694e+01 8.219969642487486183e+00 0.000000000000000000e+00 0.000000000000000000e+00 0.000000000000000000e+00 0.000000000000000000e+00 0.000000000000000000e+00 0.000000000000000000e+00
1.470449375197685171e+01 2.551833815811336592e+01 -6.030337907957240340e+00 -1.986922105868671551e+01 0.000000000000000000e+00 -1.737836101865563521e+01 -1.509016296604166207e+01 1.680096164329772179e+01 2.713267526995126033e+01 0.000000000000000000e+00 1.623959344292063989e+01 3.000000000000000000e+01 -2.961679636669068216e+01 2.953603638797487818e+01 0.000000000000000000e+00 -2.088842121955301323e+01 0.000000000000000000e+00 1.193084759677377171e+01 2.540439980832389644e+00 0.000000000000000000e+00 0.000000000000000000e+00 0.000000000000000000e+00 0.000000000000000000e+00 0.000000000000000000e+00 0.000000000000000000e+00
-6.050776607637314619e+00 2.472428054756098170e+00 2.027074013310988576e+01 2.973902492849736845e+01 0.000000000000000000e+00 -3.000000000000000000e+01 2.846674783797833896e+01 -9.416543394078919604e+00 1.937461537435106251e+01 0.000000000000000000e+00 1.946100885217367127e+00 1.767480108803745864e+01 3.000000000000000000e+01 1.804475104624134119e+01 0.000000000000000000e+00 2.882820542854846479e+01 0.000000000000000000e+00 6.305815382949320202e+00 8.848421816708670340e-01 0.000000000000000000e+00 0.000000000000000000e+00 0.000000000000000000e+00 0.000000000000000000e+00 0.000000000000000000e+00 0.000000000000000000e+00
-7.776069779533224313e+00 -1.342990912223493538e+00 -3.771244872437717444e+00 2.132624094556722483e+01 0.000000000000000000e+00 2.494766560660080756e+01 1.912386836410421864e+01 2.700239103126939355e+01 7.410186794302945579e+00 0.000000000000000000e+00 -4.639147073130441612e+00 7.774911453368373415e+00 2.511056550921765051e+01 9.460496291997488427e+00 0.000000000000000000e+00 2.071463786888275038e+01 0.000000000000000000e+00 8.725077677764073170e-02 -1.037534873926691636e+00 0.000000000000000000e+00 0.000000000000000000e+00 0.000000000000000000e+00 0.000000000000000000e+00 0.000000000000000000e+00 0.000000000000000000e+00
-2.660700642386637682e+01 -8.201275363258334394e+00 2.132745674964492688e-01 1.550057200245032085e+01 0.000000000000000000e+00 1.551423431712290224e+01 1.696991694227099501e+00 2.265662887910814760e+01 3.780874910300384157e-03 0.000000000000000000e+00 -5.492108906015963576e+00 1.561971488754151416e+01 2.113321521770101796e+01 3.064623551176997533e-03 0.000000000000000000e+00 1.496488221940259500e+01 -3.555384855951034595e+00 0.000000000000000000e+00 -9.843809892511282911e+00 0.000000000000000000e+00 0.000000000000000000e+00 0.000000000000000000e+00 0.000000000000000000e+00 0.000000000000000000e+00 0.000000000000000000e+00
-1.919585052793890867e+01 -2.382750201805254164e+01 -1.005993834235664153e+01 5.336931135778342217e+00 0.000000000000000000e+00 9.156133103262488859e+00 1.952530605117120643e+01 -2.969286344857654747e+00 -4.126056686639841153e+00 0.000000000000000000e+00 2.109895702507535376e+01 3.458848512870620340e-01 1.739094810792046975e+00 0.000000000000000000e+00 0.000000000000000000e+00 3.423008795563461160e+00 -1.771855826973034098e+01 -1.743396362982363446e+00 -2.204148776215660632e+01 0.000000000000000000e+00 0.000000000000000000e+00 0.000000000000000000e+00 0.000000000000000000e+00 0.000000000000000000e+00 0.000000000000000000e+00
-2.434973529997384745e+01 -2.365831079119104885e+01 -2.049779319655099741e+01 0.000000000000000000e+00 0.000000000000000000e+00 -1.832660484424532754e+01 -1.166253910304969033e+01 2.891306329674269904e+01 -1.445939724332756526e+01 0.000000000000000000e+00 3.031199775330968738e+00 2.546009766258770313e+01 -1.679487045762593311e+01 0.000000000000000000e+00 0.000000000000000000e+00 -7.053693944724354736e+00 3.000000000000000000e+01 -1.224396770493657272e+01 3.000000000000000000e+01 0.000000000000000000e+00 0.000000000000000000e+00 0.000000000000000000e+00 0.000000000000000000e+00 0.000000000000000000e+00 0.000000000000000000e+00
2.998614676642973009e+01 2.686210229709809028e+01 3.000000000000000000e+01 -1.854268211989103854e+00 0.000000000000000000e+00 1.805691874626741722e+01 -7.083833346265911324e+00 1.179887592339766123e+01 -1.132041085137264957e+01 0.000000000000000000e+00 -2.370798332377742668e+01 7.171513712068779967e+00 2.548990218405770491e+01 -2.273212375581607603e+00 0.000000000000000000e+00 -1.887042427921705112e+01 1.494792184572542837e+01 -2.312337603739289094e+01 2.442953422651200768e+01 0.000000000000000000e+00 -2.766199115197393699e+00 0.000000000000000000e+00 0.000000000000000000e+00 0.000000000000000000e+00 0.000000000000000000e+00
1.441851453005111239e+01 1.696930726727292438e+01 1.706956757863965279e+01 -9.115661408370453245e+00 0.000000000000000000e+00 -9.423123673882209950e-01 1.985670425017952923e+01 -7.765262826898823578e-02 -1.577609222863362959e+01 0.000000000000000000e+00 -1.057853076125511649e+01 -1.526240951756588515e+01 7.704167461446989051e+00 -4.810228063936027532e+00 0.000000000000000000e+00 -3.000000000000000000e+01 -1.009168680539010055e+01 2.690963675015407830e+01 1.603915090111624409e+01 0.000000000000000000e+00 -9.682449874659580402e+00 0.000000000000000000e+00 0.000000000000000000e+00 -7.144119394870546841e-03 0.000000000000000000e+00
-1.155934019507337496e+01 -4.958952796248720318e+00 2.706797641839445046e+00 -1.401377127788997967e+01 0.000000000000000000e+00 2.262491869369916841e+01 2.217282497549899478e+00 -5.819769517509291390e+00 -2.988954325762760433e+01 0.000000000000000000e+00 -2.785892359356662240e+01 6.528237600697905929e-01 1.463798609572734128e-04 -1.276634209361321304e+01 0.000000000000000000e+00 -1.405940687750321327e+00 -3.000000000000000000e+01 -2.430169046490571461e+01 2.760246976812912312e+00 0.000000000000000000e+00 -1.394628713206074977e+01 0.000000000000000000e+00 -2.911833207243175702e-03 -6.230931374798458933e+00 0.000000000000000000e+00
2.945403024469678144e+01 -1.087254725735424010e+01 -4.017703778467761389e+00 -1.803588728329065205e+01 0.000000000000000000e+00 -2.527093120603561616e+00 -8.820123805148549323e+00 -1.568462685971759640e+01 -3.000000000000000000e+01 0.000000000000000000e+00 -2.461678830507266014e+01 -2.408069474479904315e+01 -2.791313523026600851e+00 -1.691026391009688012e+01 0.000000000000000000e+00 -3.000000000000000000e+01 -3.000000000000000000e+01 -1.613585272881261545e+01 0.000000000000000000e+00 0.000000000000000000e+00 -1.711530469060966198e+01 -7.637349724064055323e+00 -2.705382195606355733e+00 -7.985213400116710325e+00 0.000000000000000000e+00
-1.149069935466176950e+01 -2.507221800298151138e+01 -1.488064330495695131e+01 -2.543573446810102823e+01 0.000000000000000000e+00 -1.289937465022645391e+01 -1.711045439642749955e+01 3.000000000000000000e+01 3.000000000000000000e+01 0.000000000000000000e+00 3.000000000000000000e+01 -1.905514142359226426e+01 -1.501944867780323456e+01 -2.582389374218285027e+01 0.000000000000000000e+00 -2.976880869071416669e+01 -2.999999999999999645e+01 -2.849696776143630927e+01 -1.974266641964342206e+00 0.000000000000000000e+00 -1.730120351473675200e+01 -2.210466907308266116e+01 -1.708426832838886966e+01 -1.868985734394519227e+01 0.000000000000000000e+00
-2.176397104154597528e+01 -2.896805191835116844e+01 -2.760877651936858257e+01 -2.999999999999999645e+01 0.000000000000000000e+00 -1.953219401579958969e+01 -3.000000000000000000e+01 2.047438244642495420e+01 2.970937078988299973e+01 0.000000000000000000e+00 2.147231229221786819e+01 -2.626864994461945813e+01 -2.743568865887057839e+01 -2.946768849944458779e+01 0.000000000000000000e+00 3.000000000000000000e+01 2.999999999999999645e+01 -2.196171332013715016e+01 -8.222126303233791234e+00 0.000000000000000000e+00 -2.285381216775798663e+01 -2.993330809242822355e+01 -2.817714446814410323e+01 -3.000000000000000000e+01 0.000000000000000000e+00
3.000000000000000000e+01 2.999999999999999645e+01 2.999999999999999289e+01 3.000000000000000000e+01 0.000000000000000000e+00 -3.000000000000000000e+01 2.999999999999999645e+01 1.131230865564129040e+01 2.395844640700932970e+01 0.000000000000000000e+00 6.088701423279299085e+00 2.889720595692367766e+01 3.000000000000000000e+01 3.000000000000000000e+01 0.000000000000000000e+00 2.338603483778138425e+01 2.097841410755519220e+01 -2.305588762142190618e+01 -2.294347313772422936e+01 0.000000000000000000e+00 3.000000000000000000e+01 2.999999999999999645e+01 2.999999999999999645e+01 2.999999999999999645e+01 0.000000000000000000e+00
2.066519314890556203e+01 2.810910720878787217e+01 2.138601048776405378e+01 3.000000000000000000e+01 0.000000000000000000e+00 2.937855478365495898e+01 3.000000000000000000e+01 2.979418681057786067e+00 1.519476506972611318e+01 0.000000000000000000e+00 -6.631328037691741617e-01 1.743948973575480821e+01 2.302704763190543957e+01 3.000000000000000000e+01 0.000000000000000000e+00 1.986922060122132550e+01 1.166082112677540861e-01 2.751906669427987850e+01 -2.181958186961267288e+01 0.000000000000000000e+00 2.233642698340906207e+01 2.672378024726603485e+01 2.201655068021629802e+01 2.986687259776660497e+01 0.000000000000000000e+00
1.592367067273346670e+01 1.723780143951446675e+01 5.134060509418647555e+00 2.237654899271179687e+01 0.000000000000000000e+00 2.999503004110673032e+01 3.000000000000000000e+01 -2.650231788247950693e+00 4.415892206673341924e+00 0.000000000000000000e+00 -1.498082680985432269e+01 1.280141343649729713e+01 1.248899937912278979e+01 2.262599567332979689e+01 0.000000000000000000e+00 1.542967378473074547e+01 -8.789415214092923152e-05 6.024635668656038057e+00 4.119442996423299697e+00 0.000000000000000000e+00 -1.014788704401246200e+01 2.405276063167057288e+01 1.341985843180573745e+01 1.950204753750747599e+01 0.000000000000000000e+00
1.088056367969092442e+01 1.714551052495688843e+00 1.528603080623255374e-02 1.172012289485446956e+01 0.000000000000000000e+00 2.723549892450060739e+01 2.688774054079729581e+01 -1.701353017384303712e+01 7.424419918189069101e-01 0.000000000000000000e+00 1.798935929414944468e+01 -7.572623091394138584e+00 4.942520070862004011e-02 1.637721443832016988e+01 0.000000000000000000e+00 2.524741495969405136e+01 -6.278842203200981409e+00 8.905729068659651304e-01 2.746344799368882406e+01 0.000000000000000000e+00 3.000000000000000000e+01 2.815525625283777345e+01 2.164059713850156275e+00 1.212273516799506368e+01 0.000000000000000000e+00
2.426541991945622423e-01 0.000000000000000000e+00 0.000000000000000000e+00 8.361478082922248589e+00 0.000000000000000000e+00 2.199862375475558451e+01 2.673133420210092037e+00 3.000000000000000000e+01 0.000000000000000000e+00 0.000000000000000000e+00 -1.061948207341044892e+01 1.502241170670486703e+01 -3.861456382381973640e+00 1.326960637297844414e+01 0.000000000000000000e+00 -2.850244005263861680e-01 2.255025820291446337e+01 0.000000000000000000e+00 1.322620417475627264e+01 0.000000000000000000e+00 1.895073085095387810e+01 4.239200933595077991e+00 -1.916157656049114166e+01 2.320080703471648853e+00 0.000000000000000000e+00
0.000000000000000000e+00 0.000000000000000000e+00 0.000000000000000000e+00 2.700579593465566308e+00 0.000000000000000000e+00 -4.020043416565906469e+00 -1.175731654146595950e+01 3.000000000000000000e+01 0.000000000000000000e+00 0.000000000000000000e+00 2.816864726696218213e+01 2.380282384164365794e+01 -2.532727674596515755e+01 1.612290274350082209e+00 0.000000000000000000e+00 -1.732072628187689745e+01 1.510034476676055881e+01 -2.607236282889106693e+00 1.216454025736134881e+01 0.000000000000000000e+00 9.987871530624648386e+00 -2.181145336958406844e+01 3.000000000000000000e+01 -4.558120859253465135e-02 0.000000000000000000e+00
0.000000000000000000e+00 0.000000000000000000e+00 0.000000000000000000e+00 0.000000000000000000e+00 0.000000000000000000e+00 -1.835340232516395531e+01 -2.315751946715809240e+01 2.588045459198204767e+01 -1.687981133342845302e-03 0.000000000000000000e+00 1.393008114221348315e+01 -2.419214934850832499e+00 1.817022465937586873e+01 0.000000000000000000e+00 0.000000000000000000e+00 1.657710000701120379e+01 -1.070590133334458471e+01 -2.216999527762956745e+01 6.881737209804367206e-01 0.000000000000000000e+00 8.297423043557650146e+00 2.995651210218674976e+01 3.000000000000000000e+01 -1.087319052846815381e+01 0.000000000000000000e+00
0.000000000000000000e+00 0.000000000000000000e+00 0.000000000000000000e+00 0.000000000000000000e+00 0.000000000000000000e+00 -2.559469703225193982e+01 2.910869902632982331e+01 1.076481975820087911e+01 -4.707689505594219170e+00 0.000000000000000000e+00 -6.677517867534480622e+00 6.384130286398530529e+00 -9.941384919368314144e+00 0.000000000000000000e+00 0.000000000000000000e+00 -7.888976312230106203e+00 -2.395010748894183550e+01 2.141683402716477502e+01 0.000000000000000000e+00 0.000000000000000000e+00 -4.253305428983732206e+00 2.364342321556008031e+01 2.197098087832477376e+01 -1.836105357581604380e+01 0.000000000000000000e+00
0.000000000000000000e+00 0.000000000000000000e+00 0.000000000000000000e+00 0.000000000000000000e+00 0.000000000000000000e+00 2.540403420914492827e+01 1.777450618299637952e+01 1.131201400058438333e-01 -1.814932190073618301e+01 0.000000000000000000e+00 -2.770676248591639990e+01 -2.296747700220495503e+01 -2.535653589922346285e+01 -2.136254515632861894e-01 0.000000000000000000e+00 -1.609500237059682703e+01 2.801107232621886922e+01 -2.009544347592451530e+01 -3.156285238803881177e-03 0.000000000000000000e+00 -1.334508038143911612e+01 1.142026795661372951e+01 1.836725943351400048e+01 -2.326893147644792492e+01 0.000000000000000000e+00
0.000000000000000000e+00 0.000000000000000000e+00 0.000000000000000000e+00 0.000000000000000000e+00 0.000000000000000000e+00 1.893157556686159992e+01 1.696031740774696317e+01 0.000000000000000000e+00 -2.084880857459634740e+01 0.000000000000000000e+00 2.662191137252589357e+01 -2.812880686223247650e+01 2.614908737007224815e+01 -8.123642957914668727e+00 0.000000000000000000e+00 -2.353204185162759288e+01 6.896869426354260924e+00 2.841745474835092722e+01 -4.900162738122247674e+00 0.000000000000000000e+00 -3.000000000000000000e+01 2.473422868919099571e+00 1.917010453386940938e+01 2.452337267165259149e+01 0.000000000000000000e+00
0.000000000000000000e+00 0.000000000000000000e+00 0.000000000000000000e+00 0.000000000000000000e+00 0.000000000000000000e+00 8.618934888830358076e+00 2.278723641497311103e+00 0.000000000000000000e+00 3.000000000000000000e+01 0.000000000000000000e+00 1.869025189514386298e+01 3.000000000000000000e+01 1.439739502206295763e+00 -1.837652004449351750e+01 0.000000000000000000e+00 2.436017138528529458e+01 1.875408342726278832e+01 9.113957524624460405e+00 -1.893985969138676140e+01 0.000000000000000000e+00 -3.000000000000000000e+01 -1.065570585305468754e+01 -9.620281295601726512e+00 1.795092186986477145e+01 0.000000000000000000e+00
0.000000000000000000e+00 0.000000000000000000e+00 0.000000000000000000e+00 0.000000000000000000e+00 0.000000000000000000e+00 9.464464812359999271e-03 0.000000000000000000e+00 0.000000000000000000e+00 2.401791164743947959e+01 0.000000000000000000e+00 1.944741838463212857e-01 1.743177842124465471e+01 -2.576822082199159425e+01 -2.997355248568951680e+01 0.000000000000000000e+00 1.922666278124134109e+01 -5.241079793460312608e+00 -1.283878357715132523e+01 2.556882464116219467e+01 0.000000000000000000e+00 3.000000000000000000e+01 -1.920210486109373349e+01 2.523407829151753390e+01 9.522997224967870267e+00 0.000000000000000000e+00
0.000000000000000000e+00 0.000000000000000000e+00 0.000000000000000000e+00 0.000000000000000000e+00 0.000000000000000000e+00 -1.273435568646558602e+00 0.000000000000000000e+00 0.000000000000000000e+00 1.646784847590309298e+01 0.000000000000000000e+00 7.156972466586634773e+00 -2.030706630143688329e+01 1.987027117040474522e+01 2.553732601865426943e+01 0.000000000000000000e+00 -2.084390271044420206e+00 -7.177278656524903155e+00 1.987872799279710989e+01 1.146032755629968314e+01 0.000000000000000000e+00 3.000000000000000000e+01 1.428548564104041496e+01 9.620538600882309055e+00 -9.518947967175870772e+00 0.000000000000000000e+00
0.000000000000000000e+00 0.000000000000000000e+00 0.000000000000000000e+00 0.000000000000000000e+00 0.000000000000000000e+00 -8.093262252275392754e+00 -1.729350078573457447e-02 -5.176054843400508254e-01 4.851234039895704342e+00 0.000000000000000000e+00 1.694264842020483997e+01 2.177161572791601074e+01 8.372003609467139063e-01 -2.096486087632248307e-01 0.000000000000000000e+00 -1.965692597366632199e+01 -1.833550234399334400e+01 -1.373550521128769297e+01 -1.586475347959798299e+01 0.000000000000000000e+00 2.108343175984300899e+01 -6.052047753470485070e+00 1.279054494457704294e+01 -4.126778210222357579e+00 -2.006817361787385234e+00
0.000000000000000000e+00 0.000000000000000000e+00 0.000000000000000000e+00 0.000000000000000000e+00 0.000000000000000000e+00 -1.386066336045400860e+01 -1.589694707483490399e+00 -3.989957426357107817e+00 -9.142665306575031847e-01 -1.208128126535013447e+00 -4.727190301343690670e+00 6.438834082943976966e+00 0.000000000000000000e+00 3.000000000000000000e+01 -1.588977527779032173e-01 1.688720673506394476e+01 -1.267425313798324238e+00 -7.394890771391041895e+00 -2.898099466888207942e+01 -2.107615936420140397e-03 -9.554899400477744109e+00 1.776205628880977727e+01 1.134791528368592139e+01 1.427054066719050418e+01 -1.028534064600419562e+01
0.000000000000000000e+00 0.000000000000000000e+00 0.000000000000000000e+00 0.000000000000000000e+00 0.000000000000000000e+00 -2.005348235174721694e+01 -9.427781823000653816e+00 -1.151830566826829028e+01 -1.149375456582150434e+01 -5.775118720165417052e+00 -1.506803655822316124e+01 -2.482130201141786063e+00 -3.379508840413970816e+00 -7.995671835767869773e+00 -5.367403942212432888e+00 6.844515214543788417e+00 3.000000000000000000e+01 -2.035114313430261745e+01 -7.354907290426649702e+00 -8.796077239472003484e+00 -2.167823051986130523e+01 -1.098332022526727414e+01 -5.763484076666225420e+00 -2.460543978533860354e+01 -1.569893985604435471e+01
0.000000000000000000e+00 0.000000000000000000e+00 0.000000000000000000e+00 0.000000000000000000e+00 0.000000000000000000e+00 -1.554517844178797858e+01 -2.079472988078108386e+01 -1.879251727362753144e+01 -2.264148804905897094e+01 -2.108029207022967100e+01 -2.127121571824531898e+01 -1.312219952035926696e+01 -2.922249939837047705e+01 -1.678689660283835750e+01 -2.262492818872151545e+01 -2.747436017963493171e+01 9.520016698427372859e+00 -9.310859856505604881e+00 2.943582808001797169e+00 -2.655018461999118884e+01 -1.683069195244519634e+01 -2.468752897736541740e+01 -1.864753049310579769e+01 -2.203382008222477140e+01 -1.696174647803394109e+01
0.000000000000000000e+00 0.000000000000000000e+00 0.000000000000000000e+00 0.000000000000000000e+00 0.000000000000000000e+00 -2.708877333582107738e+01 -2.582418765698649565e+01 -2.860221636343563034e+01 -2.919800507983470794e+01 -2.999999999999999645e+01 -2.937920752904459931e+01 -2.366806574014349707e+01 -2.428675133927997720e+01 -2.245089441009499964e+01 -2.999953244672466823e+01 -2.871874291239823052e+01 2.279498458257975813e+01 2.713154259624415943e+01 2.685665903149983080e+01 -3.000000000000000000e+01 -2.241902232397674410e+01 3.000000000000000000e+01 -2.259856341219240861e+01 3.000000000000000000e+01 -2.362434610135872504e+01
