# yaw
0.000000000000000000e+00 0.000000000000000000e+00 0.000000000000000000e+00 0.000000000000000000e+00 0.000000000000000000e+00 2.993454175206378309e+01 -9.456992685494013173e+00 -1.465166814227605308e+01 1.689427344804291309e+01 2.867630973413569961e+01 3.000000000000000000e+01 2.872490187051736044e+01 3.000000000000000000e+01 -3.000000000000000000e+01 3.000000000000000000e+01 3.000000000000000000e+01 7.259122556648719637e+00 9.430663397203121079e+00 2.925175435078595232e+00 3.000000000000000000e+01 3.000000000000000000e+01 2.814844489954656837e+01 -3.000000000000000000e+01 3.000000000000000000e+01 3.000000000000000000e+01
0.000000000000000000e+00 0.000000000000000000e+00 0.000000000000000000e+00 0.000000000000000000e+00 0.000000000000000000e+00 2.803851287071366016e+01 -8.360846836603888832e+00 -1.295690668004053414e+01 2.060306209681611378e+01 2.883618441773446861e+01 2.096444204844911141e+01 1.426104281749466729e+01 1.877863376972752718e+01 1.918668522580724201e+01 1.897260446595923256e+01 2.144084430962299948e+01 -7.403984635830498373e-01 6.626830432075432320e-01 0.000000000000000000e+00 2.450677344588255124e+01 1.709845451588898513e+01 2.628509436666017152e+01 2.383315046447704333e+01 -1.472610847177818094e+00 2.089563008280977741e+01
0.000000000000000000e+00 0.000000000000000000e+00 0.000000000000000000e+00 0.000000000000000000e+00 0.000000000000000000e+00 1.935945953243711060e+01 5.830804485767547840e-01 9.432531148955339839e-01 1.119873103798854252e+01 1.950631483170596070e+01 6.786947221551802301e+00 2.858728077949005408e-01 1.359247751671609050e+00 2.885964607821897676e+00 9.275215784772608885e+00 4.105129426958684213e+00 -1.791930779406076013e+01 -1.386724913211289056e+01 -4.046548576808354364e-02 2.814005982553305785e+01 1.397139278632342929e+01 3.000000000000000000e+01 -9.653647398790242917e+00 7.924199984259930218e+00 -1.208232924349535775e+00
0.000000000000000000e+00 0.000000000000000000e+00 0.000000000000000000e+00 0.000000000000000000e+00 0.000000000000000000e+00 1.848484164826389886e+01 2.193405608818558150e+01 2.711933600196811867e+01 5.761700925737393675e+00 8.224355761614345894e+00 3.415086166542817381e+00 -1.053430455490616119e-01 0.000000000000000000e+00 2.265154610458501930e-02 -4.980032035149298153e+00 0.000000000000000000e+00 2.734457230005074635e+01 2.959715090097574830e+01 -1.621182138456562072e+01 2.702770801943167811e+01 2.888885007801940130e+00 1.727598102070391661e+01 3.000000000000000000e+01 -2.870859289882178089e+01 2.063184986294193735e+01
0.000000000000000000e+00 0.000000000000000000e+00 0.000000000000000000e+00 0.000000000000000000e+00 0.000000000000000000e+00 9.090648090867990305e+00 1.712402520015852048e+01 2.322424479067090530e+01 9.930012054030605828e-01 -1.217771823661688790e+00 0.000000000000000000e+00 -1.548943383031848953e+01 -1.270166361419581835e-01 0.000000000000000000e+00 -1.932271883290731651e+01 0.000000000000000000e+00 -1.877934054799789587e+00 8.185545811159714802e+00 2.196421597131399750e+01 -8.526218382856228573e+00 0.000000000000000000e+00 -4.952462704390870663e+00 1.467137662809442844e+01 2.388365895649426918e+01 1.414018828424927499e+01
0.000000000000000000e+00 0.000000000000000000e+00 0.000000000000000000e+00 0.000000000000000000e+00 0.000000000000000000e+00 1.412664799905365698e-01 1.385980771715347615e+01 1.721972344479224404e+01 0.000000000000000000e+00 -1.375406433218730307e+01 0.000000000000000000e+00 -2.678391597256385737e+01 -1.733638844702369397e+01 -3.350095912470073961e-02 -1.281706829094928679e+01 0.000000000000000000e+00 3.000000000000000000e+01 -1.612214088115651833e+01 2.989344225455446757e+00 -1.719242556959273216e+01 0.000000000000000000e+00 -2.080810981663592685e+01 2.083152743144382057e+01 5.662287527347501737e+00 -2.493489052115481996e+00
0.000000000000000000e+00 0.000000000000000000e+00 0.000000000000000000e+00 0.000000000000000000e+00 0.000000000000000000e+00 0.000000000000000000e+00 5.689740732378698596e+00 1.101873504516352753e+01 0.000000000000000000e+00 -2.331431079425829722e+01 0.000000000000000000e+00 2.999999999999999645e+01 -3.000000000000000000e+01 -1.348511005001839180e+01 2.489997383843145684e+01 0.000000000000000000e+00 1.744007586788596242e+01 2.999999999999999645e+01 -1.678049311511458441e+01 2.999999999999999645e+01 0.000000000000000000e+00 -1.893156268154837463e+01 1.612060372878522330e+01 2.480948134640577152e+01 1.485215516538221792e+01
0.000000000000000000e+00 0.000000000000000000e+00 0.000000000000000000e+00 0.000000000000000000e+00 0.000000000000000000e+00 0.000000000000000000e+00 3.871509021651266202e+00 1.434527353758243251e+00 0.000000000000000000e+00 2.336769509789668575e+00 0.000000000000000000e+00 3.998068795487303984e+00 3.000000000000000000e+01 -2.042105221203707188e+01 1.815827041829157906e+01 0.000000000000000000e+00 3.725989644746864338e-01 2.570456349997786560e+01 3.000000000000000000e+01 2.924799277980044465e+01 0.000000000000000000e+00 3.000000000000000000e+01 -4.843643495262197618e+00 1.110295969700455521e+00 -5.525617166485504939e+00
0.000000000000000000e+00 0.000000000000000000e+00 0.000000000000000000e+00 0.000000000000000000e+00 0.000000000000000000e+00 0.000000000000000000e+00 -2.929685169529999689e-01 4.905967803416985511e-03 0.000000000000000000e+00 2.507939010184351858e+01 0.000000000000000000e+00 2.251435632760862049e+01 2.677022057073743966e+01 -4.959551194478823533e+00 -5.771346676932300745e-01 0.000000000000000000e+00 0.000000000000000000e+00 5.983392117448113723e+00 2.291036327423946872e+01 3.085628265583356900e+00 0.000000000000000000e+00 2.127701628217820229e+01 2.129657259183112217e+01 -5.793119571513885901e+00 -1.570058781419108840e+01
0.000000000000000000e+00 0.000000000000000000e+00 0.000000000000000000e+00 0.000000000000000000e+00 0.000000000000000000e+00 0.000000000000000000e+00 -1.012874842452585966e+01 -1.249410499572987110e+00 0.000000000000000000e+00 1.437541757105316087e+01 0.000000000000000000e+00 9.605395579128389372e+00 2.729659004053708315e+01 2.948003796957064182e+01 2.295732200096365361e+01 0.000000000000000000e+00 -1.467365445120790476e-03 -1.803058394503571904e+01 6.084132117355333103e-01 5.481686041431514056e+00 0.000000000000000000e+00 1.129796085217720325e+01 -6.097057360367484691e+00 2.706838367246020383e+01 -2.897755929558331900e+01
0.000000000000000000e+00 0.000000000000000000e+00 0.000000000000000000e+00 0.000000000000000000e+00 0.000000000000000000e+00 0.000000000000000000e+00 -1.860241264786389692e+01 -1.142994856274907889e+01 -7.346522796679570533e+00 3.392624037558337746e-01 0.000000000000000000e+00 1.989951401229185859e-02 1.391414363705097523e+00 2.064013122923466526e+01 2.891058546824027964e+00 0.000000000000000000e+00 -5.348257392275326261e+00 9.247607177583464733e+00 -1.150025386336903654e+00 9.603823542422583515e+00 0.000000000000000000e+00 3.733447375933478529e-01 -1.595515685883160906e+01 -2.685249119247589356e+00 -2.308650610613676690e+01
0.000000000000000000e+00 0.000000000000000000e+00 0.000000000000000000e+00 0.000000000000000000e+00 0.000000000000000000e+00 0.000000000000000000e+00 -2.902667077290589859e+01 -2.142406061573088039e+01 -2.107707135326613468e+01 -1.109220121056397268e+01 0.000000000000000000e+00 -1.227166351036722114e+00 -1.103291096817572381e+01 -7.074424736487579857e+00 7.858693413678291328e+00 0.000000000000000000e+00 -1.357391859530940614e+01 1.671198877815672362e-02 -1.156121144660460054e+01 -2.314729197965437990e+01 0.000000000000000000e+00 0.000000000000000000e+00 -2.218997175552220824e+01 -1.934651631039435316e+01 3.251525011083870709e+00
0.000000000000000000e+00 0.000000000000000000e+00 0.000000000000000000e+00 0.000000000000000000e+00 0.000000000000000000e+00 0.000000000000000000e+00 2.732388344551191750e+01 3.000000000000000000e+01 3.000000000000000000e+01 -1.616777239199672067e+01 0.000000000000000000e+00 -7.247353556896772631e+00 1.203122473883521693e+01 1.851650533951890054e+01 -9.642394761363728861e+00 0.000000000000000000e+00 -9.914793731843431601e+00 0.000000000000000000e+00 2.389517160499567083e+01 1.002712969814359134e+01 0.000000000000000000e+00 -2.114963843636696872e+00 2.842015977393289461e+01 -2.256047828449191783e+01 2.422306572775166345e+01
0.000000000000000000e+00 0.000000000000000000e+00 0.000000000000000000e+00 0.000000000000000000e+00 -5.214943907113496202e+00 0.000000000000000000e+00 1.768709845814432313e+01 2.320101944840760311e+01 1.929334230821611129e+01 -2.915162192902253224e+01 0.000000000000000000e+00 -2.097069072218555164e+01 3.092520646540404192e-02 -1.291741157499998138e+01 1.877643718212276980e+01 0.000000000000000000e+00 -1.198466448504966486e+01 -3.648368001643362835e+00 2.388381910963131904e+00 -1.195488436761869416e-01 0.000000000000000000e+00 -8.824209250907710356e+00 1.286313563428915963e+01 3.000000000000000000e+01 1.568386075914784783e+01
0.000000000000000000e+00 -1.910279043536437182e+00 -1.458468558502602243e-02 0.000000000000000000e+00 -9.130713968932028024e+00 0.000000000000000000e+00 2.319608230381933645e+00 -2.236481918825989013e+00 4.825588272056003269e+00 1.340784402653856233e+00 0.000000000000000000e+00 -2.026578168146638959e+01 -4.355833551790335711e+00 1.542278419389191413e+01 -6.031339103858997935e-02 0.000000000000000000e+00 -9.807420407881547675e+00 -1.674499069700977572e+01 0.000000000000000000e+00 6.409418099182965456e+00 0.000000000000000000e+00 -1.311926883390645848e+01 3.229885116726976535e-01 2.523344356469002392e+01 -1.428850414993151796e+00
0.000000000000000000e+00 -6.579074081618798253e+00 -2.481265644161102735e+00 -3.171598972877343048e+00 -1.536989677889848593e+01 0.000000000000000000e+00 -6.453653473004017371e+00 -1.971339631008904902e+01 -7.144421570938967569e+00 8.700570230137822492e+00 0.000000000000000000e+00 1.067800055512889301e+01 -1.490620433075379658e+01 -5.794366095825638219e+00 -6.220908464866993448e+00 0.000000000000000000e+00 1.286269303691201848e+00 -2.811203787186426695e+01 -3.822703383572269575e-01 -7.306868728305775385e+00 0.000000000000000000e+00 -2.233300059111362401e+01 -1.088126715677788736e+00 -4.461505245158308597e+00 -4.167020603579359772e+00
0.000000000000000000e+00 -1.689107201637039424e+01 -1.456084448766819150e+01 -2.031331817926632866e+01 -1.108129710119310296e+01 0.000000000000000000e+00 -1.820595691138991512e+01 -2.293367708168358376e+01 -1.085734052726981647e+00 3.000000000000000000e+01 0.000000000000000000e+00 9.487663441190438363e+00 -1.735468864300832337e+01 -1.671306846081122899e+01 -2.068426602790633240e+01 0.000000000000000000e+00 5.755985246217186990e+00 2.910552805412536870e+01 -1.353109807885440929e+01 -1.570735180711971601e+01 0.000000000000000000e+00 -1.581995364100176538e+01 -1.335372568717703423e+01 -2.194461462518529160e+01 -5.853323599174787617e+00
0.000000000000000000e+00 -2.097068000010952460e+01 -2.560346976692944310e+01 -2.713654624336718868e+01 -2.114722555149744920e+01 0.000000000000000000e+00 -2.409629906189232074e+01 -2.405447189897126847e+01 -1.105838209832629815e+01 2.446946281325612560e+01 0.000000000000000000e+00 1.607676246051997637e+01 2.776861347502079269e+01 -2.725820987321062105e+01 3.000000000000000000e+01 0.000000000000000000e+00 2.277046876856176283e+01 1.457925250143916074e+01 -2.999999999999999645e+01 -2.175269877905880023e+01 0.000000000000000000e+00 -1.163431885634843610e+01 -2.474261316022451140e+01 -2.836286631575378792e+01 -2.032017754052736436e+01
0.000000000000000000e+00 2.991217339697697142e+01 3.000000000000000000e+01 3.000000000000000000e+01 3.000000000000000000e+01 0.000000000000000000e+00 2.107299503324447443e+01 3.000000000000000000e+01 2.126173916925811369e+01 1.204683465505098461e+01 0.000000000000000000e+00 1.173717883606868639e+01 2.075719913518636162e+01 3.000000000000000000e+01 2.005405892583400984e+01 0.000000000000000000e+00 1.440029022965492622e+01 1.483684073682179339e+01 2.440276589566945731e+01 2.999999999999999645e+01 0.000000000000000000e+00 2.999999999999999645e+01 3.000000000000000000e+01 3.000000000000000000e+01 3.000000000000000000e+01
0.000000000000000000e+00 2.783840636647200029e+01 2.027659861696554344e+01 2.233449458470123261e+01 2.016035007726298645e+01 0.000000000000000000e+00 2.011741839575742219e+01 2.279632520608507562e+01 7.921603057301476625e+00 3.759071007286697297e-01 0.000000000000000000e+00 4.560347378118061179e-02 1.476773673174699297e+01 2.228785010904080366e+01 9.858681474349575424e+00 0.000000000000000000e+00 9.876100206797310932e+00 2.785234117113126295e+00 2.093897927832250616e+01 2.650421696969186058e+01 0.000000000000000000e+00 2.606047656944405588e+01 1.925274641224957861e+01 2.444417219055451440e+01 1.900289194666815362e+01
0.000000000000000000e+00 2.159039717895738164e+01 1.311804625969097593e+01 1.610997676303410842e+01 -1.118623075942213951e+01 0.000000000000000000e+00 7.370480462754363415e+00 6.354555783042709294e+00 -3.085819841584188872e+00 1.077321858522766407e+00 0.000000000000000000e+00 0.000000000000000000e+00 2.605462893899459953e+00 1.210397592275371714e+01 1.363578477152186608e+00 0.000000000000000000e+00 1.401891774636439658e+00 -4.468325172263274969e-01 1.831491081107387586e+01 3.000000000000000000e+01 0.000000000000000000e+00 1.491015089185911968e+01 1.879858500446878189e+00 1.288662868167254061e+01 1.446570892711084966e+01
0.000000000000000000e+00 2.999999988531313377e+01 4.794601752578919296e+00 1.842948043306982253e+00 1.850942309962283261e+01 0.000000000000000000e+00 2.962612825331154554e+00 9.095580910555639553e-01 3.234306837260021883e+00 -3.428511835303005295e+00 0.000000000000000000e+00 0.000000000000000000e+00 0.000000000000000000e+00 -1.107751984352254659e+01 -1.536205300501920412e+01 0.000000000000000000e+00 0.000000000000000000e+00 -9.194082085061332066e+00 1.528779840339392315e+01 1.683976543964228867e+01 0.000000000000000000e+00 9.796856466232917171e+00 2.474839395787909119e-04 1.664742996917601414e-01 2.120706665087715947e+01
0.000000000000000000e+00 1.262021544720765664e+00 -1.401177224486900963e+00 9.997746392598545029e+00 7.931919725922412567e+00 0.000000000000000000e+00 0.000000000000000000e+00 -1.694392774593303486e+01 -5.346793603747157064e+00 -4.219655104778873955e+00 0.000000000000000000e+00 0.000000000000000000e+00 -3.470439800746989878e+00 1.009982385794402582e+01 1.708228252318933471e+01 0.000000000000000000e+00 0.000000000000000000e+00 -9.456603867274504083e+00 -4.623591468719200570e+00 -8.271679201022090477e-02 0.000000000000000000e+00 4.432940320045905658e+00 0.000000000000000000e+00 0.000000000000000000e+00 1.996701888050189666e-01
0.000000000000000000e+00 0.000000000000000000e+00 0.000000000000000000e+00 0.000000000000000000e+00 0.000000000000000000e+00 0.000000000000000000e+00 0.000000000000000000e+00 0.000000000000000000e+00 0.000000000000000000e+00 0.000000000000000000e+00 0.000000000000000000e+00 0.000000000000000000e+00 0.000000000000000000e+00 0.000000000000000000e+00 0.000000000000000000e+00 0.000000000000000000e+00 0.000000000000000000e+00 0.000000000000000000e+00 0.000000000000000000e+00 0.000000000000000000e+00 0.000000000000000000e+00 0.000000000000000000e+00 0.000000000000000000e+00 0.000000000000000000e+00 0.000000000000000000e+00
0.000000000000000000e+00 0.000000000000000000e+00 0.000000000000000000e+00 0.000000000000000000e+00 0.000000000000000000e+00 0.000000000000000000e+00 0.000000000000000000e+00 0.000000000000000000e+00 0.000000000000000000e+00 0.000000000000000000e+00 0.000000000000000000e+00 0.000000000000000000e+00 0.000000000000000000e+00 0.000000000000000000e+00 0.000000000000000000e+00 0.000000000000000000e+00 0.000000000000000000e+00 0.000000000000000000e+00 0.000000000000000000e+00 0.000000000000000000e+00 0.000000000000000000e+00 0.000000000000000000e+00 0.000000000000000000e+00 0.000000000000000000e+00 0.000000000000000000e+00
0.000000000000000000e+00 0.000000000000000000e+00 0.000000000000000000e+00 0.000000000000000000e+00 0.000000000000000000e+00 0.000000000000000000e+00 0.000000000000000000e+00 0.000000000000000000e+00 0.000000000000000000e+00 0.000000000000000000e+00 0.000000000000000000e+00 0.000000000000000000e+00 0.000000000000000000e+00 0.000000000000000000e+00 0.000000000000000000e+00 0.000000000000000000e+00 0.000000000000000000e+00 0.000000000000000000e+00 0.000000000000000000e+00 0.000000000000000000e+00 0.000000000000000000e+00 0.000000000000000000e+00 0.000000000000000000e+00 0.000000000000000000e+00 0.000000000000000000e+00
0.000000000000000000e+00 0.000000000000000000e+00 0.000000000000000000e+00 0.000000000000000000e+00 0.000000000000000000e+00 0.000000000000000000e+00 0.000000000000000000e+00 0.000000000000000000e+00 0.000000000000000000e+00 0.000000000000000000e+00 0.000000000000000000e+00 0.000000000000000000e+00 0.000000000000000000e+00 0.000000000000000000e+00 0.000000000000000000e+00 0.000000000000000000e+00 0.000000000000000000e+00 0.000000000000000000e+00 0.000000000000000000e+00 0.000000000000000000e+00 0.000000000000000000e+00 0.000000000000000000e+00 0.000000000000000000e+00 0.000000000000000000e+00 0.000000000000000000e+00
0.000000000000000000e+00 2.064278604666355221e+01 1.714089432732080098e+01 2.140024212191150799e+00 3.000000000000000000e+01 0.000000000000000000e+00 3.000000000000000000e+01 -2.313030832501487311e+01 2.939844636894240892e+01 -2.763325280333074474e+01 0.000000000000000000e+00 -2.912634621378779443e+01 3.000000000000000000e+01 2.724225340645106641e+01 -6.486395656035992552e+00 0.000000000000000000e+00 -2.121138624790324201e+01 9.389014557858038623e-02 4.923809389518641666e+00 2.193928646804921812e+01 0.000000000000000000e+00 0.000000000000000000e+00 0.000000000000000000e+00 0.000000000000000000e+00 0.000000000000000000e+00
0.000000000000000000e+00 1.110789296024722361e+01 1.138074533596813787e+01 -1.220744018904130179e+01 3.000000000000000000e+01 0.000000000000000000e+00 2.054488019553420486e+01 2.521636653690885410e+01 2.078112749934737380e+01 3.000000000000000000e+01 0.000000000000000000e+00 1.675753832175312041e+01 2.327000524719363028e+00 9.184558700870821824e+00 2.814552658066891766e+01 0.000000000000000000e+00 -3.000000000000000000e+01 0.000000000000000000e+00 1.288040330452668372e-02 1.298802010204572177e+01 0.000000000000000000e+00 0.000000000000000000e+00 0.000000000000000000e+00 0.000000000000000000e+00 0.000000000000000000e+00
0.000000000000000000e+00 -8.379869840850572515e+00 -4.013190922643046221e+00 -2.152710249555239130e+01 2.611093827012779300e+01 0.000000000000000000e+00 4.648112163374226391e+00 6.877351860929768357e+00 -4.038308529967282290e+00 3.000000000000000000e+01 0.000000000000000000e+00 2.225040413107890913e+01 -1.593134013331514431e+01 -2.303312879402758995e+01 2.163196128637797599e+01 0.000000000000000000e+00 2.823826842493433276e+01 0.000000000000000000e+00 0.000000000000000000e+00 1.891060949558214799e-01 0.000000000000000000e+00 0.000000000000000000e+00 0.000000000000000000e+00 0.000000000000000000e+00 0.000000000000000000e+00
-1.534907385661437029e+00 -1.767430839895614980e+01 7.948120631953403681e+00 1.229572425220776211e+01 1.086400663243914622e+01 0.000000000000000000e+00 -2.982583308910393249e+00 1.999773832234034288e+01 1.355412282149889336e+01 1.861755777452916760e+01 0.000000000000000000e+00 7.981958371656072693e+00 1.252076989142593888e+01 1.441634080264721263e+01 3.027749854659078643e+00 0.000000000000000000e+00 1.843577375339009095e+01 0.000000000000000000e+00 0.000000000000000000e+00 -1.230879846951708823e+00 0.000000000000000000e+00 0.000000000000000000e+00 0.000000000000000000e+00 0.000000000000000000e+00 0.000000000000000000e+00
-6.772521121571799085e+00 1.752845466920155104e+01 2.447161501509757286e+01 -9.180439174077015707e+00 1.263197112954599577e+00 0.000000000000000000e+00 -7.991063383642829976e+00 -9.506568381569989512e+00 -9.713564514812262018e+00 1.218917619185040202e+01 0.000000000000000000e+00 -1.623674895710485444e+01 2.196595052702902603e-02 -4.408839425795906264e-01 1.440772148878781778e+01 0.000000000000000000e+00 6.389164741234708345e+00 0.000000000000000000e+00 0.000000000000000000e+00 -7.137298154821217544e+00 0.000000000000000000e+00 0.000000000000000000e+00 0.000000000000000000e+00 0.000000000000000000e+00 0.000000000000000000e+00
-9.736265321540436446e+00 1.918238752943632885e-01 8.023241812748338475e+00 -9.966744933439331433e+00 -1.249759351769498217e+01 -7.750502261527754122e-01 -9.419159343640478355e+00 8.486630095523613804e+00 1.186916790676201394e+01 -4.990880284755703222e+00 0.000000000000000000e+00 3.609533543612724049e+00 -1.858626474827087094e+00 -1.046994058238561109e+01 4.213567832031254845e+00 -7.649819616159980740e-02 -1.014121191794011612e+00 0.000000000000000000e+00 -4.667135718246110537e-02 -1.246108391903569412e+01 0.000000000000000000e+00 0.000000000000000000e+00 0.000000000000000000e+00 0.000000000000000000e+00 0.000000000000000000e+00
-1.071698290037505963e+01 1.777615152257731168e+01 -6.447301687981007445e-01 -1.078682732795809862e+01 8.609842603095721358e+00 -1.377286848643861639e+01 -4.733180258883227687e+00 -8.732638273092941716e+00 -4.350727163936262798e+00 2.924556660640606154e+00 -9.914412945984173164e-02 -2.221445378049121189e+01 -1.275026925017760249e+01 -1.666205645566309457e+01 -5.063954438367117561e+00 -3.982137481846394156e+00 -9.374675012383702821e+00 -8.204423665621105033e-02 -1.636100055689055255e+00 -1.591568341881753490e+01 0.000000000000000000e+00 0.000000000000000000e+00 0.000000000000000000e+00 0.000000000000000000e+00 0.000000000000000000e+00
-1.264152065384210744e+01 -6.037691340716802912e+00 -8.536165243151264903e+00 -1.642665841968512552e+01 -8.943346229083166676e+00 -2.238895548987862227e+01 -2.459418468057991092e+01 -1.848697983128461431e+01 -1.983103136686614576e+01 -1.803660624611739394e+01 -1.134647075939232153e+01 -2.918404408329298150e+01 -1.503103185445589318e+01 -2.396588971320118233e+01 -1.135226840760115863e+01 -1.555373204704189760e+01 -1.485034778362736141e+01 -1.071892172586139580e+01 -9.471807301601188556e+00 -2.193346304176350614e+01 0.000000000000000000e+00 0.000000000000000000e+00 0.000000000000000000e+00 0.000000000000000000e+00 0.000000000000000000e+00
-2.120005859882364163e+01 -2.634128641895155454e+01 -1.219502121722764620e+01 -3.000000000000000000e+01 -1.820771171443155012e+01 -2.551224479261020761e+01 1.999304363884432334e+01 -3.000000000000000000e+01 3.000000000000000000e+01 -2.495469298143709125e+01 -2.157030095535628433e+01 2.123517128182031399e+01 -2.650493547752819978e+01 2.633080330147788573e+01 -2.281611986101403389e+01 -2.478708759920529658e+01 -1.047066736812496046e+01 -1.609448745793538649e+01 -8.427688647891143248e+00 -1.678647331829416700e+01 0.000000000000000000e+00 0.000000000000000000e+00 0.000000000000000000e+00 0.000000000000000000e+00 0.000000000000000000e+00
3.000000000000000000e+01 3.000000000000000000e+01 -3.000000000000000000e+01 3.000000000000000000e+01 2.943533802781927022e+01 3.000000000000000000e+01 1.119725210393571579e+01 1.858819065860618380e+01 1.867833200473993571e+01 3.000000000000000000e+01 3.000000000000000000e+01 9.672304211223108794e+00 2.539189540167090087e+01 1.060997768360237359e+01 3.000000000000000000e+01 2.647287379523166351e+01 7.620024569284597149e+00 -1.059406410390284314e+01 -9.981810792098956497e+00 2.534911279853375632e+01 0.000000000000000000e+00 0.000000000000000000e+00 0.000000000000000000e+00 0.000000000000000000e+00 0.000000000000000000e+00
2.202342802810714417e+01 3.000000000000000000e+01 2.947920024570498754e+01 2.179191334215931519e+01 1.705466257102785832e+01 2.305308364802816001e+01 7.392197134232042721e+00 1.374064060840063739e+01 1.700046371236240006e+01 2.168222392251721686e+01 1.653788789462068110e+01 0.000000000000000000e+00 8.111844389138978428e+00 1.957795049309352109e-02 1.830387134510241864e+01 2.238306294214591929e+01 1.531447173301164888e+01 -1.544538906114800980e+01 -5.313002148575736605e+00 2.271755007077176813e+01 0.000000000000000000e+00 0.000000000000000000e+00 0.000000000000000000e+00 0.000000000000000000e+00 0.000000000000000000e+00
2.480831186920469733e+01 4.603918634643894947e+00 1.610574781457634685e+01 2.921314822104411135e+01 1.123783559169364210e+01 2.879487275224793308e+01 -5.346518270127906369e+00 2.831799862277989188e+00 1.627890202070333103e+01 1.151330094889236833e+01 4.411891031901356897e+00 0.000000000000000000e+00 1.548443089960054898e-02 -5.148320852525747893e-02 3.393735698785302457e+00 1.481599103034898413e+01 1.116497787932174290e+01 -2.172130255937743470e+01 1.039228329106827964e+01 1.308377973412237338e+01 0.000000000000000000e+00 0.000000000000000000e+00 0.000000000000000000e+00 0.000000000000000000e+00 0.000000000000000000e+00
1.005530965103538321e+01 2.913010527550913054e+01 -1.794185996904879232e+01 2.208806592096683730e+01 5.827767344408235850e+00 1.862423722580047780e+01 2.286728917658724924e+01 -1.600049143486794634e+01 1.479496900992955055e+01 1.476698316113674025e-01 -1.533022494602377073e+01 0.000000000000000000e+00 0.000000000000000000e+00 -1.095270538316782805e+01 1.750363860691169643e-02 6.406510860011611186e+00 4.313970848594588681e+00 2.320322390339446628e+01 1.317061853863414456e+01 1.081020671092978702e+01 0.000000000000000000e+00 0.000000000000000000e+00 0.000000000000000000e+00 0.000000000000000000e+00 0.000000000000000000e+00
-2.027059968009249591e+00 1.461672319752771187e+01 1.860823946092716596e+01 7.130364726801683872e+00 0.000000000000000000e+00 1.596420892215021148e+00 9.156046711301925711e+00 2.058901654275534909e+01 -4.937530438696659196e+00 0.000000000000000000e+00 -2.548188661299266755e+01 -5.231464671310861902e+00 -7.795942552074763832e-02 -2.313045287628495572e+01 0.000000000000000000e+00 -5.957275628542673118e+00 5.350094083917504850e-01 2.145655348787607508e+01 1.487118684690354620e+01 2.440887487237027642e+00 0.000000000000000000e+00 0.000000000000000000e+00 0.000000000000000000e+00 0.000000000000000000e+00 0.000000000000000000e+00
2.049869286224102183e+01 3.000000000000000000e+01 1.143262727448990645e+01 -1.261136993621574831e+01 0.000000000000000000e+00 -3.485357978056526029e+00 -4.269637273494024221e+00 5.325055442069089651e+00 -2.124048604518391770e+01 0.000000000000000000e+00 2.353148383987330661e+01 -2.247739451282634349e+01 -1.166659435292493896e+01 -2.635544032668515868e+01 0.000000000000000000e+00 -1.845392291415846842e+01 0.000000000000000000e+00 1.472869770923781552e+01 7.325943393889311928e+00 5.309165469145024630e-02 0.000000000000000000e+00 0.000000000000000000e+00 0.000000000000000000e+00 0.000000000000000000e+00 0.000000000000000000e+00
6.743239796646670392e+00 2.348693215700830095e+01 1.132930020914955627e+01 -2.085010415019887375e+01 0.000000000000000000e+00 -2.156369605261683375e+01 -1.685298932602984934e+01 1.351973113396086390e+01 2.388212556877423154e+01 0.000000000000000000e+00 1.487756346047496869e+01 3.000000000000000000e+01 -2.587417784832047474e+01 2.458441369845171920e+01 0.000000000000000000e+00 -2.315360992276417917e+01 0.000000000000000000e+00 1.405037017636731100e+01 2.407053629006240758e+00 0.000000000000000000e+00 0.000000000000000000e+00 0.000000000000000000e+00 0.000000000000000000e+00 0.000000000000000000e+00 0.000000000000000000e+00
-5.005152930553128598e+00 5.288783530293681423e+00 1.431524097448954969e+01 3.000000000000000000e+01 0.000000000000000000e+00 2.966176396107568891e+01 2.964476633064573008e+01 -1.506464127476118797e+01 1.563348682918657673e+01 0.000000000000000000e+00 -2.363139657460362919e+00 2.374410691129462947e+01 3.000000000000000000e+01 1.091344760792213542e+01 0.000000000000000000e+00 2.577258826120900892e+01 0.000000000000000000e+00 7.007169178398052090e+00 6.978422666516974626e-01 0.000000000000000000e+00 0.000000000000000000e+00 0.000000000000000000e+00 0.000000000000000000e+00 0.000000000000000000e+00 0.000000000000000000e+00
-1.167324623566691777e+01 -1.598581926972513001e+00 -7.738880235423725829e+00 2.243466979836920316e+01 0.000000000000000000e+00 2.554269468394778286e+01 2.041987344438491192e+01 6.714596309166956933e-01 1.308954890816643735e+00 0.000000000000000000e+00 -7.411013917827228958e+00 6.480303018769206780e+00 2.417856037222668775e+01 1.654609176413382121e+00 0.000000000000000000e+00 1.895928697437319954e+01 0.000000000000000000e+00 1.801388969090439440e-01 -8.904455227215484214e-01 0.000000000000000000e+00 0.000000000000000000e+00 0.000000000000000000e+00 0.000000000000000000e+00 0.000000000000000000e+00 0.000000000000000000e+00
-2.812852319605388374e+01 3.242268131043758023e-02 1.985919323527564018e+01 1.585993406020089225e+01 0.000000000000000000e+00 1.229136607351273902e+01 1.343165543115375948e+00 2.186483652203504491e+01 -2.280559071806286323e-03 0.000000000000000000e+00 1.327041802100519519e+01 1.378765621968685018e+01 2.142072006904541936e+01 0.000000000000000000e+00 0.000000000000000000e+00 9.693608474884870319e+00 -6.112222411514262710e+00 0.000000000000000000e+00 -9.600406275537118006e+00 0.000000000000000000e+00 0.000000000000000000e+00 0.000000000000000000e+00 0.000000000000000000e+00 0.000000000000000000e+00 0.000000000000000000e+00
-2.550335234597880785e+01 -2.341962509386845426e+01 -5.684348006492149885e+00 5.022489470740184814e+00 0.000000000000000000e+00 4.678357293062951783e+00 6.536740913757324911e+00 -3.516541599699208653e+00 -4.861692807667449934e+00 0.000000000000000000e+00 1.031061960070779726e+01 1.057802446671477714e+00 -1.665531841305870842e+00 0.000000000000000000e+00 0.000000000000000000e+00 -4.275231182773581828e+00 -1.722641990695463221e+01 -1.308588197150942545e+00 -2.067466276384008950e+01 0.000000000000000000e+00 0.000000000000000000e+00 0.000000000000000000e+00 0.000000000000000000e+00 0.000000000000000000e+00 0.000000000000000000e+00
-2.339244191514866955e+01 -2.957012563113936210e+01 -1.778684543542949470e+01 0.000000000000000000e+00 0.000000000000000000e+00 -2.000179623360196501e+01 -8.811036107194844647e+00 1.912166532132179597e+01 -1.207380575212642349e+01 0.000000000000000000e+00 -7.809544339259506529e-01 1.857700526482148007e+01 -1.290837279993807307e+01 -1.046731165809950292e+00 0.000000000000000000e+00 -1.001297992998402364e+01 -2.533366640356021193e+01 -1.312466179264205834e+01 3.000000000000000000e+01 0.000000000000000000e+00 0.000000000000000000e+00 0.000000000000000000e+00 0.000000000000000000e+00 0.000000000000000000e+00 0.000000000000000000e+00
3.000000000000000000e+01 2.918840208071372189e+01 -2.169857046639419096e+01 0.000000000000000000e+00 0.000000000000000000e+00 1.365852666846862107e+01 -1.734198792669064559e+01 2.471573102167340608e+00 -2.101544145724272994e+01 0.000000000000000000e+00 -2.268066961782400170e+01 -1.224210095698007761e+00 9.826845192354234371e+00 -9.501218525934422843e+00 0.000000000000000000e+00 -1.961706881311491912e+01 2.078713727717013882e+01 -2.211211095496305035e+01 2.529090768103357334e+01 0.000000000000000000e+00 -1.502116819534489167e+00 0.000000000000000000e+00 0.000000000000000000e+00 0.000000000000000000e+00 0.000000000000000000e+00
1.596713401727729931e+01 1.863934847921143501e+01 2.228220025319581410e+01 -6.647008293309456306e+00 0.000000000000000000e+00 -1.036256150517322361e+01 1.612781193245531952e+01 0.000000000000000000e+00 -1.391802415667415715e+01 0.000000000000000000e+00 -1.982663459119513583e+00 2.452014465491035011e+01 8.782217239143682436e-03 -1.214533855956159769e+01 0.000000000000000000e+00 3.000000000000000000e+01 9.778179971960470951e+00 2.699433090628186349e+01 1.676345202750766816e+01 0.000000000000000000e+00 -6.657974615137314700e+00 0.000000000000000000e+00 0.000000000000000000e+00 0.000000000000000000e+00 0.000000000000000000e+00
5.076861536829675892e+00 -1.341064936888526660e+01 2.202563714726250232e+00 -1.287538572908487744e+01 0.000000000000000000e+00 1.990038613687382707e+01 1.424682026479753283e-01 -1.385504248024678198e+00 -2.311392963837668901e+00 0.000000000000000000e+00 -3.224575047582460385e+00 -5.766141397881006547e+00 0.000000000000000000e+00 -1.866287015616541822e+01 0.000000000000000000e+00 -1.890322327669079172e+01 -1.974135167615713726e+01 -4.842113434825747298e+00 1.671635086171137985e+00 0.000000000000000000e+00 -1.032419885237843005e+01 0.000000000000000000e+00 0.000000000000000000e+00 -2.589983204022463070e+00 0.000000000000000000e+00
-2.072670188109316669e+01 2.244883812387937994e+00 -1.408090597332334770e+00 -1.579194529629317856e+01 0.000000000000000000e+00 -7.939166316636129039e+00 -2.609269292486950498e+00 -1.402180925495729014e+01 1.547664678835642782e+01 0.000000000000000000e+00 -2.060043812254076201e+01 -1.805853756539792698e+01 -1.267555128834551903e+00 -1.940642572852014069e+01 0.000000000000000000e+00 3.000000000000000000e+01 2.996963113714061677e+01 1.400104593759629523e+01 -6.681913940234213811e+00 0.000000000000000000e+00 -1.138833830657518398e+01 -3.027860242288257897e+00 -5.818654082819768369e+00 -6.862359373629978165e+00 0.000000000000000000e+00
-7.840614161516313851e-01 -2.170875482463965156e+01 -1.079011511142994273e+01 -2.122686015361881928e+01 0.000000000000000000e+00 -1.569673780004119124e+01 -1.431600549381251675e+01 -3.000000000000000000e+01 1.286537972480151382e+01 0.000000000000000000e+00 3.000000000000000000e+01 -1.733803488348127431e+01 -1.522203305685025931e+01 2.446101751639650601e+01 0.000000000000000000e+00 3.000000000000000000e+01 -2.154876089334580413e+01 -1.207539061195974206e+01 -1.345500732282609668e+01 0.000000000000000000e+00 -1.067152452146538621e+01 -1.819729447864204630e+01 -1.239614564475407299e+01 -1.614618585418541841e+01 0.000000000000000000e+00
-1.989653233862497927e+01 -2.598585086031892999e+01 -2.311692717785656015e+01 -2.557438568947657487e+01 0.000000000000000000e+00 -2.612858897884077791e+01 -3.000000000000000000e+01 2.620710223481630052e+01 1.102210634641702214e+01 0.000000000000000000e+00 1.913176313891232994e+01 -2.944339872482931142e+01 -2.915790257368749749e+01 1.978192839263129699e+01 0.000000000000000000e+00 2.433146237976209747e+01 3.000000000000000000e+01 -1.762030150050750876e+01 -1.752266124007299908e+01 0.000000000000000000e+00 -2.026139861537577502e+01 -2.447462515109743464e+01 -2.405237228031239383e+01 -2.730246585136225335e+01 0.000000000000000000e+00
3.000000000000000000e+01 3.000000000000000000e+01 3.000000000000000000e+01 2.749093561416249898e+01 0.000000000000000000e+00 3.000000000000000000e+01 2.681343165636113568e+01 2.252283044115892707e+01 1.123711408464940575e+01 0.000000000000000000e+00 6.290094047283917966e+00 2.559034736100618801e+01 2.616477048517769788e+01 2.207303631073884986e+01 0.000000000000000000e+00 1.657824140861577789e+01 1.209243462591069473e+01 3.000000000000000000e+01 -1.058928211460734570e+00 0.000000000000000000e+00 3.000000000000000000e+01 3.000000000000000000e+01 3.000000000000000000e+01 2.973523771658808457e+01 0.000000000000000000e+00
1.884944696748462434e+01 2.391088810007924792e+01 1.716572089336044016e+01 2.390025794470121312e+01 0.000000000000000000e+00 2.376412039716033320e+01 1.819441165807948835e+01 1.268334282941329860e+01 2.389437767161552539e+00 0.000000000000000000e+00 -2.945763208809367928e+00 1.461398889565027126e+01 1.570956045793049505e+01 1.629678539287494132e+01 0.000000000000000000e+00 1.216683891988340172e+01 1.245854827848387414e+00 2.091235252833153879e+01 1.843922814639282137e+01 0.000000000000000000e+00 1.907237250198970813e+01 2.161788871133788703e+01 1.838051844439938520e+01 2.520752772046242285e+01 0.000000000000000000e+00
1.247260959703287853e+01 1.427582618965351635e+01 1.657058663372747098e+00 1.636419410114098838e+01 0.000000000000000000e+00 2.778395530309406425e+01 2.568388002126781444e+01 -1.421005147966707627e+00 0.000000000000000000e+00 0.000000000000000000e+00 -1.107611370635079062e+01 5.317051138107623309e+00 8.470236469958804193e+00 2.730060750590298735e+00 0.000000000000000000e+00 1.039247602601797160e+00 -2.183029038287153528e-02 4.351822068598980131e+00 1.142610869717848310e+01 0.000000000000000000e+00 -5.380347554573058133e+00 2.829207015433719263e+01 9.190675908007708728e+00 1.788054182273182136e+01 0.000000000000000000e+00
6.351182196437517469e+00 1.010017833624830663e+00 0.000000000000000000e+00 1.073992567762770811e+01 0.000000000000000000e+00 6.216815801664745678e+00 1.916181039862291868e+01 -1.741234436797569884e+01 0.000000000000000000e+00 0.000000000000000000e+00 5.181473188725536083e+00 -7.446634276785528250e+00 6.859851172079512241e-03 2.180818148000594585e-03 0.000000000000000000e+00 -1.150414324466052740e+01 -1.360869523852382912e+01 7.220895775199619171e-02 4.551732823255605354e+00 0.000000000000000000e+00 2.254280280568999117e+01 1.381351182501192554e+01 -4.894436480710767867e+00 8.908798477582170250e+00 0.000000000000000000e+00
2.265615093343225916e-01 0.000000000000000000e+00 0.000000000000000000e+00 2.091728341755225262e+00 0.000000000000000000e+00 -1.060806952460187880e+01 4.689129209080437732e+00 -2.746303948388508331e+01 0.000000000000000000e+00 0.000000000000000000e+00 -7.522091946131716611e+00 2.548692929536888752e+00 -5.138909019034839432e+00 0.000000000000000000e+00 0.000000000000000000e+00 1.104497883275898040e+00 1.195805931732586203e+01 -2.301532626174484716e-02 1.006824975841917776e-02 0.000000000000000000e+00 1.320505012775444165e+01 8.081503587645172404e-01 -1.167559622634128402e+01 9.984657589095313757e-01 0.000000000000000000e+00
0.000000000000000000e+00 0.000000000000000000e+00 0.000000000000000000e+00 3.154442805115770243e-01 0.000000000000000000e+00 -1.257971727414835073e+01 -1.182602758535848153e+01 2.999999999999999645e+01 -1.389754177204093610e-01 0.000000000000000000e+00 1.886843832852081349e+01 1.947659391827557585e+01 -4.408845352899978920e+00 0.000000000000000000e+00 0.000000000000000000e+00 -2.012912185777649299e+01 1.328136433029468044e+01 -8.492676437596850647e+00 0.000000000000000000e+00 0.000000000000000000e+00 9.069129718518233574e+00 -2.160712697580776265e+01 -1.817475874472793507e+01 -1.125079486554045971e+01 0.000000000000000000e+00
0.000000000000000000e+00 0.000000000000000000e+00 0.000000000000000000e+00 0.000000000000000000e+00 0.000000000000000000e+00 -2.159458712201952579e+01 -2.331568159988409050e+01 2.721843907954902875e+01 -4.599709281062591693e+00 0.000000000000000000e+00 4.505356562386584329e+00 1.157107988431462609e+01 7.588169440038422309e+00 0.000000000000000000e+00 0.000000000000000000e+00 1.897785057074998605e+01 -5.349154892018324503e+00 2.155100115329568666e+01 0.000000000000000000e+00 0.000000000000000000e+00 -7.770502377184557830e+00 3.000000000000000000e+01 -1.808018922729920419e+01 -2.115824372893576566e+01 0.000000000000000000e+00
0.000000000000000000e+00 0.000000000000000000e+00 0.000000000000000000e+00 0.000000000000000000e+00 0.000000000000000000e+00 3.036468773412985378e+00 4.209993357516099266e+00 1.018340325844545902e+01 -1.560554611653865287e+01 0.000000000000000000e+00 -1.387466951014844341e+01 -1.163287068065411489e+01 -1.000846213211108626e+01 -5.683531383146179367e-02 0.000000000000000000e+00 2.144381828600690820e+00 -1.905003496064068713e+01 3.576972391917194738e+00 0.000000000000000000e+00 0.000000000000000000e+00 -8.216803709129738564e+00 3.000000000000000000e+01 2.799921169622047046e+01 -1.893524811881232139e+01 0.000000000000000000e+00
0.000000000000000000e+00 0.000000000000000000e+00 0.000000000000000000e+00 0.000000000000000000e+00 0.000000000000000000e+00 2.693409697266751834e+01 2.765693702697023326e+01 4.937699056174190138e-01 -2.579253322387847547e+01 0.000000000000000000e+00 -3.000000000000000000e+01 -2.666192276217406132e+01 -2.444819564205737805e+01 -7.221197204958055949e+00 0.000000000000000000e+00 -1.289519896042201985e+01 -2.631273534742464193e+01 -2.089230375891500202e+01 -2.994782864023783464e+00 0.000000000000000000e+00 -1.416181030580514388e+01 1.993616201397322385e+01 2.997053116222198810e+01 2.842196208378913980e+01 0.000000000000000000e+00
0.000000000000000000e+00 0.000000000000000000e+00 0.000000000000000000e+00 0.000000000000000000e+00 0.000000000000000000e+00 1.849501812441976156e+01 2.334473893093915464e+01 0.000000000000000000e+00 2.999999999999999645e+01 0.000000000000000000e+00 2.471730013295906403e+01 -3.000000000000000000e+01 2.494864391239217127e+01 -1.737506460717830237e+01 0.000000000000000000e+00 -2.007402217373535791e+01 1.745661006243895130e+01 2.910592362078531892e+01 -1.541737803670764428e+01 0.000000000000000000e+00 -3.000000000000000000e+01 2.835331499643202857e+00 1.636200634648597685e+01 1.946295916686121075e+01 0.000000000000000000e+00
0.000000000000000000e+00 0.000000000000000000e+00 0.000000000000000000e+00 0.000000000000000000e+00 0.000000000000000000e+00 9.511408892922158742e+00 1.199533052505884712e+01 0.000000000000000000e+00 2.658106103963109490e+01 0.000000000000000000e+00 1.711670966173723230e+01 2.751099760243818082e+01 3.813089779879142771e+00 -2.396899010422608001e+01 0.000000000000000000e+00 2.948796864286785535e+01 1.680911336070613160e+01 1.050974035296223086e+01 2.887034357590132316e+01 0.000000000000000000e+00 3.000000000000000000e+01 -1.390973258237214871e+01 -1.335839387627554053e+00 1.178541333143271430e+01 0.000000000000000000e+00
0.000000000000000000e+00 0.000000000000000000e+00 0.000000000000000000e+00 0.000000000000000000e+00 0.000000000000000000e+00 2.598343021347869486e-02 4.406295816099719403e-02 0.000000000000000000e+00 1.743179662509585270e+01 0.000000000000000000e+00 2.596510206022072165e+00 6.914159263373862885e+00 -1.252740417394701922e+01 3.000000000000000000e+01 0.000000000000000000e+00 2.845288634226364266e+01 -3.255800622662592403e+00 -1.075720749404391796e+01 2.049972316489265722e+01 0.000000000000000000e+00 2.915669231187712995e+01 -2.028706122398443057e+01 -1.368992142325092587e+01 1.738742332666056933e+00 0.000000000000000000e+00
0.000000000000000000e+00 0.000000000000000000e+00 0.000000000000000000e+00 0.000000000000000000e+00 0.000000000000000000e+00 -2.141266756872320265e+00 0.000000000000000000e+00 0.000000000000000000e+00 7.612097331197115402e+00 0.000000000000000000e+00 -6.070286854091226481e+00 -2.007365039277778251e+01 1.046154986052737534e+01 2.244728890633552609e+01 0.000000000000000000e+00 5.255571633845026902e+00 1.412675327730541497e+00 1.721904150043016202e+01 6.143494054838929408e+00 0.000000000000000000e+00 2.451820007334790219e+01 1.480242747250005131e+01 1.007036136216631128e+01 -1.295799824739825468e+01 -8.612719588302018003e-01
0.000000000000000000e+00 0.000000000000000000e+00 0.000000000000000000e+00 0.000000000000000000e+00 0.000000000000000000e+00 -8.629551973600145587e+00 0.000000000000000000e+00 0.000000000000000000e+00 -1.492326989396867420e-01 0.000000000000000000e+00 1.368878010294386272e+01 1.375052985482097156e+01 7.807760669861155654e-03 -4.368163160105889453e+00 0.000000000000000000e+00 -1.604035465098660396e+01 -6.623777740999980068e+00 1.016274865357811841e+01 -8.305658578567035377e+00 0.000000000000000000e+00 2.389118565000368122e+01 -7.436028166303366049e+00 -2.467675901200010458e+00 2.063844157774299504e+01 -5.627803709070676952e+00
0.000000000000000000e+00 0.000000000000000000e+00 0.000000000000000000e+00 0.000000000000000000e+00 0.000000000000000000e+00 -1.389983963407877887e+01 0.000000000000000000e+00 0.000000000000000000e+00 -4.438686697253262814e+00 -4.327639571839219657e-01 -5.880822249449364492e-01 -4.342069464766475373e-01 0.000000000000000000e+00 2.124580641187744590e+01 -2.115329289395301025e-05 -1.130749387356492086e+01 1.583839496532608671e+01 -4.982534557016301768e+00 -1.535870742291605673e+01 0.000000000000000000e+00 -3.118250214829074274e+00 4.894507170427483622e+00 1.798315261431628187e+01 4.861284447002589992e+00 -9.774453762042398353e+00
0.000000000000000000e+00 0.000000000000000000e+00 0.000000000000000000e+00 0.000000000000000000e+00 0.000000000000000000e+00 -1.934313944108552263e+01 -8.753960512944607419e-01 -1.585984789420989083e+00 -1.290153641071003676e+01 -7.169006696897378461e+00 -9.627211871059884629e+00 -1.442848209692577655e+01 -8.292538416843925120e+00 -3.395046895559404643e+00 -1.174226191009836606e+00 1.418097265595232948e+01 -1.520570747407215073e+01 -1.848939361309822615e+01 5.870776648707764167e+00 -7.236382812732000680e+00 -3.313091146489101746e+00 -9.153671644984035183e+00 6.418145227666864905e-01 6.502218035029070364e-01 -1.250532394306802964e+01
0.000000000000000000e+00 0.000000000000000000e+00 0.000000000000000000e+00 0.000000000000000000e+00 0.000000000000000000e+00 -2.648664754870433313e+01 -1.061093066387940986e+01 -1.389550237637303631e+01 -2.033008787074404466e+01 -1.868210628758512115e+01 -1.408821894137406616e+01 -1.750172653935838341e+01 -1.812182294470197874e+01 -1.843420826836338122e+01 -1.188339801647416216e+01 -1.546085202643874013e+01 2.999999999999999645e+01 -2.465731473293259057e+01 -2.405864259218351364e+01 -2.120243780166673275e+01 -8.933496445297590682e+00 -2.378252361512936730e+01 -6.145381839156050852e+00 -1.533674202104896445e+01 -1.211956568781084087e+01
0.000000000000000000e+00 0.000000000000000000e+00 0.000000000000000000e+00 0.000000000000000000e+00 0.000000000000000000e+00 -5.731960895110222332e+00 -8.298583583111067696e+00 -2.166330925081280512e+01 -5.189528211367489874e+00 -1.437304546788160664e+01 -2.440010817070459836e+01 -1.236340092088641640e+01 -1.925527494241593018e+01 -2.588121880810291842e+01 -2.618897542273121104e+01 -2.813505704146172093e+01 2.071299731277432699e+01 2.252370734886491022e+01 1.993106945583152978e+01 -2.723294512764226027e+01 -2.083196528813001080e+01 3.000000000000000000e+01 -1.797578684899178469e+01 -2.654209216040325714e+01 -2.191410629968122237e+01
