# yaw
0.000000000000000000e+00 0.000000000000000000e+00 0.000000000000000000e+00 0.000000000000000000e+00 0.000000000000000000e+00 2.999999999999999289e+01 -2.042408130746666473e+01 -2.903496393623980865e+01 -3.000000000000000000e+01 3.000000000000000000e+01 2.999999999999999645e+01 2.705822282459957862e+01 2.999999999999999645e+01 -2.586150924105898596e+01 2.999999999999999645e+01 3.000000000000000000e+01 4.432245840415421689e+00 2.289258473695397100e+01 2.271355316716088701e+00 2.999999999999999645e+01 2.999999999999999645e+01 2.999999999999999645e+01 -2.999999999999998934e+01 4.855649800599809218e+00 3.000000000000000000e+01
0.000000000000000000e+00 0.000000000000000000e+00 0.000000000000000000e+00 0.000000000000000000e+00 0.000000000000000000e+00 3.000000000000000000e+01 -1.695814851824745162e+01 -1.183437746361082787e+00 3.000000000000000000e+01 3.000000000000000000e+01 2.366988594238591403e+01 1.339804012940974154e+01 1.971235868416207992e+01 2.268236246426476654e+01 2.378138288916143850e+01 2.567514067401858213e+01 -6.231172765541802550e-01 1.809480390998808375e+01 0.000000000000000000e+00 2.687564643402505027e+01 2.122660141855476468e+01 3.000000000000000000e+01 3.000000000000000000e+01 3.494587872477320722e+00 2.563100019442892474e+01
0.000000000000000000e+00 0.000000000000000000e+00 0.000000000000000000e+00 0.000000000000000000e+00 0.000000000000000000e+00 2.146944999070206350e+01 3.000000000000000000e+01 3.000000000000000000e+01 2.331945403110778159e+01 2.078775360992213450e+01 1.247726076493181679e+01 8.378256307142208092e-02 6.135906385810588226e+00 6.621824821440551290e+00 1.479466630494867196e+01 9.218008642875121339e+00 -1.814802027895238368e+01 1.672964970785124073e-01 -9.019222799109631247e-03 3.000000000000000000e+01 1.765862011847262991e+01 3.000000000000000000e+01 9.476217598646053730e+00 2.897707948820995227e+01 -9.302925441026827613e+00
0.000000000000000000e+00 0.000000000000000000e+00 0.000000000000000000e+00 0.000000000000000000e+00 0.000000000000000000e+00 1.989880703883000734e+01 2.923527001526133873e+01 2.641830841912364392e+01 9.857723977701333240e+00 1.178280661231519844e+01 3.142142105676468233e+00 -8.875269164765679786e-02 0.000000000000000000e+00 1.216817439090250197e+00 -2.097837177376526085e+00 1.745128421105230851e-02 3.000000000000000000e+01 -2.393746851298119083e+01 -1.392594159373529195e+01 3.000000000000000000e+01 1.041093327204376529e+01 2.977279599080203454e+01 3.000000000000000000e+01 3.000000000000000000e+01 3.000000000000000000e+01
0.000000000000000000e+00 0.000000000000000000e+00 0.000000000000000000e+00 0.000000000000000000e+00 0.000000000000000000e+00 7.962137478784531375e+00 2.238825103234134062e+01 2.651258607066752404e+01 2.211097628284811822e+00 1.879383948401680327e+00 0.000000000000000000e+00 -1.674277677704507994e+01 -8.924791344634406265e-01 0.000000000000000000e+00 -1.622584624647038609e+01 0.000000000000000000e+00 6.669346602497211229e+00 2.377687835002276628e+01 2.355381042831250582e+01 -5.226343677662711684e+00 1.217795404808987986e-01 8.522576005394814302e+00 1.254413193218982236e+01 1.584661784644558224e+01 1.849993990423776324e+01
0.000000000000000000e+00 0.000000000000000000e+00 0.000000000000000000e+00 0.000000000000000000e+00 0.000000000000000000e+00 4.656402202885327052e-02 6.758204558354302449e+00 1.195994976668898779e+01 4.609655695110954909e-02 -1.335648566819464733e+01 0.000000000000000000e+00 -1.238486824616660265e+01 -2.613274965313412324e+01 -5.155392272844280255e-01 -3.513588862666777946e+00 0.000000000000000000e+00 1.503076095494516817e+00 -2.796516483962642852e+00 9.640292270010938580e+00 -7.769438474519166249e+00 0.000000000000000000e+00 -1.491272472413852768e+01 2.414820943273687792e+00 2.518820067932385776e+00 1.929535549105479975e+00
0.000000000000000000e+00 0.000000000000000000e+00 0.000000000000000000e+00 0.000000000000000000e+00 0.000000000000000000e+00 0.000000000000000000e+00 6.348446044917996467e+00 4.422396542791521057e+00 0.000000000000000000e+00 -2.491515770885666115e+01 0.000000000000000000e+00 -7.244572878853920095e+00 -1.199601825998862203e+01 -2.585854756740212324e+01 2.058915601556975261e+01 0.000000000000000000e+00 2.681550232825631497e+01 -2.265043777961378524e+01 -2.271230181988230967e+01 2.729877596274740270e+01 0.000000000000000000e+00 -2.454093968273491555e+01 2.602702779756884510e+01 1.963970449722504696e+01 6.375751408805783171e+00
0.000000000000000000e+00 0.000000000000000000e+00 0.000000000000000000e+00 0.000000000000000000e+00 0.000000000000000000e+00 0.000000000000000000e+00 6.951997213935234399e+00 1.317282281864285087e+00 0.000000000000000000e+00 3.283505426891082379e+00 0.000000000000000000e+00 7.249979420751419212e+00 3.000000000000000000e+01 3.000000000000000000e+01 2.244270630606247607e+01 0.000000000000000000e+00 8.497221371948723956e+00 3.000000000000000000e+01 3.000000000000000000e+01 2.513722044343092321e+01 0.000000000000000000e+00 3.262206900838275025e+00 3.966883079849305549e+00 3.117294359489426459e-01 -7.961486922421661561e+00
0.000000000000000000e+00 0.000000000000000000e+00 0.000000000000000000e+00 0.000000000000000000e+00 0.000000000000000000e+00 0.000000000000000000e+00 7.854708213188175622e-03 0.000000000000000000e+00 0.000000000000000000e+00 2.453973711302414884e+01 0.000000000000000000e+00 2.161688487311258555e+01 2.094379256192350169e+01 2.929575764282568429e+01 4.993158919921032890e+00 0.000000000000000000e+00 0.000000000000000000e+00 1.746650254520166712e+01 2.074527668696828542e+01 1.030591908015787794e+01 0.000000000000000000e+00 2.390018166962513035e+01 -1.479016515568954837e+01 -1.285372304581771097e+00 -1.491231999285808030e+01
0.000000000000000000e+00 0.000000000000000000e+00 0.000000000000000000e+00 0.000000000000000000e+00 0.000000000000000000e+00 0.000000000000000000e+00 -4.685946983071275440e+00 -1.366699197913722408e+00 -3.141068940244280683e-02 1.687221228008504070e+01 0.000000000000000000e+00 8.193332474136017396e+00 2.726689665479801761e+01 2.414109234933609827e+01 2.346083645997070377e+01 0.000000000000000000e+00 0.000000000000000000e+00 -7.676425623794365549e+00 -1.977714395358532551e+00 -1.542859136365804185e+00 0.000000000000000000e+00 1.679043026079684253e+01 4.601024463107371787e+00 1.494816960598487121e+01 -2.601483550271562706e+01
0.000000000000000000e+00 0.000000000000000000e+00 0.000000000000000000e+00 0.000000000000000000e+00 0.000000000000000000e+00 0.000000000000000000e+00 -1.589754015956012800e+01 -1.279846120285032818e+01 -9.592609017822246287e+00 4.171021801303775867e+00 0.000000000000000000e+00 8.719240960251203526e-06 1.762613394080799756e+00 9.873562086457464915e+00 -5.008602527487389544e+00 0.000000000000000000e+00 0.000000000000000000e+00 2.567926730701792337e+01 1.123792768124443953e+01 6.143064945361726537e+00 0.000000000000000000e+00 7.224359266020708326e+00 -1.608317952879444590e+01 -3.764670581656834880e+00 -2.480913015835533741e+01
0.000000000000000000e+00 0.000000000000000000e+00 0.000000000000000000e+00 0.000000000000000000e+00 0.000000000000000000e+00 0.000000000000000000e+00 -2.950054038772197273e+01 -2.886581350286184389e+01 -2.236447619286380828e+01 -7.808467863866444425e+00 0.000000000000000000e+00 -1.341990401841750002e-01 -2.266271701798783056e+01 -1.781655707103911013e+01 -2.026109620678195711e+01 0.000000000000000000e+00 -8.509594188544930660e+00 6.030411312504630139e+00 -2.904231624817819934e+01 -1.980059760479355546e+01 0.000000000000000000e+00 0.000000000000000000e+00 -2.224510007416224866e+01 -2.798703911573042546e+01 -2.465889543347953605e+01
0.000000000000000000e+00 0.000000000000000000e+00 0.000000000000000000e+00 0.000000000000000000e+00 -1.938317232609932050e+00 0.000000000000000000e+00 2.781895084526092532e+01 3.000000000000000000e+01 2.512758809735640853e+01 -1.611657875666634610e+01 0.000000000000000000e+00 -5.673372229831113778e+00 2.087915147309501407e+01 9.487213701276770550e+00 8.134941254001672561e+00 0.000000000000000000e+00 -5.686823681167680888e+00 0.000000000000000000e+00 2.740771860178958264e+01 1.568636743597468630e+01 0.000000000000000000e+00 -2.298808427911868346e+00 3.000000000000000000e+01 6.182812466038705601e+00 2.511696889748692385e+01
0.000000000000000000e+00 0.000000000000000000e+00 0.000000000000000000e+00 0.000000000000000000e+00 -8.994055766398881602e+00 0.000000000000000000e+00 1.687072357704451520e+01 1.699809122245136805e+01 2.108863636208137660e+00 -3.000000000000000000e+01 0.000000000000000000e+00 -1.949068777679129738e+01 1.532714429455057648e+00 -1.474191385938319065e+01 2.024154186777903419e+01 0.000000000000000000e+00 -9.999073927109801474e+00 -3.419766277794048293e+00 7.844455034615315903e+00 -6.779967318762255779e+00 0.000000000000000000e+00 -9.946380330807265580e+00 1.872555486505173050e+01 3.000000000000000000e+01 1.195112087528652367e+01
0.000000000000000000e+00 -2.617210965767382103e+00 -1.672260016061085097e-01 0.000000000000000000e+00 -1.410724904857040052e+01 0.000000000000000000e+00 3.778280620697245684e+00 -2.068976221994297759e+01 -3.000000000000000000e+01 2.981937835568748252e+00 0.000000000000000000e+00 -2.179131981786515482e+01 0.000000000000000000e+00 -1.017322523455241523e+01 5.591683849914645066e+00 0.000000000000000000e+00 -2.202302701891552772e+01 -1.027471401720995559e+01 -7.417892924548510382e-03 1.491849621547320481e+01 0.000000000000000000e+00 -1.505640288646132952e+01 4.018510847149737941e+00 8.007795238585321940e+00 -1.317563040345031844e+01
0.000000000000000000e+00 -1.060642401145842051e+01 -4.015142886335300254e+00 -5.811924696242723343e+00 -1.731243854944939997e+01 0.000000000000000000e+00 -6.501794344953021332e-01 -2.880235842974403226e+01 -3.000000000000000000e+01 -2.646771117250140648e+01 0.000000000000000000e+00 5.132296058858308641e+00 -1.065274508615265958e+01 -2.067062659651497825e+01 3.607516804329988780e+00 0.000000000000000000e+00 -2.742385614205903366e+01 -2.345550817916641506e+01 -1.990772462177540447e+00 -2.307829145808697913e+00 0.000000000000000000e+00 -1.859530986329473379e+01 -1.768757480278002170e+00 -1.282184819920269092e+01 -8.385842385710772229e-01
0.000000000000000000e+00 -2.074407728484207780e+01 -1.941711784769727700e+01 -2.314005266609358102e+01 -1.742291018863090457e+01 0.000000000000000000e+00 -1.626292587614627294e+01 -2.982971128539172057e+01 -2.249558090320175197e+01 3.000000000000000000e+01 0.000000000000000000e+00 2.600383989206332558e+01 -2.715475397235488941e+01 -2.677514773607406440e+01 -8.529186390946431828e+00 0.000000000000000000e+00 -7.751409267901326672e+00 3.000000000000000000e+01 -1.704003731443733471e+01 -9.182712788501570245e+00 0.000000000000000000e+00 -2.555635821066656987e+01 -1.570299999036469707e+01 -2.765167281957776169e+01 -1.192094516883392608e+01
0.000000000000000000e+00 -3.000000000000000000e+01 -2.594133485610258916e+01 -2.999999999999998934e+01 -2.318266527267088506e+01 0.000000000000000000e+00 -2.545866906581409594e+01 -2.570110703283591036e+01 3.000000000000000000e+01 3.000000000000000000e+01 0.000000000000000000e+00 1.680544418987521738e+01 -2.979094076519839973e+01 2.701742005923744827e+01 -2.292561263206194866e+01 0.000000000000000000e+00 2.424595409092743736e+01 1.580185058404972231e+01 -3.000000000000000000e+01 -1.652364559192661631e+01 0.000000000000000000e+00 -2.128647056531475812e+01 -2.326792647602719555e+01 -3.000000000000000000e+01 -2.220287551786156399e+01
0.000000000000000000e+00 3.000000000000000000e+01 3.000000000000000000e+01 2.999999999999999289e+01 3.000000000000000000e+01 0.000000000000000000e+00 -2.825191343655686893e+01 3.000000000000000000e+01 1.865502949532577759e+01 2.155043634595322999e+01 0.000000000000000000e+00 1.912756131658660408e+01 3.000000000000000000e+01 1.124408727754492432e+01 3.000000000000000000e+01 0.000000000000000000e+00 2.717734162103435480e+01 1.169607727582917711e+01 3.000000000000000000e+01 3.000000000000000000e+01 0.000000000000000000e+00 3.000000000000000000e+01 3.000000000000000000e+01 3.000000000000000000e+01 3.000000000000000000e+01
0.000000000000000000e+00 3.000000000000000000e+01 2.348581894591932340e+01 2.726007112111068764e+01 2.332220418881292190e+01 0.000000000000000000e+00 3.000000000000000000e+01 2.346460271016591292e+01 3.489712928617935805e+00 1.774995476216609092e+01 0.000000000000000000e+00 2.908400687424698816e+00 2.689573252509040557e+01 4.460114400508551347e-01 1.429243800052712388e+01 0.000000000000000000e+00 2.164128474289817561e+01 5.227626012261352151e-02 3.000000000000000000e+01 3.000000000000000000e+01 0.000000000000000000e+00 3.000000000000000000e+01 2.182076195953295183e+01 2.922993837507704384e+01 2.152973406827544878e+01
0.000000000000000000e+00 2.196131175740311292e+01 1.643952158947481834e+01 3.000000000000000000e+01 -1.070305286389907451e+01 0.000000000000000000e+00 2.364360090657502766e+01 8.040790484298939944e+00 -1.691064340395802557e+00 2.438216263816132212e+01 0.000000000000000000e+00 0.000000000000000000e+00 1.996947705372401316e+01 -1.173236022875514983e+01 -1.343976474490951922e+01 0.000000000000000000e+00 1.806561029071635005e+01 -3.123030681688998111e+00 3.000000000000000000e+01 3.000000000000000000e+01 0.000000000000000000e+00 2.520692246742266818e+01 4.732246760173379307e+00 1.904417109841294220e+01 1.838207833647414091e+01
0.000000000000000000e+00 1.517759647646661847e+01 4.750906542069174066e+00 2.964164231164882324e+01 2.999999999999999645e+01 0.000000000000000000e+00 1.624393369163067291e+01 4.176804692479406000e+00 7.753638770469461150e+00 1.352935220723719967e+00 0.000000000000000000e+00 0.000000000000000000e+00 5.924766878784159196e+00 -3.000000000000000000e+01 -2.483980827964342097e+01 0.000000000000000000e+00 7.656036166257218945e+00 -2.183756520796018563e+01 2.559365259525696601e+01 3.000000000000000000e+01 0.000000000000000000e+00 2.120275556881663448e+01 2.236519381512827240e-02 1.334532003477866047e+00 1.689130258098616011e+01
0.000000000000000000e+00 2.402226721793566000e+00 -1.925037401799229642e+01 3.000000000000000000e+01 1.992396908126358568e+01 0.000000000000000000e+00 6.830013392858060861e-01 -1.966966079691323088e+00 1.506821478400192538e+00 -1.488816525378272537e+01 0.000000000000000000e+00 0.000000000000000000e+00 -5.618516383828612959e+00 2.795628527857982348e+01 2.914368797999356886e+01 0.000000000000000000e+00 8.734230805588074631e+00 -2.240124752681914799e+01 -7.232721472076725222e-01 2.859373710086091336e+01 0.000000000000000000e+00 4.793845001243111525e+00 0.000000000000000000e+00 0.000000000000000000e+00 1.184361439022332263e+00
0.000000000000000000e+00 0.000000000000000000e+00 0.000000000000000000e+00 0.000000000000000000e+00 0.000000000000000000e+00 0.000000000000000000e+00 0.000000000000000000e+00 0.000000000000000000e+00 0.000000000000000000e+00 0.000000000000000000e+00 0.000000000000000000e+00 0.000000000000000000e+00 0.000000000000000000e+00 0.000000000000000000e+00 0.000000000000000000e+00 0.000000000000000000e+00 0.000000000000000000e+00 0.000000000000000000e+00 0.000000000000000000e+00 0.000000000000000000e+00 0.000000000000000000e+00 0.000000000000000000e+00 0.000000000000000000e+00 0.000000000000000000e+00 0.000000000000000000e+00
0.000000000000000000e+00 0.000000000000000000e+00 0.000000000000000000e+00 0.000000000000000000e+00 0.000000000000000000e+00 0.000000000000000000e+00 0.000000000000000000e+00 0.000000000000000000e+00 0.000000000000000000e+00 0.000000000000000000e+00 0.000000000000000000e+00 0.000000000000000000e+00 0.000000000000000000e+00 0.000000000000000000e+00 0.000000000000000000e+00 0.000000000000000000e+00 0.000000000000000000e+00 0.000000000000000000e+00 0.000000000000000000e+00 0.000000000000000000e+00 0.000000000000000000e+00 0.000000000000000000e+00 0.000000000000000000e+00 0.000000000000000000e+00 0.000000000000000000e+00
0.000000000000000000e+00 0.000000000000000000e+00 0.000000000000000000e+00 0.000000000000000000e+00 0.000000000000000000e+00 0.000000000000000000e+00 0.000000000000000000e+00 0.000000000000000000e+00 0.000000000000000000e+00 0.000000000000000000e+00 0.000000000000000000e+00 0.000000000000000000e+00 0.000000000000000000e+00 0.000000000000000000e+00 0.000000000000000000e+00 0.000000000000000000e+00 0.000000000000000000e+00 0.000000000000000000e+00 0.000000000000000000e+00 0.000000000000000000e+00 0.000000000000000000e+00 0.000000000000000000e+00 0.000000000000000000e+00 0.000000000000000000e+00 0.000000000000000000e+00
0.000000000000000000e+00 0.000000000000000000e+00 0.000000000000000000e+00 0.000000000000000000e+00 0.000000000000000000e+00 0.000000000000000000e+00 0.000000000000000000e+00 0.000000000000000000e+00 0.000000000000000000e+00 0.000000000000000000e+00 0.000000000000000000e+00 0.000000000000000000e+00 0.000000000000000000e+00 0.000000000000000000e+00 0.000000000000000000e+00 0.000000000000000000e+00 0.000000000000000000e+00 0.000000000000000000e+00 0.000000000000000000e+00 0.000000000000000000e+00 0.000000000000000000e+00 0.000000000000000000e+00 0.000000000000000000e+00 0.000000000000000000e+00 0.000000000000000000e+00
0.000000000000000000e+00 2.029098606380798131e+01 2.426197900197282920e+01 1.720381708575255297e+00 -3.369021159523153841e+00 0.000000000000000000e+00 -4.808953023081715905e+00 -1.783684513597615151e+01 1.656223213367916003e+01 2.909122003696753556e+00 0.000000000000000000e+00 -9.345315492156966997e+00 2.575632510911090378e+01 1.395556437558249741e+01 -1.130597120035089631e+01 0.000000000000000000e+00 -8.256024761949793955e+00 0.000000000000000000e+00 2.405521261199723870e+00 1.737804401172215663e+01 0.000000000000000000e+00 0.000000000000000000e+00 0.000000000000000000e+00 0.000000000000000000e+00 0.000000000000000000e+00
0.000000000000000000e+00 1.031212523871732145e+01 5.539458900745466430e+00 -1.954862732602398623e+01 3.000000000000000000e+01 0.000000000000000000e+00 2.420695898524908074e+01 3.000000000000000000e+01 2.674007605699413759e+01 -1.114244873136383518e+01 0.000000000000000000e+00 3.000000000000000000e+01 -5.291146350381045194e-01 -1.594805783701906776e+01 -2.267972937971442704e+01 0.000000000000000000e+00 -2.863804210976107356e+01 0.000000000000000000e+00 0.000000000000000000e+00 1.651529996227492703e+01 0.000000000000000000e+00 0.000000000000000000e+00 0.000000000000000000e+00 0.000000000000000000e+00 0.000000000000000000e+00
0.000000000000000000e+00 -1.221065296472759343e+01 -1.050693557358559538e+01 -8.285124812005737027e+00 3.000000000000000000e+01 0.000000000000000000e+00 9.816113273840016973e+00 2.919088521000765368e+01 -4.145725781292432188e+00 -2.043875180055226082e+01 0.000000000000000000e+00 1.114943259575215961e+01 -2.703716392836508220e+01 2.067064484573231908e+01 2.912171829344212526e+01 0.000000000000000000e+00 2.769213764031559322e+01 0.000000000000000000e+00 0.000000000000000000e+00 3.049315989416981232e+00 0.000000000000000000e+00 0.000000000000000000e+00 0.000000000000000000e+00 0.000000000000000000e+00 0.000000000000000000e+00
-1.572138722169453162e+00 -2.202111072520229129e+01 -2.604063458130471531e+01 1.486925974253299287e+01 1.764965315312487348e+01 0.000000000000000000e+00 -2.360960306200484915e+00 2.269800058516584329e+01 2.245797966519504385e+01 -2.767815058701621922e+01 0.000000000000000000e+00 -1.069928064630925491e+01 1.892020499069602479e+01 -5.212030696978024125e+00 1.221589580903555294e+01 0.000000000000000000e+00 1.896211197081509425e+01 0.000000000000000000e+00 0.000000000000000000e+00 0.000000000000000000e+00 0.000000000000000000e+00 0.000000000000000000e+00 0.000000000000000000e+00 0.000000000000000000e+00 0.000000000000000000e+00
-8.257893960798716293e+00 1.807961183457449295e+01 2.611869370102142796e+01 -6.178914234545722195e+00 1.080318298245299502e+01 0.000000000000000000e+00 -1.871447486844075669e+01 -6.962510616986526735e+00 -5.233119154191879119e+00 3.000000000000000000e+01 0.000000000000000000e+00 -2.865416312497550777e+01 3.517097817724610387e-01 -1.768313825912759896e+01 2.448245499216422871e+01 0.000000000000000000e+00 6.893633040022747238e+00 -2.384760746604270686e-03 -2.666176346870502978e-01 -4.599006484839799569e+00 0.000000000000000000e+00 0.000000000000000000e+00 0.000000000000000000e+00 0.000000000000000000e+00 0.000000000000000000e+00
-1.324436472572048196e+01 -6.248988852215026313e+00 -4.745779822075832932e+00 -6.120716398856190565e+00 -1.281684104870842944e+01 -2.360354927098938238e-01 4.927366079140805155e+00 9.361204787245281267e+00 8.184090460043940141e+00 1.004053590003458041e+01 0.000000000000000000e+00 -2.565990327039337870e+01 -4.362339898514772801e-03 -2.739872161298684716e+01 7.053380417850526385e+00 -1.262081648991593807e+00 -7.893305328723714681e-03 -2.073879194721108821e+00 -4.375657203734685474e+00 -1.157980782448344570e+01 0.000000000000000000e+00 0.000000000000000000e+00 0.000000000000000000e+00 0.000000000000000000e+00 0.000000000000000000e+00
-1.594453283358470230e+01 -2.074682999917708415e+01 -5.308859744776781575e+00 -1.015927323544618410e+01 -3.000000000000000000e+01 -1.485305351975668309e+01 -7.482286352422280906e+00 -1.116568459011885395e+01 -5.690450260712827113e-01 -1.181298601237023504e+01 -8.771271247803517079e-01 -3.000000000000000000e+01 -1.033034077093349090e+01 2.999999999999999645e+01 -8.827254809386339218e+00 -1.015751009878040456e+01 -1.022735032624563090e+01 -8.220512853495698380e+00 -6.705512767795861251e+00 -1.677228398625642214e+01 0.000000000000000000e+00 0.000000000000000000e+00 0.000000000000000000e+00 0.000000000000000000e+00 0.000000000000000000e+00
-1.624781218957730644e+01 -1.168142580776525818e+01 -1.449523242834226799e+01 -1.684279043846910540e+01 2.419451376304513623e-01 -2.581142864182313446e+01 -3.000000000000000000e+01 -2.121660447951201789e+01 -2.079592382519990323e+01 -2.635559122930855835e+01 -1.603049214408506984e+01 3.000000000000000000e+01 -1.966024497197557608e+01 2.510377213018507092e+01 -1.721938244291761322e+01 -1.993413404299312219e+01 -1.351498415399539788e+01 -1.942639074716328551e+01 -1.234451515316931136e+01 -2.389068810971722812e+01 0.000000000000000000e+00 0.000000000000000000e+00 0.000000000000000000e+00 0.000000000000000000e+00 0.000000000000000000e+00
-2.325839110181176039e+01 -3.000000000000000000e+01 -1.829503740440790338e+01 -2.646839729678868025e+01 -2.143642405320691324e+01 -3.000000000000000000e+01 3.000000000000000000e+01 -3.000000000000000000e+01 -3.000000000000000000e+01 -3.000000000000000000e+01 -2.662893561023891920e+01 1.797374924314375022e+01 -2.849353087628479386e+01 9.809262850833931680e+00 -2.727595535201337995e+01 -3.000000000000000000e+01 -2.065446351757362109e+01 -2.859439597135358113e+01 -2.189709300635337286e+01 -3.000000000000000000e+01 0.000000000000000000e+00 0.000000000000000000e+00 0.000000000000000000e+00 0.000000000000000000e+00 0.000000000000000000e+00
3.000000000000000000e+01 -2.999999999999999289e+01 -3.000000000000000000e+01 2.999999999999999645e+01 3.000000000000000000e+01 3.000000000000000000e+01 1.657757133721127474e+01 2.683470470955790077e+01 3.000000000000000000e+01 3.000000000000000000e+01 3.000000000000000000e+01 2.890356879429833992e+00 2.918547606503033620e+01 5.850324978947916144e-01 3.000000000000000000e+01 2.999999999999999645e+01 -2.449759799276925776e+01 -2.376948248118611318e+01 -2.096312886556428268e+01 2.999999999999998934e+01 0.000000000000000000e+00 0.000000000000000000e+00 0.000000000000000000e+00 0.000000000000000000e+00 0.000000000000000000e+00
2.392640067164314033e+01 3.000000000000000000e+01 2.970413531401997531e+01 2.699656697485285761e+01 2.018324284657390777e+01 2.867749850223880159e+01 1.567868092694547144e+01 2.307527762912426894e+01 2.955223176298501286e+01 2.715749140891370317e+01 2.050402834799197294e+01 0.000000000000000000e+00 1.377820648976402218e+01 0.000000000000000000e+00 1.899956019442407751e+01 2.749245796367627648e+01 2.673768296929211985e+01 -2.603284048253973282e+01 2.915292327459775379e+01 3.000000000000000000e+01 0.000000000000000000e+00 0.000000000000000000e+00 0.000000000000000000e+00 0.000000000000000000e+00 0.000000000000000000e+00
2.664165286157339452e+01 2.999999999999999289e+01 2.373264282748075260e+01 2.958024877351258297e+01 1.578539273357048600e+01 3.000000000000000000e+01 -8.409186378790836636e-02 1.037551685748940855e+01 3.000000000000000000e+01 1.585774948864767175e+01 9.591990046756723842e+00 0.000000000000000000e+00 2.023782288008372510e-01 -2.422842977821837884e+00 3.727915511862688547e+00 1.843329888897269342e+01 2.081774673630224370e+01 2.999999999999999645e+01 2.505362385611764964e+01 2.248128935130853989e+01 0.000000000000000000e+00 0.000000000000000000e+00 0.000000000000000000e+00 0.000000000000000000e+00 0.000000000000000000e+00
1.114249073054415007e+01 2.999999999999999645e+01 3.000000000000000000e+01 3.000000000000000000e+01 1.021228230002451021e+01 2.564542614415665867e+01 -2.236941017431285417e+01 -1.197564987321137941e+01 2.299707435943692957e+01 1.339887598418809000e+00 -1.167380615502261776e+01 0.000000000000000000e+00 0.000000000000000000e+00 -1.632554283496029157e+01 5.410680989771842787e-03 1.063074574676724282e+01 9.044281375138400136e+00 2.655063447644715779e+01 2.104592969740035358e+01 1.211667226518164142e+01 0.000000000000000000e+00 0.000000000000000000e+00 0.000000000000000000e+00 0.000000000000000000e+00 0.000000000000000000e+00
-5.238978149242006666e+00 1.668938999984192151e+01 1.699626322876373763e+01 1.900146693713294965e+01 7.577570570863227661e-02 3.148574391440803311e+00 1.853010792531812712e+01 2.447935071167063370e+01 -2.860214599366761243e-02 0.000000000000000000e+00 3.000000000000000000e+01 -1.613329874945985676e+00 -1.375549333251225859e+00 -2.875986900244344113e+01 0.000000000000000000e+00 -1.457291652409810068e+00 7.856760914008014574e+00 2.214977742632105162e+01 2.025459367238671149e+01 3.718372365211484620e+00 0.000000000000000000e+00 0.000000000000000000e+00 0.000000000000000000e+00 0.000000000000000000e+00 0.000000000000000000e+00
-6.704298198921246232e+00 3.000000000000000000e+01 1.832277499912462204e+01 -5.582667671077946814e+00 0.000000000000000000e+00 -7.465116069737025573e-01 -2.521188702620039912e+00 6.936878693164894472e+00 -1.727506267204197243e+01 0.000000000000000000e+00 2.628563242863873128e+01 -2.007226132637613247e+01 -1.802547993293752171e+01 5.336351541941353638e+00 0.000000000000000000e+00 -1.443969161966705350e+01 3.278456686175743734e-02 1.042262303904998433e+01 7.774108560554115144e+00 1.286452429472215275e+00 0.000000000000000000e+00 0.000000000000000000e+00 0.000000000000000000e+00 0.000000000000000000e+00 0.000000000000000000e+00
1.144908674483087196e+01 2.619293938193899152e+01 2.464749433863654460e+01 -1.972162514812854539e+01 0.000000000000000000e+00 -2.031907955148987099e+01 -1.775001373745990918e+01 6.057221194385674856e+00 2.670618322646613763e+01 0.000000000000000000e+00 1.923864282095980727e+01 3.000000000000000000e+01 -3.000000000000000000e+01 3.000000000000000000e+01 0.000000000000000000e+00 -2.032801564168070740e+01 0.000000000000000000e+00 1.005830182618260871e+01 2.364033009066880187e+00 0.000000000000000000e+00 0.000000000000000000e+00 0.000000000000000000e+00 0.000000000000000000e+00 0.000000000000000000e+00 0.000000000000000000e+00
-6.107495677600720541e+00 5.626517441796312191e+00 1.489044404427591317e+01 3.000000000000000000e+01 0.000000000000000000e+00 2.987613071871549408e+01 2.868450937035820303e+01 -1.557968865639062450e+01 1.889180767537684957e+01 0.000000000000000000e+00 6.344325639593486166e+00 3.000000000000000000e+01 3.000000000000000000e+01 1.607265251157622998e+01 0.000000000000000000e+00 2.966006138596472397e+01 0.000000000000000000e+00 6.123094831121251858e+00 4.326349272208675489e-01 0.000000000000000000e+00 0.000000000000000000e+00 0.000000000000000000e+00 0.000000000000000000e+00 0.000000000000000000e+00 0.000000000000000000e+00
-6.696139676981950117e+00 -1.942751465269180189e+00 -5.330347447353284807e+00 2.161738662118105836e+01 0.000000000000000000e+00 1.932952392971570532e+01 1.806593974072427145e+01 2.401943255393542032e+01 7.267324289931063497e+00 0.000000000000000000e+00 -1.346510476241733478e+01 2.036588003333796237e+01 2.223123321886417969e+01 8.940316877206308632e+00 0.000000000000000000e+00 2.098611520208569914e+01 0.000000000000000000e+00 6.272724511412390656e-04 -8.144014640955244966e-01 0.000000000000000000e+00 0.000000000000000000e+00 0.000000000000000000e+00 0.000000000000000000e+00 0.000000000000000000e+00 0.000000000000000000e+00
-2.384910531042927317e+01 -9.260015530414833052e+00 2.892237274850086415e+00 1.655249761957915311e+01 0.000000000000000000e+00 9.849837726518556380e+00 -2.332211073435104698e+00 1.295499668378512759e+01 2.173329167145096261e-03 0.000000000000000000e+00 1.151864026550021691e+01 -1.367762621767658615e+01 1.979092321747967986e+01 1.591748550240322524e-02 0.000000000000000000e+00 1.586461086568435341e+01 -1.317030175569422257e+00 -2.115283930992767000e-02 -9.778267328998270003e+00 0.000000000000000000e+00 0.000000000000000000e+00 0.000000000000000000e+00 0.000000000000000000e+00 0.000000000000000000e+00 0.000000000000000000e+00
-2.397744516915909685e+01 -2.326059755107668536e+01 -7.473577767723227794e+00 7.847139258032956199e+00 0.000000000000000000e+00 1.066917457302275629e+01 8.617702159584458954e+00 -9.470026268036866313e+00 -1.083664030600569594e+00 0.000000000000000000e+00 -4.261546338451985605e+00 7.748583149055601638e+00 -3.638337698080919669e+00 0.000000000000000000e+00 0.000000000000000000e+00 6.197806260787744215e+00 -1.600648179842040975e+01 -9.926646467826991227e+00 -2.118291039111965191e+01 0.000000000000000000e+00 0.000000000000000000e+00 0.000000000000000000e+00 0.000000000000000000e+00 0.000000000000000000e+00 0.000000000000000000e+00
-2.193329296359962655e+01 -2.272932024382640037e+01 -2.038701688419435243e+01 0.000000000000000000e+00 0.000000000000000000e+00 -1.779759962173732646e+01 -2.601787967217844866e+01 2.922212730261578884e+01 -1.203876354814635619e+01 0.000000000000000000e+00 1.214950192986237631e+01 -2.058554229078578146e+01 -2.388887582978297175e+01 0.000000000000000000e+00 0.000000000000000000e+00 -5.561245129215625305e+00 -2.321132963792576476e+01 -1.667619363959231293e+01 3.000000000000000000e+01 0.000000000000000000e+00 0.000000000000000000e+00 0.000000000000000000e+00 0.000000000000000000e+00 0.000000000000000000e+00 0.000000000000000000e+00
2.896401492465869865e+01 2.712560090962061921e+01 3.000000000000000000e+01 -2.055218369008266599e+00 0.000000000000000000e+00 1.929920564847087761e+01 1.232871402785866088e+01 9.699812301492412914e+00 -1.018095716808048934e+01 0.000000000000000000e+00 -1.946007782445097689e+01 1.132449753640146817e+01 1.812599400423947671e+01 0.000000000000000000e+00 0.000000000000000000e+00 -1.578572333053423016e+01 1.902483315745840287e+01 3.000000000000000000e+01 2.422004534438538670e+01 0.000000000000000000e+00 -2.300490866750416252e+00 0.000000000000000000e+00 0.000000000000000000e+00 0.000000000000000000e+00 0.000000000000000000e+00
1.699310842736590743e+01 1.603019441044323301e+01 1.907185009953389354e+01 -9.510819420541386293e+00 0.000000000000000000e+00 1.209491982852065917e+01 2.333080289656353656e+01 -6.048564668044528053e-02 -1.336447698122500860e+01 0.000000000000000000e+00 -1.727184595305805592e+00 -2.056471083034450231e+01 5.492168789900055831e-02 0.000000000000000000e+00 0.000000000000000000e+00 -2.859826426261999543e+01 -7.880270297720958439e+00 2.311376314673324828e+01 1.487614208765694457e+01 0.000000000000000000e+00 -9.468678663928628225e+00 0.000000000000000000e+00 0.000000000000000000e+00 -2.560648321931516171e-03 0.000000000000000000e+00
-3.605839492825718473e+00 -1.902827296461383710e+01 5.092356526677556339e+00 -1.429647132992268155e+01 0.000000000000000000e+00 -2.319989629555760491e+00 1.828330038052293549e+00 -7.730783560150014111e+00 -2.697041716372417142e+01 0.000000000000000000e+00 -2.878809976791305658e+01 1.065507846375911782e+01 -8.105641433347159364e+00 0.000000000000000000e+00 0.000000000000000000e+00 7.264281428234856008e+00 -3.000000000000000000e+01 -2.345270700262934938e+01 2.118454229118305943e+00 0.000000000000000000e+00 -1.377970618268160763e+01 0.000000000000000000e+00 -1.392869496016410288e-02 -4.682831629364664572e+00 0.000000000000000000e+00
2.688773794501786440e+01 -1.741195736580526443e+01 -4.953956741975950706e+00 -1.840910012337398527e+01 0.000000000000000000e+00 2.871495909794548496e+00 -8.255764716375962209e+00 -1.436956738024983338e+01 -2.962362502433465039e+01 0.000000000000000000e+00 -1.634181133823157950e+01 -1.321968430158715613e+01 -1.943136243430636512e+01 -1.439785713947250301e+00 0.000000000000000000e+00 -2.992186882076878263e+01 -3.000000000000000000e+01 -2.514128083724768103e+01 -1.528296505210277267e+00 0.000000000000000000e+00 -1.730019155989791457e+01 -4.155995115475866974e+00 -4.315602019491206143e+00 -8.826318756920864317e+00 0.000000000000000000e+00
-1.126372234177398646e+01 -2.572822315221729639e+01 -1.475228279220320893e+01 -2.560599675860305169e+01 0.000000000000000000e+00 -1.259206471937542027e+01 -1.834939378295727153e+01 3.000000000000000000e+01 3.000000000000000000e+01 0.000000000000000000e+00 3.177653378331122713e+00 -1.536555102731501776e+01 -2.969864712729800971e+01 -1.722527399720763341e+01 0.000000000000000000e+00 -2.897722766547690298e+01 -3.000000000000000000e+01 -2.970574432319676461e+01 -1.281184696712633730e+01 0.000000000000000000e+00 -1.766811621952116695e+01 -2.124828767241772809e+01 -1.696037186406097419e+01 -1.992460795311812305e+01 0.000000000000000000e+00
-2.289130776812961443e+01 -2.317521647417266450e+01 -2.887200089240776180e+01 -1.955608494546050125e+01 0.000000000000000000e+00 -2.236384166111454164e+01 -2.999999999999999645e+01 2.496393139805120143e+01 2.436595481778558181e+01 0.000000000000000000e+00 2.740338240578261519e+01 -2.536725158016792747e+01 -2.598685934783812268e+00 -1.313754460822232240e+01 0.000000000000000000e+00 2.999999999999999645e+01 3.000000000000000000e+01 -1.886830492133151793e+01 -2.396182623373892540e+01 0.000000000000000000e+00 -2.296375400587994164e+01 -3.000000000000000000e+01 -2.732449418908571204e+01 -2.686564976821838968e+01 0.000000000000000000e+00
3.000000000000000000e+01 2.999999999999999645e+01 3.000000000000000000e+01 3.000000000000000000e+01 0.000000000000000000e+00 -3.000000000000000000e+01 2.999999999999999645e+01 1.171973511516180899e+01 2.605324981882596802e+01 0.000000000000000000e+00 1.240072086043289623e+01 3.000000000000000000e+01 2.466028959506581941e+01 -1.426206473144768871e+01 0.000000000000000000e+00 2.565607904451471910e+01 1.408343209257939144e+01 3.000000000000000000e+01 -2.419366170136401806e+01 0.000000000000000000e+00 3.000000000000000000e+01 3.000000000000000000e+01 3.000000000000000000e+01 3.000000000000000000e+01 0.000000000000000000e+00
2.030398183452199490e+01 2.835640759944615752e+01 2.089551156534178489e+01 3.000000000000000000e+01 0.000000000000000000e+00 2.913814084450985575e+01 2.922654169346185427e+01 3.567103644092526338e+00 1.651412188418813898e+01 0.000000000000000000e+00 2.650190942117794712e+00 2.541653799598050156e+01 5.261160411913196278e+00 -1.993609724784479909e+01 0.000000000000000000e+00 2.119026486673649856e+01 -7.866071000030221139e-03 2.295012122231762319e+01 2.999999999999999289e+01 0.000000000000000000e+00 2.163701177937041109e+01 2.637414033494778565e+01 2.188068535916184132e+01 3.000000000000000000e+01 0.000000000000000000e+00
1.608007749533182462e+01 1.802813745101200738e+01 4.720065550543922406e+00 2.212831542006205510e+01 0.000000000000000000e+00 2.956230372724374789e+01 3.000000000000000000e+01 -2.807290126275826747e+00 7.286757034924991494e+00 0.000000000000000000e+00 -1.112479996182869968e+01 1.857406104130200220e+01 5.679675492978153006e-04 -2.985449814212459785e+01 0.000000000000000000e+00 1.871751527326752651e+01 -1.360157757188640466e-02 6.987835575216209349e+00 2.646386164176830036e+01 0.000000000000000000e+00 -1.268687066370081595e+01 3.000000000000000000e+01 1.423813737906172250e+01 2.005185838266200093e+01 0.000000000000000000e+00
1.036693498571234073e+01 1.838985711516514465e+00 1.148283140181743586e-02 1.249853868465179296e+01 0.000000000000000000e+00 2.733237971338746064e+01 2.562932240061142863e+01 -1.744864667281046167e+01 2.185191119119224812e+00 0.000000000000000000e+00 1.250262273877354602e+01 8.253869312979151829e+00 0.000000000000000000e+00 2.999999999999999645e+01 0.000000000000000000e+00 2.112960023345375760e+01 -9.912735120755126417e+00 2.295445383462799249e+00 1.624910370233723711e+01 0.000000000000000000e+00 3.000000000000000000e+01 2.989219020487116651e+01 -7.353244431317206287e-01 1.230287392996268281e+01 0.000000000000000000e+00
1.362726545798031430e-01 0.000000000000000000e+00 0.000000000000000000e+00 9.441486025887197542e+00 0.000000000000000000e+00 2.211762795649225311e+01 1.671677154435785351e+00 3.000000000000000000e+01 1.576625025367852252e-04 0.000000000000000000e+00 -2.576062754595204396e+00 1.465529588413298612e+01 -4.845464848322235341e+00 3.000000000000000000e+01 0.000000000000000000e+00 1.366960439490792378e+00 1.822933169999075176e+01 0.000000000000000000e+00 4.053942484827910420e+00 0.000000000000000000e+00 1.673518915114954808e+01 7.961115922110262311e+00 -2.087697424354746545e+01 2.336494007087667413e+00 0.000000000000000000e+00
0.000000000000000000e+00 0.000000000000000000e+00 0.000000000000000000e+00 5.320899686217057667e-01 0.000000000000000000e+00 -6.118804265252753005e+00 -1.190993867128200279e+01 3.000000000000000000e+01 0.000000000000000000e+00 0.000000000000000000e+00 -2.145106029620641408e+01 2.413241908787944112e+01 -2.486532403374536315e+01 2.121732653538779090e+01 0.000000000000000000e+00 -1.310988145664296134e+01 7.426989680002296090e-01 -5.519815581191084286e-01 1.498643351133482238e+00 0.000000000000000000e+00 -2.362440237982861735e+00 -2.290604863212528031e+01 3.000000000000000000e+01 -6.511565431658352665e+00 0.000000000000000000e+00
0.000000000000000000e+00 0.000000000000000000e+00 0.000000000000000000e+00 0.000000000000000000e+00 0.000000000000000000e+00 -1.898439648547349634e+01 -2.131220481097984276e+01 2.549756134355170190e+01 -1.360943756722094410e-02 0.000000000000000000e+00 1.993986515011053484e+01 -6.787753458713505772e-01 1.446336995018934246e+01 1.579244161546217562e+01 0.000000000000000000e+00 2.331224858355609086e+01 -6.670425578307280112e+00 -1.458480180365146595e+01 0.000000000000000000e+00 0.000000000000000000e+00 1.019823067020774054e+01 3.000000000000000000e+01 -1.611687725864634757e+01 -1.658718011278712723e+01 0.000000000000000000e+00
0.000000000000000000e+00 0.000000000000000000e+00 0.000000000000000000e+00 0.000000000000000000e+00 0.000000000000000000e+00 -2.362315376055580529e+01 2.964770268959747668e+01 1.089500825390715022e+01 -5.518534712903184314e+00 0.000000000000000000e+00 2.339934145519034114e+00 5.720799392598600264e+00 -1.526075318764545052e+01 1.678280230726119981e+01 0.000000000000000000e+00 -1.350533078984377022e+00 -1.835718659638914829e+01 3.000000000000000000e+01 0.000000000000000000e+00 0.000000000000000000e+00 -4.264746137140015492e+00 1.768206780542407230e+01 2.438150267856858022e+01 -2.155145853501197095e+01 0.000000000000000000e+00
0.000000000000000000e+00 0.000000000000000000e+00 0.000000000000000000e+00 0.000000000000000000e+00 0.000000000000000000e+00 2.446663822390825160e+01 1.877063986334906431e+01 4.494345140058585847e-02 -2.087309475473410103e+01 0.000000000000000000e+00 -2.174612887440158815e+01 -1.052692247864612440e+01 -3.000000000000000000e+01 4.617453016617281136e+00 0.000000000000000000e+00 -1.602141284044076741e+01 -2.693517422434865338e+01 2.374483468957387799e+01 -5.062326646948598664e-03 0.000000000000000000e+00 -1.042375874302271654e+01 6.284374707421246375e-01 2.036190874645945925e+01 2.903437059619024652e+01 0.000000000000000000e+00
0.000000000000000000e+00 0.000000000000000000e+00 0.000000000000000000e+00 0.000000000000000000e+00 0.000000000000000000e+00 1.759333649046116577e+01 1.761792432957982868e+01 0.000000000000000000e+00 -2.067983246320150670e+01 0.000000000000000000e+00 3.000000000000000000e+01 -2.612826821065053196e+01 2.075182465982903324e+01 1.097478371963960808e-01 0.000000000000000000e+00 -2.337112902456895824e+01 1.215283623677643554e+01 4.816932639686023698e+00 -4.664020475043927583e+00 0.000000000000000000e+00 -3.000000000000000000e+01 3.666029908668692716e+00 2.234478003259267709e+01 2.137304268370741767e+01 0.000000000000000000e+00
0.000000000000000000e+00 0.000000000000000000e+00 0.000000000000000000e+00 0.000000000000000000e+00 0.000000000000000000e+00 8.610903019153997917e+00 5.274058294522187218e+00 0.000000000000000000e+00 3.000000000000000000e+01 0.000000000000000000e+00 2.145093299835077616e+01 3.000000000000000000e+01 -5.030534244989333992e+00 -2.939027255485744394e+00 0.000000000000000000e+00 2.592948370023606586e+01 1.997727282207561217e+01 1.821280201149220090e+01 -1.735747389178490607e+01 0.000000000000000000e+00 3.000000000000000000e+01 -1.158457353126805423e+01 -1.286550339842616530e+01 1.484113898112368091e+01 0.000000000000000000e+00
0.000000000000000000e+00 0.000000000000000000e+00 0.000000000000000000e+00 0.000000000000000000e+00 0.000000000000000000e+00 2.293796856347622498e-04 0.000000000000000000e+00 0.000000000000000000e+00 2.316393749762577059e+01 0.000000000000000000e+00 6.772238099052622751e+00 1.519341069314570625e+01 3.000000000000000000e+01 -1.452096526651196839e+01 0.000000000000000000e+00 2.259697741645173963e+01 -4.480059267934207057e+00 -7.683217357826509719e+00 2.521665602267137629e+01 0.000000000000000000e+00 3.000000000000000000e+01 -1.798729421223351110e+01 2.546523532874993023e+01 5.756505696184049725e+00 0.000000000000000000e+00
0.000000000000000000e+00 0.000000000000000000e+00 0.000000000000000000e+00 0.000000000000000000e+00 0.000000000000000000e+00 -1.659360829735466281e+00 0.000000000000000000e+00 0.000000000000000000e+00 1.805723280813949927e+01 0.000000000000000000e+00 -1.848612339317874387e+01 -2.153649942052675215e+01 1.691018038348284236e+01 -2.616268620523447552e+01 0.000000000000000000e+00 -1.173147619670530800e-01 -3.309228295374472939e+00 2.321522300192183863e+01 4.879846629236757494e+00 0.000000000000000000e+00 3.000000000000000000e+01 1.748752860830551370e+01 1.895198673440966042e+00 -8.762717008599045343e+00 0.000000000000000000e+00
0.000000000000000000e+00 0.000000000000000000e+00 0.000000000000000000e+00 0.000000000000000000e+00 0.000000000000000000e+00 -8.962380194070917128e+00 0.000000000000000000e+00 -2.356956915036115818e-01 4.777237794749212618e+00 0.000000000000000000e+00 1.880655221841006863e+01 1.923937663962751543e+01 3.382604625938181314e-02 2.687477300208890796e+01 0.000000000000000000e+00 -2.015201671173844034e+01 -1.621975344352269133e+01 -8.898722590606125138e+00 -2.121311205815339562e+01 0.000000000000000000e+00 2.267616123395452021e+01 -1.013517419990296986e+00 3.709119017906207905e+00 -4.314604004274458227e+00 -4.451377836210937744e+00
0.000000000000000000e+00 0.000000000000000000e+00 0.000000000000000000e+00 0.000000000000000000e+00 0.000000000000000000e+00 -1.395175653194630172e+01 -8.615469350133744264e-01 -2.702061606090932599e+00 -1.917243096509656075e+00 -6.003648622152400804e+00 3.830683160796793385e-01 1.681835974774350539e+00 -6.354514124003454929e-05 -3.000000000000000000e+01 -2.979284307351564784e-02 6.504548896266996394e+00 -1.634898183208754574e+01 6.726237685138408473e+00 -3.000000000000000000e+01 0.000000000000000000e+00 -7.560222862057266902e+00 1.184134233704530281e+01 -2.359634807445948113e+00 1.178822134340295413e+01 -1.166179465289073569e+01
0.000000000000000000e+00 0.000000000000000000e+00 0.000000000000000000e+00 0.000000000000000000e+00 0.000000000000000000e+00 -2.069562538526651352e+01 -7.016018298095316297e+00 -1.088028876084217167e+01 -1.109400259594195326e+01 -1.459412091408798950e+01 -1.118721415235980565e+01 -1.539078061674119624e+01 -9.649821204506537242e+00 2.536253926603173880e+01 -4.417137787368686119e+00 3.626408715016064654e+00 -1.152872520049854854e+00 -1.220656951879750984e+01 2.867075778012690535e+01 -8.529721415556288378e+00 -2.072319379501737302e+01 -8.503344856126188844e+00 -6.495873157552408017e+00 -2.521298477269732530e+01 -1.541885840668763130e+01
0.000000000000000000e+00 0.000000000000000000e+00 0.000000000000000000e+00 0.000000000000000000e+00 0.000000000000000000e+00 -2.659667874171700674e+01 -2.141245911657738432e+01 -2.290324084240997493e+01 -2.810768926070888085e+01 -2.052103060576190430e+01 -1.868009879795684469e+01 -1.908278805464331995e+01 -2.060371288694595293e+01 3.013950262557997875e-02 -1.922347344345579501e+01 -1.997362314961382879e+01 2.912625317306388695e+01 -2.302079118055953799e+01 -1.607908167800441390e+01 -2.467228201185818293e+01 -1.560352371488796663e+01 -2.130273508828965490e+01 -1.387432351770522487e+01 -2.962365176680561163e+01 -1.693354997010434460e+01
0.000000000000000000e+00 0.000000000000000000e+00 0.000000000000000000e+00 0.000000000000000000e+00 0.000000000000000000e+00 -3.000000000000000000e+01 -2.861398864002781650e+01 -2.887018504875625169e+01 -2.797223562808122921e+01 -3.000000000000000000e+01 -2.737060332610760938e+01 -2.395435809704313712e+01 -2.694263164428443957e+01 -1.627273166625471390e+01 -2.916069716457733563e+01 -2.903921878320969086e+01 2.381121793511266205e+01 -3.000000000000000000e+01 2.553316548294800725e+01 -2.999933881096457711e+01 -2.289379367023616751e+01 2.999999999999999645e+01 -1.912600048764578631e+01 3.000000000000000000e+01 -2.317343815478967528e+01
