# yaw
0.000000000000000000e+00 0.000000000000000000e+00 0.000000000000000000e+00 0.000000000000000000e+00 0.000000000000000000e+00 2.200540796483694805e+01 -7.772433014861277023e+00 -2.720395129414497148e+01 -1.817026486539966967e+01 2.465511783137126756e+01 2.999999999999997158e+01 2.642755349820772537e+01 -2.980496225122620402e+01 -2.855830139346728913e+01 2.999999999999992184e+01 3.000000000000000000e+01 2.506484666941510042e+01 -3.000000000000000000e+01 1.063693899799551446e+01 3.000000000000000000e+01 2.999999999999985434e+01 3.000000000000000000e+01 -1.029271490097325703e+01 3.000000000000000000e+01 3.000000000000000000e+01
0.000000000000000000e+00 0.000000000000000000e+00 0.000000000000000000e+00 0.000000000000000000e+00 0.000000000000000000e+00 2.657726585449696799e+01 -1.178767926328067261e+01 -1.039721445174445336e+01 -4.159860387167507056e+00 2.690772590509233808e+01 2.555881214260633172e+01 1.023575985877391936e+01 3.000000000000000000e+01 3.000000000000000000e+01 2.120019602373173484e+01 2.477138374637762297e+01 1.989867119503914239e+01 1.294743757490937774e+01 2.310483045559061366e-02 2.657712723882610462e+01 1.871006625237199117e+01 2.999999999959680963e+01 -2.918040314357809706e+01 2.561005013089753746e+01 2.310762412374863572e+01
0.000000000000000000e+00 0.000000000000000000e+00 0.000000000000000000e+00 0.000000000000000000e+00 0.000000000000000000e+00 6.542026565188638898e+00 -3.673604174573808390e+00 -2.160317927312995323e+00 9.072504770122152840e-01 1.219176007124429262e+01 8.399382824731002728e+00 -1.648316346414753775e-01 2.725672607569304162e+01 1.512260967862847849e+01 1.412386243163637189e+01 1.753282878684078483e+01 3.371262355178148429e+00 -4.993607956446281193e+00 -1.137757440586663598e-03 1.361563523943816811e+01 1.188115604317047591e+01 5.932885638901304048e+00 1.149225802704068755e+01 -3.281242193034879406e+00 -3.750334713381363372e+00
0.000000000000000000e+00 0.000000000000000000e+00 0.000000000000000000e+00 0.000000000000000000e+00 0.000000000000000000e+00 1.300293645824003264e+01 1.264330832438588681e+00 4.328255296187235146e+00 1.135799307137913416e+01 1.597628839987015681e+01 4.333235332879003643e+00 -1.272639286825001292e+01 1.305593258395778111e+00 4.668784487275176254e+00 -6.816702612703000597e-01 8.632907370281658332e-01 2.785243083653107021e+01 -2.054716960148697424e+01 -1.384980623707285297e+01 3.000000000000000000e+01 6.069949410517445187e+00 2.990073763683119523e+01 1.853780670627322280e+01 -2.355707044755877178e+01 2.865399055139161177e+01
0.000000000000000000e+00 0.000000000000000000e+00 0.000000000000000000e+00 0.000000000000000000e+00 0.000000000000000000e+00 4.028298570289090108e+00 8.917486640718449209e+00 1.192227525253207077e+01 1.478756357821455936e+01 1.288517979817816261e+01 2.049859210244617258e-01 -1.692189104881877171e+01 -2.286538057693938142e-01 3.156446578063254460e-02 -1.644794098725133580e+01 0.000000000000000000e+00 -9.753841840556745524e+00 2.402862643336729320e+01 2.416310679892794688e+00 1.937420676683158050e+01 1.489628712243591668e-01 1.633616182615955736e+01 8.275650125572568072e+00 3.000000000000000000e+01 1.528532235202440859e+01
0.000000000000000000e+00 0.000000000000000000e+00 0.000000000000000000e+00 0.000000000000000000e+00 0.000000000000000000e+00 3.023141661431196225e-01 1.890875630288213216e+01 2.583919961675003307e+01 1.658915330491531748e+01 3.231138969788774240e+00 0.000000000000000000e+00 4.218885449946399469e+00 -1.749318243934708406e+01 0.000000000000000000e+00 -1.788478579600170804e+01 0.000000000000000000e+00 -2.208021676151591706e+01 8.722119296397854882e+00 1.361621077930101897e+01 -2.211205129503560940e+01 0.000000000000000000e+00 -1.033445072212074578e+01 1.047602525748193081e+01 1.694021735220782077e+01 2.073234952858047375e+00
0.000000000000000000e+00 0.000000000000000000e+00 0.000000000000000000e+00 0.000000000000000000e+00 0.000000000000000000e+00 0.000000000000000000e+00 1.009957602828312595e+01 1.141330223223905094e+01 1.321661733252386384e+01 -5.525473096431460895e+00 0.000000000000000000e+00 1.587881749401394149e+00 -3.000000000000000000e+01 -1.108604318756514395e+01 2.416155036890726038e+01 0.000000000000000000e+00 2.854814830351126886e+01 -1.861479935939339114e+01 -1.235841868735792382e+01 -7.630192169697189719e-01 0.000000000000000000e+00 -1.912460735374282805e+01 2.144902798701408386e+01 2.999999987137618618e+01 8.355480627286899775e+00
0.000000000000000000e+00 0.000000000000000000e+00 0.000000000000000000e+00 0.000000000000000000e+00 0.000000000000000000e+00 0.000000000000000000e+00 -5.469713140225827885e+00 3.010621561243247424e+00 5.675585624930882256e-01 -2.102115098000364668e+01 0.000000000000000000e+00 8.918574382259578215e+00 1.086379582534926413e+01 -2.059370326357648651e+01 2.757972050293301436e+01 0.000000000000000000e+00 2.852793108207488615e+01 -1.333770843049922483e+01 -5.431187666196199970e+00 5.680987902634832665e+00 0.000000000000000000e+00 -5.513723771732122358e+00 1.255581806167018932e+01 1.325018359193284745e+01 -1.103158561883020861e+00
0.000000000000000000e+00 0.000000000000000000e+00 0.000000000000000000e+00 0.000000000000000000e+00 0.000000000000000000e+00 0.000000000000000000e+00 -1.066507516279759749e+01 -2.563319232726044561e+00 0.000000000000000000e+00 -2.127361936149775090e+01 0.000000000000000000e+00 2.279864472762988470e+01 4.087451393799240940e+00 4.989278008634202344e+00 5.991194758703952239e+00 0.000000000000000000e+00 2.630764151960196973e+00 3.000000000000000000e+01 3.000000000000000000e+01 2.303301497650801011e+01 0.000000000000000000e+00 2.958470010967100094e+01 -8.447124915357408170e+00 8.868657197299394390e-01 -1.661593313627885493e+01
0.000000000000000000e+00 0.000000000000000000e+00 0.000000000000000000e+00 0.000000000000000000e+00 0.000000000000000000e+00 0.000000000000000000e+00 -2.007827403695016599e+01 -2.315279966119587840e+01 -1.655219105237427935e-02 -2.129143953856370075e+01 0.000000000000000000e+00 2.031347205292132418e+00 2.414311124903964156e+01 -5.717447465902745662e+00 -4.147629310579222128e+00 0.000000000000000000e+00 -6.991992353048809283e-02 2.960903221714033506e+01 1.456684200267501339e+01 1.820603846148810234e+01 0.000000000000000000e+00 2.257212305201077385e+01 1.569017378425205145e+01 -1.566643195435505653e+01 -3.000000000000000000e+01
0.000000000000000000e+00 0.000000000000000000e+00 0.000000000000000000e+00 0.000000000000000000e+00 0.000000000000000000e+00 0.000000000000000000e+00 -2.843107452977873351e+01 -2.144011982391742777e+01 -8.426019129146446573e+00 2.939735442688320788e+01 0.000000000000000000e+00 -5.634723357460164728e+00 1.688294945142685632e+00 2.772321902938109162e+01 6.529192254027018638e-01 0.000000000000000000e+00 -4.191402569913302401e+00 1.979567175110359756e+01 1.934638743110785697e+01 -8.159382739882211411e+00 0.000000000000000000e+00 1.162307272788498125e+01 -8.875641728544408693e+00 -2.857706131893941759e+01 3.000000000000000000e+01
0.000000000000000000e+00 0.000000000000000000e+00 0.000000000000000000e+00 0.000000000000000000e+00 0.000000000000000000e+00 0.000000000000000000e+00 2.929390967715222871e+01 3.000000000000000000e+01 -1.960523611906701547e+01 2.213899607423616445e+01 0.000000000000000000e+00 -1.375266156638317305e+01 -1.250473730458289978e+01 -9.030097783356211272e-01 -1.644411338899561059e+01 0.000000000000000000e+00 -1.333837954847252938e+01 1.577255168794051166e+01 -6.317858276086521840e+00 -1.476162293397444714e+01 0.000000000000000000e+00 6.609515104016465692e-01 -1.917266423783476625e+01 3.000000000000000000e+01 3.000000000000000000e+01
0.000000000000000000e+00 -1.619025629448003073e-02 0.000000000000000000e+00 0.000000000000000000e+00 0.000000000000000000e+00 0.000000000000000000e+00 1.878718356296250391e+01 3.000000000000000000e+01 7.434219156222405367e+00 1.172420626017557055e+01 0.000000000000000000e+00 -1.955444618637052656e+01 1.604431422039310462e+01 2.313478238536555764e+01 -2.328980297345877304e+01 0.000000000000000000e+00 -2.617387473066143144e+01 4.271328775510373488e-01 -2.042531301439540670e+01 2.233606023009790320e+01 0.000000000000000000e+00 -1.433614531684841431e+00 -2.221965680751071304e+01 2.524857035681692707e+01 2.601629053817459791e+01
0.000000000000000000e+00 -2.148376888385082673e+00 -5.734280775033907124e-02 0.000000000000000000e+00 -3.656591268563146035e-02 0.000000000000000000e+00 1.070697676041975832e+01 2.411287573831545927e+01 2.179939413232422041e+01 -4.430445667781947705e+00 0.000000000000000000e+00 -1.763253589747847272e+01 4.004541949663602551e+00 1.103692986300408227e-02 2.529169881393977803e+01 0.000000000000000000e+00 -1.507657257867086109e+01 -3.271816972118696265e-02 1.527421202222922680e+01 1.068397774492046537e+00 0.000000000000000000e+00 -7.586500804505424078e+00 2.258566607983418706e+01 1.198814475795474976e+01 9.792536161400231975e+00
0.000000000000000000e+00 -7.735272461950327028e+00 -2.604537940620456737e+00 -1.174165001352906303e-03 -6.663666311432274725e+00 0.000000000000000000e+00 4.516565841694032413e-01 -2.355714895698512445e-01 3.078536439561123217e+00 -2.344014657900917342e+01 0.000000000000000000e+00 5.569123566583553675e+00 -1.395828607204210522e-02 6.543560373068491920e+00 6.615098980328878220e+00 0.000000000000000000e+00 -1.993078209256932354e+00 -5.664849425650074544e+00 2.925611964252717856e-01 3.103162584373018618e+00 0.000000000000000000e+00 -1.491592578719381024e+01 5.855006427499394484e+00 -2.610608936023340476e+01 -2.335668403027885809e+00
0.000000000000000000e+00 -6.268023313987368894e+00 -3.270235701793222649e+00 -6.197209587469013847e+00 -1.202671381752606194e+01 0.000000000000000000e+00 -8.757101975158631646e+00 -1.373358142116966540e+01 -7.728016920922835098e+00 5.941075245914092307e+00 0.000000000000000000e+00 7.423785240362038351e+00 -1.147250622670151898e+01 1.050546372315177912e+01 -1.393865134060637168e+01 0.000000000000000000e+00 2.150905180358363200e+00 -1.163349778848507476e+01 -5.868520240576975411e+00 -2.835328669225895659e+00 0.000000000000000000e+00 -1.303875986400704967e+01 -9.536640832708393134e+00 -6.813677345317806555e+00 4.603101721069479346e+00
0.000000000000000000e+00 -1.524079482144281350e+01 -1.251759636040231172e+01 -2.461170143522263132e+01 -1.355765377044866149e+01 0.000000000000000000e+00 -2.085736256174400793e+01 -2.893750804730128223e+01 -1.630546846500155311e+01 -1.241973231221210128e+01 0.000000000000000000e+00 1.282500800898862536e+01 -2.081059208275637573e+01 -6.462321046846259520e+00 -1.790911943779396509e+01 0.000000000000000000e+00 4.462303612734844549e+00 -2.694761395967393014e+01 -1.634023933128785799e+01 -1.869225499943775759e+01 0.000000000000000000e+00 -2.103468083715429771e+01 -1.833496145227201168e+01 -2.612247871978376423e+01 -1.092067984397232649e+01
0.000000000000000000e+00 -4.819211308463358101e+00 -2.339706275564219595e+01 -2.252752860113262656e+01 -2.431892947473870237e+01 0.000000000000000000e+00 -1.285199716794589087e+01 -2.937571362189742175e+01 -2.535209883643371853e+01 -2.610696777338078078e+01 0.000000000000000000e+00 4.140105318782318022e+00 7.648735095867488454e+00 -1.938171897214696315e+01 2.712436280608805816e+01 0.000000000000000000e+00 1.034058750358175516e+01 3.000000000000000000e+01 -2.990351838436221499e+01 -2.477517299850469712e+01 0.000000000000000000e+00 -6.602282284064307838e+00 -2.828798701925840575e+01 -2.898098406483879685e+01 -2.372521510582595994e+01
0.000000000000000000e+00 2.747267402859862528e+01 3.000000000000000000e+01 2.999999999999999645e+01 3.000000000000000000e+01 0.000000000000000000e+00 2.204144021936278453e+00 2.999999999999999645e+01 3.000000000000000000e+01 3.000000000000000000e+01 0.000000000000000000e+00 1.377751791549573923e+01 2.533538745975493711e+01 2.999999999999999645e+01 1.237784156971116722e+01 0.000000000000000000e+00 1.539240080152150369e+01 2.733261797044697872e+01 3.000000000000000000e+01 3.000000000000000000e+01 0.000000000000000000e+00 2.973789816213637494e+01 3.000000000000000000e+01 2.999999999999999645e+01 3.000000000000000000e+01
0.000000000000000000e+00 2.710849833258429697e+01 2.481142267245087396e+01 2.360103977871377268e+01 1.960506989757885066e+01 0.000000000000000000e+00 1.944181266193974267e+01 2.820610482760518423e+01 2.056362986875775078e+01 2.331933318100039543e+01 0.000000000000000000e+00 4.402018486400384845e+00 1.979369268838291163e+01 2.532529644271514613e+01 9.999668078932205662e-01 0.000000000000000000e+00 6.293359107177773915e+00 2.174994648577445133e+01 2.212297138862471257e+01 2.772336291687301468e+01 0.000000000000000000e+00 2.629141631907358345e+01 2.091763838828353173e+01 2.577942104983629790e+01 2.238332889750911647e+01
0.000000000000000000e+00 2.488880672477186451e+01 1.430690122568089251e+01 3.000000000000000000e+01 -3.315636111420449672e-01 0.000000000000000000e+00 1.327612639207039358e+01 1.196542765015562182e+01 7.718174170936697109e+00 2.849281064004050990e+01 0.000000000000000000e+00 0.000000000000000000e+00 1.665759458021952355e+01 1.679248314534819642e+01 -9.534541639860940165e+00 0.000000000000000000e+00 1.818884804733029992e-02 1.061654495256877695e+01 3.000000000000000000e+01 3.000000000000000000e+01 0.000000000000000000e+00 1.883690461737849020e+01 3.654961704167385417e+00 2.328605826930999712e+01 1.437243840365605685e+01
0.000000000000000000e+00 2.999999991473289995e+01 2.234567935247316939e+01 1.682828873394785418e+01 1.190852359439211838e+01 0.000000000000000000e+00 2.736797258820691248e+00 2.804030479127904929e+00 -1.069652214342704433e+01 1.570323148011821779e+01 0.000000000000000000e+00 0.000000000000000000e+00 1.369393189179932868e+01 1.123667972776282120e+01 -8.982661299336621497e+00 0.000000000000000000e+00 0.000000000000000000e+00 -3.559662278737524943e+00 2.764676982521510240e+01 2.815809964461342574e+01 0.000000000000000000e+00 3.726378984142379114e+00 6.375728771609898149e-03 2.786840317237726339e+01 2.097844763406233426e+01
0.000000000000000000e+00 1.614790116557804822e+01 -7.670909533561296456e-01 1.443770188641246843e+00 6.441582113202134252e+00 0.000000000000000000e+00 5.114957177107398723e-01 -9.674376920026841020e+00 1.493522532954762561e+01 8.631664678701641336e+00 0.000000000000000000e+00 0.000000000000000000e+00 -4.230780755465874954e+00 1.247682666806962892e+01 6.645252942440300181e+00 0.000000000000000000e+00 0.000000000000000000e+00 -7.004642033372167731e+00 7.185762072050342120e+00 -1.424692848026613001e+00 0.000000000000000000e+00 2.631612335338621822e+00 0.000000000000000000e+00 3.901124455291772319e-01 1.160553531239386515e+01
0.000000000000000000e+00 0.000000000000000000e+00 0.000000000000000000e+00 0.000000000000000000e+00 0.000000000000000000e+00 0.000000000000000000e+00 0.000000000000000000e+00 0.000000000000000000e+00 0.000000000000000000e+00 0.000000000000000000e+00 0.000000000000000000e+00 0.000000000000000000e+00 0.000000000000000000e+00 0.000000000000000000e+00 0.000000000000000000e+00 0.000000000000000000e+00 0.000000000000000000e+00 0.000000000000000000e+00 0.000000000000000000e+00 0.000000000000000000e+00 0.000000000000000000e+00 0.000000000000000000e+00 0.000000000000000000e+00 0.000000000000000000e+00 0.000000000000000000e+00
0.000000000000000000e+00 0.000000000000000000e+00 0.000000000000000000e+00 0.000000000000000000e+00 0.000000000000000000e+00 0.000000000000000000e+00 0.000000000000000000e+00 0.000000000000000000e+00 0.000000000000000000e+00 0.000000000000000000e+00 0.000000000000000000e+00 0.000000000000000000e+00 0.000000000000000000e+00 0.000000000000000000e+00 0.000000000000000000e+00 0.000000000000000000e+00 0.000000000000000000e+00 0.000000000000000000e+00 0.000000000000000000e+00 0.000000000000000000e+00 0.000000000000000000e+00 0.000000000000000000e+00 0.000000000000000000e+00 0.000000000000000000e+00 0.000000000000000000e+00
0.000000000000000000e+00 0.000000000000000000e+00 0.000000000000000000e+00 0.000000000000000000e+00 0.000000000000000000e+00 0.000000000000000000e+00 0.000000000000000000e+00 0.000000000000000000e+00 0.000000000000000000e+00 0.000000000000000000e+00 0.000000000000000000e+00 0.000000000000000000e+00 0.000000000000000000e+00 0.000000000000000000e+00 0.000000000000000000e+00 0.000000000000000000e+00 0.000000000000000000e+00 0.000000000000000000e+00 0.000000000000000000e+00 0.000000000000000000e+00 0.000000000000000000e+00 0.000000000000000000e+00 0.000000000000000000e+00 0.000000000000000000e+00 0.000000000000000000e+00
0.000000000000000000e+00 0.000000000000000000e+00 0.000000000000000000e+00 0.000000000000000000e+00 0.000000000000000000e+00 0.000000000000000000e+00 0.000000000000000000e+00 0.000000000000000000e+00 0.000000000000000000e+00 0.000000000000000000e+00 0.000000000000000000e+00 0.000000000000000000e+00 0.000000000000000000e+00 0.000000000000000000e+00 0.000000000000000000e+00 0.000000000000000000e+00 0.000000000000000000e+00 0.000000000000000000e+00 0.000000000000000000e+00 0.000000000000000000e+00 0.000000000000000000e+00 0.000000000000000000e+00 0.000000000000000000e+00 0.000000000000000000e+00 0.000000000000000000e+00
0.000000000000000000e+00 2.999995007430149840e+01 2.797760649174255931e+00 2.218598256953439929e+01 3.000000000000000000e+01 0.000000000000000000e+00 2.999578913125012036e+01 -5.404976261690386252e+00 2.999999999999999645e+01 -2.420885916844802921e+01 0.000000000000000000e+00 -2.822610059903008661e+01 2.730954302099349196e+00 2.151619274661048209e+01 3.000000000000000000e+01 0.000000000000000000e+00 1.338978834010394747e-01 1.115497200483945051e+01 1.105028958916304482e+00 3.000000000000000000e+01 0.000000000000000000e+00 0.000000000000000000e+00 0.000000000000000000e+00 0.000000000000000000e+00 0.000000000000000000e+00
0.000000000000000000e+00 2.750502247168646974e+01 2.582132242516691178e+01 5.452579792162302041e+00 2.627606400211408655e+01 0.000000000000000000e+00 3.000000000000000000e+01 2.606558120928183797e+01 2.833660938814344732e+01 -3.000000000000000000e+01 0.000000000000000000e+00 1.011434348793597726e+00 2.074955376188424339e+01 1.630316217015532487e+01 2.046132203050048304e+01 0.000000000000000000e+00 3.000000000000000000e+01 1.150502138186140888e+00 3.000000000000000000e+01 2.561153552049798066e+01 0.000000000000000000e+00 0.000000000000000000e+00 0.000000000000000000e+00 0.000000000000000000e+00 0.000000000000000000e+00
0.000000000000000000e+00 1.658915713459330021e+01 1.758493622040603910e+01 -1.249445033545369199e+01 2.695534347204032954e+01 0.000000000000000000e+00 1.235634839382833405e+01 7.080010897290071270e+00 5.775534039664456110e+00 5.678541141174817675e+00 0.000000000000000000e+00 2.520182907011262685e+01 1.000114202568441746e+00 1.658608241722484555e+00 8.655820402627679044e+00 0.000000000000000000e+00 2.290273192358638354e+01 0.000000000000000000e+00 2.282792616983617151e+01 1.510390690534204516e+01 0.000000000000000000e+00 0.000000000000000000e+00 0.000000000000000000e+00 0.000000000000000000e+00 0.000000000000000000e+00
-8.235629601173304060e-02 1.454458208610146386e+01 2.509293842325970303e+01 2.779038155289734746e+01 8.409197198344113389e+00 0.000000000000000000e+00 -6.149457436181767100e+00 -1.976439851074873033e+01 -1.066326507687986869e+01 3.000000000000000000e+01 0.000000000000000000e+00 1.771503936552415226e+01 1.461098874872743103e+01 -1.610282144604126486e+01 -9.506619311220683599e+00 0.000000000000000000e+00 7.118728421852870802e+00 0.000000000000000000e+00 1.089207141561673886e+01 1.701024181143335978e+00 0.000000000000000000e+00 0.000000000000000000e+00 0.000000000000000000e+00 0.000000000000000000e+00 0.000000000000000000e+00
-5.864015361116648783e+00 1.542292813785867089e+01 2.058973037811535889e+01 1.432292753157259746e+01 -1.903581879279542122e+01 -9.375301483634261926e-03 -7.327591748520640103e+00 4.573854794730132234e+00 7.501787212518348902e+00 2.070110960724940341e+01 0.000000000000000000e+00 -3.234482587488781480e+00 5.290078060762646750e+00 4.367743514027004337e-01 8.877287378605894119e+00 -1.388648650603292408e-05 7.401193455163751489e-02 0.000000000000000000e+00 1.936237366467459475e+00 -7.318429083238171984e+00 0.000000000000000000e+00 0.000000000000000000e+00 0.000000000000000000e+00 0.000000000000000000e+00 0.000000000000000000e+00
-8.892643626558827563e+00 1.814870098228598039e+01 -7.275601085688161440e+00 7.680437740196979668e+00 -2.520273306848750394e+01 -4.898995876104366154e+00 -1.951803128902658457e+01 -2.489074820106805586e+00 -1.230336415779249037e+01 7.808918173926124862e-01 -1.559844652775932775e-02 1.478833687379293593e+01 -6.678816229611890531e-02 -9.198479787931994167e+00 1.430048135667371101e+00 -1.379560911475101070e+00 -1.945572091683068550e+00 0.000000000000000000e+00 4.801006516972856908e-03 -1.288186657893841414e+01 0.000000000000000000e+00 0.000000000000000000e+00 0.000000000000000000e+00 0.000000000000000000e+00 0.000000000000000000e+00
-9.558671862597856617e+00 2.463785629390059384e+01 1.373253794231772140e+01 -1.004980958539013036e+00 5.256619162136521695e+00 -1.681448376377988652e+01 1.845734239112662678e+01 -9.380560736824916646e+00 1.267023662317774146e+01 -2.626817403082941738e+01 -2.955924976831696860e+00 3.449384202585736414e+00 -6.163628441636091360e+00 -1.478297630022795772e+01 -8.746427944438666557e+00 -1.005762437458665204e+01 -7.911851082591566886e+00 0.000000000000000000e+00 -2.658890164014433019e-04 -1.742724843982484728e+01 0.000000000000000000e+00 0.000000000000000000e+00 0.000000000000000000e+00 0.000000000000000000e+00 0.000000000000000000e+00
-1.439892604840031431e+01 9.313506334178621726e-01 -2.564508891439528870e+00 1.757160858431671580e+00 -1.050734181630301300e+01 -2.161168192344067762e+01 -2.208097622769957979e+01 -1.635701121717700701e+01 -1.878850830453565735e+01 -1.495599470481716686e+01 -1.208365159982131587e+01 -1.428948475117336869e+01 -1.502918096180921026e+01 -7.726967524613817417e+00 -1.467819681882668803e+01 -1.636375482576502804e+01 -1.633223319080548208e+01 0.000000000000000000e+00 -9.806363065747136787e-01 -2.085253765920636582e+01 0.000000000000000000e+00 0.000000000000000000e+00 0.000000000000000000e+00 0.000000000000000000e+00 0.000000000000000000e+00
-2.415566441747253634e+01 -1.554067217205502693e+01 -1.272965963139305323e+01 -2.086045638622181286e+01 -2.397523864264226390e+01 -2.718055828084442282e+01 2.456201497606046757e+01 -2.370238233724048271e+01 1.473477947408861866e+01 -2.712071165197011524e+01 -2.654488873731184384e+01 -2.254550826653376205e+01 -1.228558548538769024e+01 -1.347626201406553648e+01 -2.555199883669036964e+01 -7.921321245989644488e+00 -5.857402008324959830e+00 -3.841432078868094901e+00 -2.569230811946089599e+00 -3.722896798214459846e+00 0.000000000000000000e+00 0.000000000000000000e+00 0.000000000000000000e+00 0.000000000000000000e+00 0.000000000000000000e+00
2.999999999999999645e+01 3.000000000000000000e+01 -2.004448372579182447e+01 -3.000000000000000000e+01 3.000000000000000000e+01 3.000000000000000000e+01 6.887509646275939978e+00 3.000000000000000000e+01 1.935752471954135245e+01 3.000000000000000000e+01 3.000000000000000000e+01 3.000000000000000000e+01 -2.172246753767746696e+01 2.303874767790793499e+01 2.999999999999999645e+01 2.415415323961529737e+01 1.815562412467369491e+00 -6.373370530795226863e+00 -6.424785891761485068e+00 2.246243478014525152e+01 0.000000000000000000e+00 0.000000000000000000e+00 0.000000000000000000e+00 0.000000000000000000e+00 0.000000000000000000e+00
2.100795167690289844e+01 2.267409281409796762e+01 -2.999999999999999645e+01 2.999999999999999289e+01 1.886414003707112741e+01 2.326348859805174740e+01 1.148281673005920002e-03 1.344046208068197323e+01 1.293459300932412148e+01 2.034113637766593641e+01 2.042128830478215562e+01 2.395269440565305175e+01 2.999999999999999645e+01 8.527325918210255651e+00 2.247660688650491778e+01 2.188361109107759361e+01 1.433594460119465808e+01 -4.647762877930522230e+00 -9.511714330620694824e+00 2.244146893144963784e+01 0.000000000000000000e+00 0.000000000000000000e+00 0.000000000000000000e+00 0.000000000000000000e+00 0.000000000000000000e+00
3.000000000000000000e+01 -9.147737840197162740e+00 2.578729727125093518e+01 3.000000000000000000e+01 1.121448450262859531e+01 2.677764512253089535e+01 -1.878439475272927872e+00 8.279262393104803053e+00 -5.904212062219858836e+00 1.254088070758179718e+01 1.012601074230681419e+01 8.663523588185499946e+00 1.949207958086480730e+01 -4.949302631131628494e-01 9.905655690298900140e+00 1.668896794760466662e+01 1.071793919629763003e+01 -9.390739590460226438e+00 -7.732677127408584816e+00 1.304874946715407624e+01 0.000000000000000000e+00 0.000000000000000000e+00 0.000000000000000000e+00 0.000000000000000000e+00 0.000000000000000000e+00
2.251006982417808189e+01 -2.280709542731057837e+01 -4.915007790307734381e-01 3.000000000000000000e+01 9.958332907266097322e+00 2.709511111094050406e+01 -1.431445198978089017e+01 -7.949913371886832891e+00 2.700651864061824980e+01 5.191291165982050287e-02 -2.802205443330399781e+00 1.779907012219559714e+00 5.827743581266287443e+00 -1.006435539607237040e+01 2.459348750217100754e+00 9.641215758518667300e+00 7.736439307806804777e+00 -1.891797931305264058e+01 8.780830879853834148e+00 1.018927317388403431e+01 0.000000000000000000e+00 0.000000000000000000e+00 0.000000000000000000e+00 0.000000000000000000e+00 0.000000000000000000e+00
1.185724462170650106e+01 2.868232476567068190e+01 2.640517493898603618e+01 2.724999580688736245e+01 6.817172132886039293e+00 8.439436611880186234e+00 2.216004098322224536e+01 2.624710943513407457e+01 -8.804718999753161413e+00 0.000000000000000000e+00 -1.923409814182344491e+01 0.000000000000000000e+00 -2.792124468572479423e-03 -1.844082398771008613e+01 5.657455751122791865e-02 7.958042949562056378e-01 3.501407264180054657e+00 -1.432233340368018304e+01 1.418141447177298531e+01 2.682357065825625497e+00 0.000000000000000000e+00 0.000000000000000000e+00 0.000000000000000000e+00 0.000000000000000000e+00 0.000000000000000000e+00
5.775624116562078081e-01 2.865502378869306810e+01 1.220168595817059831e+01 1.703305140448987842e+01 1.451642581918332064e+00 -1.690106643929830810e+01 -3.160965882574042762e+00 1.365552013520597896e+01 -2.216493550946276514e+01 0.000000000000000000e+00 -2.582689877339158002e+01 -1.563217892761441805e-03 -9.334593037024841777e+00 -2.639715077729943715e+01 0.000000000000000000e+00 -1.025487454397596210e+01 7.466925889954580953e-01 1.919699043278856365e+01 1.173302096093774871e+01 6.546881945124367885e-02 0.000000000000000000e+00 0.000000000000000000e+00 0.000000000000000000e+00 0.000000000000000000e+00 0.000000000000000000e+00
1.687574430373237888e+01 2.859036729350412998e+01 1.978383286529863838e+01 2.596272281553315686e+00 0.000000000000000000e+00 -2.368842064055568386e+01 -1.757665698364460738e+01 -1.096998624318491089e+01 2.846762752014208075e+01 0.000000000000000000e+00 2.461482500603441181e+01 -8.625925388918448178e+00 -2.593736851351636474e+01 2.999999999999999645e+01 0.000000000000000000e+00 -1.980185009488499404e+01 0.000000000000000000e+00 1.838879873003708454e+01 6.516079197919399491e+00 0.000000000000000000e+00 0.000000000000000000e+00 0.000000000000000000e+00 0.000000000000000000e+00 0.000000000000000000e+00 0.000000000000000000e+00
-4.329064597910769585e+00 1.143266457930861968e+01 1.733138209899237836e+01 -8.585974481952867166e+00 0.000000000000000000e+00 3.000000000000000000e+01 2.999999999999999645e+01 -3.669796195017486884e+00 1.924622317406777938e+01 0.000000000000000000e+00 1.732733740012850987e+01 -2.292771190686147520e+01 3.000000000000000000e+01 2.212011148378400094e+01 0.000000000000000000e+00 -2.376866362915995268e+01 0.000000000000000000e+00 1.416869640496114613e+01 5.583913570880616462e+00 0.000000000000000000e+00 0.000000000000000000e+00 0.000000000000000000e+00 0.000000000000000000e+00 0.000000000000000000e+00 0.000000000000000000e+00
-2.036302967979648315e+01 -7.089335362864419565e-01 -4.349646917028413107e+00 -1.752877867233655351e+01 0.000000000000000000e+00 1.688910353106989959e+01 2.664629590731307829e+01 -2.561159940149519088e+01 4.956229557715308154e+00 0.000000000000000000e+00 -1.572951549059910248e-01 3.000000000000000000e+01 3.000000000000000000e+01 1.000222625579709401e+01 0.000000000000000000e+00 2.556032365239412840e+01 0.000000000000000000e+00 9.364248599291279618e+00 -7.431060410987167408e+00 0.000000000000000000e+00 0.000000000000000000e+00 0.000000000000000000e+00 0.000000000000000000e+00 0.000000000000000000e+00 0.000000000000000000e+00
3.000000000000000000e+01 -2.103729794233596806e+01 2.648312757032340592e+00 -2.263002669987825044e+01 0.000000000000000000e+00 1.315769462820745339e+01 1.542450757858200916e+01 3.000000000000000000e+01 1.923683421196667963e-04 0.000000000000000000e+00 -1.014533125448878614e+01 2.974489373727611508e+01 2.676296192160284448e+01 1.286651102923861645e+00 0.000000000000000000e+00 1.692444410963982904e+01 -1.508500193068236517e-02 -2.275677705586586885e+00 -1.615481979425761594e+01 0.000000000000000000e+00 0.000000000000000000e+00 0.000000000000000000e+00 0.000000000000000000e+00 0.000000000000000000e+00 0.000000000000000000e+00
2.999999999999999645e+01 -2.876050872687531523e+01 -6.973490491383325995e+00 2.844264336619089306e+01 0.000000000000000000e+00 -1.445699727700164772e+01 1.772098414571969371e+01 2.755616430197220268e+01 0.000000000000000000e+00 0.000000000000000000e+00 1.778444567569684720e+00 2.292610013912610611e+01 4.863425877414302434e+00 -5.357531890414178655e+00 0.000000000000000000e+00 8.282005575169131717e+00 -1.038553508325450281e+01 -1.335063878892256284e+01 -2.685131353405433430e+01 0.000000000000000000e+00 0.000000000000000000e+00 0.000000000000000000e+00 0.000000000000000000e+00 0.000000000000000000e+00 0.000000000000000000e+00
3.000000000000000000e+01 3.000000000000000000e+01 -1.953729425261241204e+01 2.206751308655976729e+01 0.000000000000000000e+00 -1.592887380691258947e+01 -4.478618421833805208e+00 2.178010359364379767e+01 0.000000000000000000e+00 0.000000000000000000e+00 1.115925618732413227e+01 -3.541054350621831048e+00 -1.278127121641554886e+01 -1.143210347923246673e+01 0.000000000000000000e+00 -2.997421547043227275e+00 -2.285608900521568643e+01 -2.020235775630929353e+01 2.873751422836280867e+01 0.000000000000000000e+00 0.000000000000000000e+00 0.000000000000000000e+00 0.000000000000000000e+00 0.000000000000000000e+00 0.000000000000000000e+00
2.634266790738415764e+01 2.286981010007103166e+01 3.000000000000000000e+01 1.599486804229670334e+01 0.000000000000000000e+00 2.195148451961304659e+01 -1.813191524115536879e+01 3.361038149538707387e+00 -1.887021655728697567e-01 0.000000000000000000e+00 -2.265360437965351537e+01 2.326633213458490701e+01 1.474578327689107660e+01 -1.657321570463026816e+01 0.000000000000000000e+00 -1.461070583291633618e+01 3.000000000000000000e+01 3.000000000000000000e+01 1.930649415460875318e+01 0.000000000000000000e+00 -1.105120631160299904e+00 0.000000000000000000e+00 0.000000000000000000e+00 -2.159927294778039018e-04 0.000000000000000000e+00
1.387981164439958448e+01 3.916721017762696544e+00 2.630733143031872956e+01 2.082495943695095164e+00 0.000000000000000000e+00 2.836743449339797607e+00 1.576351502623595913e+01 0.000000000000000000e+00 -2.859350393517828159e+00 0.000000000000000000e+00 2.628063650276229524e+01 5.008104705869566686e+00 3.356895479532794102e+00 -1.811010965278846996e+01 0.000000000000000000e+00 -2.621809866429577696e+01 2.310569102368027217e+01 2.714327816379906011e+01 1.051766031194460993e+01 0.000000000000000000e+00 -5.865381341695165673e+00 0.000000000000000000e+00 -5.219941179474024001e-02 -1.595449487398313604e+00 0.000000000000000000e+00
1.690072880146171075e+00 -2.104215558942508579e+01 1.296220746949976643e+01 -9.085735144222761406e+00 0.000000000000000000e+00 8.329830954773187468e-02 -3.602214565759747078e-01 -2.019505576951995118e-01 -5.990502258904399469e+00 0.000000000000000000e+00 6.255693808061664640e+00 2.728510555052008613e+01 -1.086161988672746520e-02 3.000000000000000000e+01 0.000000000000000000e+00 -3.000000000000000000e+01 4.330593467271808272e+00 1.319374904031059081e+01 3.845802310513994349e-01 0.000000000000000000e+00 -8.847807878513361146e+00 0.000000000000000000e+00 -1.688428473516778050e+00 -6.763884700836887198e+00 0.000000000000000000e+00
-2.139929628999833966e+01 -2.947487253551176778e+01 -3.759408209728388517e+00 -1.523719473418918291e+01 0.000000000000000000e+00 -1.304969216097148499e-01 -7.554116394953237723e+00 -3.171343340020361001e+00 -1.350038992973997942e+01 0.000000000000000000e+00 -1.509079108782995426e+01 3.549669953813522127e+00 -6.168665365270805445e+00 2.055076543801984812e+01 0.000000000000000000e+00 3.000000000000000000e+01 2.548372972450185614e+01 -8.314166477515314568e+00 -6.398483048677261920e+00 0.000000000000000000e+00 -1.009787010604106960e+01 -5.788810570409842704e+00 -9.784260203162912006e+00 -8.169709261536958422e+00 0.000000000000000000e+00
-1.390370919181056264e+00 -1.824051448621492355e+01 -1.583994127119871109e+01 -2.175192857020348214e+01 0.000000000000000000e+00 -1.503938792724509987e+01 -1.471194420515426948e+01 -1.602237961605009176e+01 -9.402415473452526484e+00 0.000000000000000000e+00 -2.436075065085530866e+01 -7.931364228995922083e+00 -2.685569783147275658e+01 1.289974220569826180e+01 0.000000000000000000e+00 3.000000000000000000e+01 -4.698881062650287710e+00 -2.002126078422390165e+01 -1.481703069811513451e+01 0.000000000000000000e+00 -1.123878950361421758e+01 -1.858375897442369862e+01 -1.435800894936982530e+01 -1.922264473050224254e+01 0.000000000000000000e+00
-2.517089259068034224e+01 -2.905741907801317581e+01 -2.955432222540634868e+01 -7.925618699946977763e+00 0.000000000000000000e+00 -2.973772560495554984e+01 -2.772038864989747609e+01 -2.603715549952017483e+01 -1.442033089814745761e+00 0.000000000000000000e+00 2.551536356315183696e+01 -1.911594189160567936e+01 1.931203649409828316e+01 5.135964230084733906e+00 0.000000000000000000e+00 2.453742968862528429e+01 -2.182163194862513222e+01 -2.441127496828249122e+01 -1.037660235745994441e+01 0.000000000000000000e+00 -2.586733896698552826e+01 -2.996621195548740246e+01 -2.641986604969025620e+01 -4.486766431035577263e+00 0.000000000000000000e+00
3.000000000000000000e+01 3.000000000000000000e+01 2.999999999999999645e+01 2.179219361329053584e+01 0.000000000000000000e+00 3.000000000000000000e+01 3.000000000000000000e+01 2.999999999999999645e+01 1.328145589909677682e+01 0.000000000000000000e+00 1.137324835591350869e+01 3.000000000000000000e+01 2.320643391199531180e+01 1.261428018727334077e+01 0.000000000000000000e+00 1.327502987828870573e+01 3.000000000000000000e+01 -3.000000000000000000e+01 1.976611869602585614e+00 0.000000000000000000e+00 3.000000000000000000e+01 3.000000000000000000e+01 3.000000000000000000e+01 1.712316173145217135e+01 0.000000000000000000e+00
2.150993440541022039e+01 2.420930792101277262e+01 2.075215461598405753e+01 2.368650009924189348e+01 0.000000000000000000e+00 2.577649983940516876e+01 2.043794637689742899e+01 2.323069063374047616e+01 1.649242344066436061e+01 0.000000000000000000e+00 3.060781538965315018e+00 2.528794418418761580e+01 1.785142197799337893e+01 2.467067783407658865e+00 0.000000000000000000e+00 3.333896469346953939e+00 1.556397906051721591e+01 2.831917463625687148e+01 1.734258751333853610e+01 0.000000000000000000e+00 1.924172638480187914e+01 2.136372497254624747e+01 2.353883301361923230e+01 2.408805813205153612e+01 0.000000000000000000e+00
1.284800421574785467e+01 2.054435047438136053e+01 5.445962673350768668e+00 1.142226535636415186e+01 0.000000000000000000e+00 3.000000000000000000e+01 -2.316127295240990147e+00 1.435279831900560588e+01 1.210150452472879579e+01 0.000000000000000000e+00 -5.035633242956648381e+00 1.668941612403637009e+01 1.321732177958785037e+01 0.000000000000000000e+00 0.000000000000000000e+00 1.850590365439633400e+00 5.821204818296659589e+00 1.178560051757410498e+01 7.430064862169866835e+00 0.000000000000000000e+00 -3.846920216099287249e+00 1.180657579845220617e+01 1.331562662142672337e+01 2.117992291599767540e+01 0.000000000000000000e+00
9.963950885265493440e+00 7.403951491454220601e+00 1.957720265672993898e-01 6.794688352003158016e+00 0.000000000000000000e+00 2.700837650468695372e+01 2.631768957674375642e+01 -9.807001718849450711e+00 6.146148589425499686e+00 0.000000000000000000e+00 -2.176830478807940494e+01 6.184891926149010288e+00 1.297863582170210028e+00 0.000000000000000000e+00 0.000000000000000000e+00 -1.787216894924371147e+01 -1.824124440376257539e+01 6.531558507493230969e+00 5.844763447103919596e+00 0.000000000000000000e+00 2.659747668436198609e+01 2.935043336164152095e+01 4.458736400493321206e+00 1.480842932439149706e+01 0.000000000000000000e+00
6.686457225584410580e+00 2.253854165464248549e-01 0.000000000000000000e+00 3.575823159155129272e-01 0.000000000000000000e+00 1.241366069641805847e+00 1.138933462557762866e+01 -1.810295612639641050e+01 9.062241957856982388e-01 0.000000000000000000e+00 1.886557268871317916e+01 -1.862288526963118684e+01 -1.354770431138172526e-01 0.000000000000000000e+00 0.000000000000000000e+00 1.471105319865896099e+01 7.856106474868540523e+00 -5.783035246350553216e+00 1.504933780316713154e-01 0.000000000000000000e+00 9.390682871535252829e+00 2.474249708499177558e+01 -2.896005345673842601e+00 8.369768469213425988e+00 0.000000000000000000e+00
1.479567567105435133e+00 0.000000000000000000e+00 0.000000000000000000e+00 0.000000000000000000e+00 0.000000000000000000e+00 -1.541600852789018283e+01 6.721149466837117892e+00 -2.542065744788905590e+01 -2.882072449183654239e+00 0.000000000000000000e+00 1.375380180528328822e+01 1.777095737324399849e+01 -1.269965242243499048e+01 0.000000000000000000e+00 0.000000000000000000e+00 -1.891620190036070071e+01 -1.106746989510037693e+01 -2.306224845413967373e+01 -4.253154193489683786e-03 0.000000000000000000e+00 1.843362176305332500e+00 1.751813389340256544e+00 8.537878426956897471e-01 -6.101494475166887588e-01 0.000000000000000000e+00
0.000000000000000000e+00 0.000000000000000000e+00 0.000000000000000000e+00 0.000000000000000000e+00 0.000000000000000000e+00 -1.016997425522890630e+01 -8.285210721207747042e+00 -2.546287769696178316e+01 -1.241914687159568587e+01 0.000000000000000000e+00 -1.053322966730655885e+01 1.756213852331181258e+01 4.060125965423647898e+00 0.000000000000000000e+00 0.000000000000000000e+00 2.075492800198866661e+01 6.124266927291274420e+00 1.827827968860447427e+01 -4.461393800836889412e+00 0.000000000000000000e+00 -1.709095665884281345e+01 -1.353369798022239001e+00 -1.242938934859630784e+01 -1.044423938541014429e+01 0.000000000000000000e+00
0.000000000000000000e+00 0.000000000000000000e+00 0.000000000000000000e+00 0.000000000000000000e+00 0.000000000000000000e+00 -1.896542632841328313e+01 -2.356225362988703509e+01 3.000000000000000000e+01 -2.457810752265971388e+01 0.000000000000000000e+00 -1.340821728702093907e+01 -7.253692715721893336e+00 -3.590038683652940765e+00 0.000000000000000000e+00 0.000000000000000000e+00 -1.114544280889543337e+01 -1.752888455352581332e+01 -7.280653633600151053e+00 -2.279784945487504544e+01 0.000000000000000000e+00 -1.834310203500867686e+01 3.000000000000000000e+01 -1.583185056588280482e+01 -2.015139391263042867e+01 0.000000000000000000e+00
0.000000000000000000e+00 0.000000000000000000e+00 0.000000000000000000e+00 0.000000000000000000e+00 0.000000000000000000e+00 -2.253979367630940445e+01 -3.000000000000000000e+01 2.426450818396468279e+01 -3.000000000000000000e+01 0.000000000000000000e+00 -2.135161604333022467e+01 -2.925396930287085340e+01 -2.744915652496877101e+01 -4.620352155067943833e+00 0.000000000000000000e+00 -1.409100806641054859e+01 -2.908686094480140838e+01 -2.179778500875012881e+01 -3.000000000000000000e+01 0.000000000000000000e+00 -2.311459296059547341e+01 2.794604296153224965e+01 -2.083584024653395872e+01 -2.057423422679965697e+01 0.000000000000000000e+00
0.000000000000000000e+00 0.000000000000000000e+00 0.000000000000000000e+00 0.000000000000000000e+00 0.000000000000000000e+00 3.000000000000000000e+01 3.000000000000000000e+01 1.597243536481417436e+01 3.000000000000000000e+01 0.000000000000000000e+00 2.990948830627683819e+01 3.000000000000000000e+01 2.999999999999999645e+01 -1.267690878947497879e+01 0.000000000000000000e+00 -3.000000000000000000e+01 3.000000000000000000e+01 3.000000000000000000e+01 3.000000000000000000e+01 0.000000000000000000e+00 3.000000000000000000e+01 1.817438516920167046e+01 3.000000000000000000e+01 2.861371030405235061e+01 0.000000000000000000e+00
0.000000000000000000e+00 0.000000000000000000e+00 0.000000000000000000e+00 0.000000000000000000e+00 0.000000000000000000e+00 2.320435744410444201e+01 3.000000000000000000e+01 4.659218278785089318e+00 2.387578474025892916e+01 0.000000000000000000e+00 1.847667213772847461e+01 2.707421619181068451e+01 1.429723869704393557e+01 -2.004767373576390099e+01 0.000000000000000000e+00 3.000000000000000000e+01 2.931928403033082731e+01 2.299196375499845502e+01 2.665522936968888246e+01 0.000000000000000000e+00 2.563046615975617115e+01 -7.143821207368813431e-01 2.330620327090458588e+01 2.167517882148666075e+01 0.000000000000000000e+00
0.000000000000000000e+00 0.000000000000000000e+00 0.000000000000000000e+00 0.000000000000000000e+00 0.000000000000000000e+00 1.712016497944164684e+01 2.023998701458983973e+01 2.591226016894365357e-06 1.598445264107499497e+01 0.000000000000000000e+00 8.946410844610834801e+00 7.754995153899354676e+00 -3.292464956777640506e+00 4.124812299289523310e+00 0.000000000000000000e+00 3.000000000000000000e+01 1.258362711204080853e+01 -1.215076707010108947e+00 9.900526104340844569e+00 0.000000000000000000e+00 2.299420236724117572e+01 -5.638088027866507090e+00 2.165773730234537453e+01 1.414360208116750961e+01 0.000000000000000000e+00
0.000000000000000000e+00 0.000000000000000000e+00 0.000000000000000000e+00 0.000000000000000000e+00 0.000000000000000000e+00 3.935328825353962667e+00 1.185284553895233017e+01 0.000000000000000000e+00 7.617124122003908759e+00 -3.760207610752733937e-02 -8.918839345781027106e+00 -1.512189480946156195e+01 9.784808053392286098e+00 3.000000000000000000e+01 0.000000000000000000e+00 2.932974952908408994e+01 -9.837626968404894257e+00 1.905973190806690454e+01 -2.392658053714365796e+00 0.000000000000000000e+00 1.441743175950266931e+01 2.655907027036225898e+01 2.654821011800501296e+01 1.175130246047068638e+01 -1.622366998648684389e-01
0.000000000000000000e+00 0.000000000000000000e+00 0.000000000000000000e+00 0.000000000000000000e+00 0.000000000000000000e+00 -7.752915833682616054e+00 1.579907129834913437e+00 0.000000000000000000e+00 3.915540478410402259e-02 -1.967725976453724490e+00 4.085090624163163042e+00 -4.592500901986120709e+00 8.725896046220814384e+00 2.158239968925942875e+01 0.000000000000000000e+00 1.796981208732251289e+01 7.981088571361927286e+00 1.106013306750776515e+01 -1.251215293425395281e+01 -1.084662586365856690e-02 -1.171172368741057390e+01 7.812802515725164376e+00 2.036299696856251273e+01 2.265053195334422753e+01 -5.327045364091149260e+00
0.000000000000000000e+00 0.000000000000000000e+00 0.000000000000000000e+00 0.000000000000000000e+00 0.000000000000000000e+00 -1.547461800295747558e+01 6.219470281289728002e-03 0.000000000000000000e+00 -3.147013978390886800e-04 -5.141428969225147583e+00 3.330774733849214631e+00 -3.369946030434276096e+00 -4.160614972838442421e-02 1.644335499772378029e+01 0.000000000000000000e+00 -2.887830615437442905e+00 -1.734763687941531529e+01 -9.327288750963367292e-01 -1.593862033883410234e+01 -4.537985578450965285e+00 -1.337006375340745556e+01 -1.427983228625210010e+01 -1.048704996638460152e+01 1.519252143514947839e+01 -8.914028832557749027e+00
0.000000000000000000e+00 0.000000000000000000e+00 0.000000000000000000e+00 0.000000000000000000e+00 0.000000000000000000e+00 -2.097561784960048215e+01 0.000000000000000000e+00 0.000000000000000000e+00 -1.376120735559672736e+00 -2.053056803729895918e+01 -9.974657760817592589e+00 -3.749357356735467661e+00 -4.705388936347250528e+00 7.660056528092900052e-01 -3.713558779526795472e-01 -2.855458422056043943e+01 1.240709975271131071e+01 -5.441009106252763239e+00 9.575972557095500548e+00 -1.970280258038583199e+01 2.650145096537686040e+00 -1.532801742883582108e+01 1.851605213439808040e+01 -1.066025932978069246e+00 -1.098493892987064591e+01
0.000000000000000000e+00 0.000000000000000000e+00 0.000000000000000000e+00 0.000000000000000000e+00 0.000000000000000000e+00 -1.009707664848235709e+01 -8.354668366855658723e-01 -5.450553808096382014e+00 -1.095619750026937034e+01 -1.012513958622222709e+01 -2.145423941049701355e+01 -9.899580209683209731e+00 -1.318978514392300028e+01 -8.644436539979809098e+00 -1.855576419675346855e+01 -1.468139947018982738e+01 -2.877554599445457484e+01 -2.048803040093279293e+01 -8.648647599992187907e+00 -1.644333376287745807e+01 -8.573031439769948747e+00 -3.807192000634505469e+00 9.549275040745875742e+00 -9.758820460014801412e+00 -1.789783395429061841e+01
0.000000000000000000e+00 0.000000000000000000e+00 0.000000000000000000e+00 0.000000000000000000e+00 0.000000000000000000e+00 -3.466089387865750382e+00 -2.445109645285311828e+00 -2.588047884929425990e+01 -1.742138903647652626e+01 -4.349419447124459381e+00 -2.378004960855799510e+01 -1.575807830909714369e+01 -2.128377719128828360e+01 -1.884155715221102767e+01 -2.930981811966766415e+01 -2.873363792000159833e+01 2.101492545236177278e+01 -2.044953476949943294e+01 2.064445937953561838e+01 -2.757475473169272817e+01 -2.576503186819656932e+01 -2.804306465218575184e+01 -5.205343328773224698e+00 -2.161638109296110599e+01 -2.437418588549147103e+01
