# yaw
0.000000000000000000e+00 0.000000000000000000e+00 0.000000000000000000e+00 0.000000000000000000e+00 0.000000000000000000e+00 3.000000000000000000e+01 -2.306072301222312504e+01 -2.699660385522192030e+01 5.544011070609807135e+00 2.999999999999999645e+01 3.000000000000000000e+01 2.932976562302605572e+01 3.000000000000000000e+01 3.000000000000000000e+01 3.000000000000000000e+01 3.000000000000000000e+01 4.354748092895454725e+00 1.856776127892167239e+01 2.707573905054555308e+00 2.999999999999999645e+01 3.000000000000000000e+01 3.000000000000000000e+01 3.000000000000000000e+01 1.132639672552240562e+01 3.000000000000000000e+01
0.000000000000000000e+00 0.000000000000000000e+00 0.000000000000000000e+00 0.000000000000000000e+00 0.000000000000000000e+00 3.000000000000000000e+01 -2.011984992167832331e+01 1.488311169238758058e+00 3.000000000000000000e+01 3.000000000000000000e+01 2.523855820301989894e+01 1.602189944294611479e+01 2.021652005518599182e+01 2.183021622026353725e+01 2.463560906160519792e+01 2.495108267485579034e+01 -8.999282802055136310e-01 6.164577201290753372e+00 0.000000000000000000e+00 2.820654718869284139e+01 2.186674573533635879e+01 3.000000000000000000e+01 3.000000000000000000e+01 1.254478200569348667e+00 2.369712229062796638e+01
0.000000000000000000e+00 0.000000000000000000e+00 0.000000000000000000e+00 0.000000000000000000e+00 0.000000000000000000e+00 2.142829371022697771e+01 2.837839019431893206e+01 3.000000000000000000e+01 2.241004352082780926e+01 1.965497283469350265e+01 1.491787170908314941e+01 2.380846771936099504e+00 8.165879674593313098e+00 5.327416331145060191e+00 1.453696134861207767e+01 7.560769712607354087e+00 -1.786243262087275596e+01 -1.515627043285549647e+01 -6.691314376376518783e-03 3.000000000000000000e+01 1.752369084935914501e+01 3.000000000000000000e+01 -1.232353921504775762e+01 2.841438523109407654e+01 -3.937858021497435246e+00
0.000000000000000000e+00 0.000000000000000000e+00 0.000000000000000000e+00 0.000000000000000000e+00 0.000000000000000000e+00 2.115622422101164801e+01 3.000000000000000000e+01 2.724459605418593000e+01 8.805267723032903504e+00 1.185273741173252660e+01 5.135458903598490998e+00 -4.846818791671798216e-02 0.000000000000000000e+00 1.705656098511549645e+00 -2.797828594868879470e+00 3.992203545261958572e-03 3.000000000000000000e+01 3.000000000000000000e+01 -1.366972873234202268e+01 2.749306676101883085e+01 1.054311751194909519e+01 2.729282488845081645e+01 3.000000000000000000e+01 3.000000000000000000e+01 2.999396907664769074e+01
0.000000000000000000e+00 0.000000000000000000e+00 0.000000000000000000e+00 0.000000000000000000e+00 0.000000000000000000e+00 7.167960289692784315e+00 2.373985100410297022e+01 2.358208568137321492e+01 6.359786909157739920e+00 -9.400801696831529997e-01 8.799968142912520941e-01 -1.564950173473124728e+01 -1.351741520284192699e+00 0.000000000000000000e+00 3.000000000000000000e+01 0.000000000000000000e+00 3.000000000000000000e+01 1.002693932557359702e+01 2.682216219862225159e+01 -6.860504900581628540e+00 5.962299701754700254e-02 5.546220369705491038e+00 3.000000000000000000e+01 1.645104910456764458e+01 1.566476506422413273e+01
0.000000000000000000e+00 0.000000000000000000e+00 0.000000000000000000e+00 0.000000000000000000e+00 0.000000000000000000e+00 7.911380486320278294e-02 1.577227908697336822e+01 1.334792221127465517e+01 3.044517308337408440e-02 -1.316753514280466320e+01 0.000000000000000000e+00 -2.843220636843403071e+01 -2.194187611575290475e+01 -3.251427366237093913e-02 -7.465359391380576248e+00 0.000000000000000000e+00 3.000000000000000000e+01 -1.608097571553084038e+01 1.063084252214965630e+01 -2.131953692630566621e+01 0.000000000000000000e+00 -1.495464634396506831e+01 3.000000000000000000e+01 8.291896255771185054e+00 -8.050150211877735273e+00
0.000000000000000000e+00 0.000000000000000000e+00 0.000000000000000000e+00 0.000000000000000000e+00 0.000000000000000000e+00 0.000000000000000000e+00 3.438413053243307704e+00 3.960973127691524542e+00 0.000000000000000000e+00 -1.491656971037801149e+01 0.000000000000000000e+00 7.328504896616555797e+00 -5.181288064509570468e+00 -2.200729233491487591e+01 1.082434056133095623e+01 0.000000000000000000e+00 2.583056886032855459e+01 6.701952037549543384e+00 -1.254158400220208058e+01 7.020655997972052198e+00 0.000000000000000000e+00 -1.445302305337551552e+01 2.441394235271648938e+01 2.999999241162509378e+01 4.816063254855268205e+00
0.000000000000000000e+00 0.000000000000000000e+00 0.000000000000000000e+00 0.000000000000000000e+00 0.000000000000000000e+00 0.000000000000000000e+00 3.791684860513663047e+00 8.371692158549018381e-02 0.000000000000000000e+00 3.000000000000000000e+01 0.000000000000000000e+00 -2.397496242303364511e+01 3.000000000000000000e+01 -6.128362762528818841e+00 2.033187211913576675e+01 0.000000000000000000e+00 1.246966996956492491e+00 2.524101033722149623e+01 3.000000000000000000e+01 3.000000000000000000e+01 0.000000000000000000e+00 3.000000000000000000e+01 -3.858180475911812124e-01 8.005073637150877941e-02 -6.752864771836506463e+00
0.000000000000000000e+00 0.000000000000000000e+00 0.000000000000000000e+00 0.000000000000000000e+00 0.000000000000000000e+00 0.000000000000000000e+00 -4.878187659229766410e-02 0.000000000000000000e+00 0.000000000000000000e+00 2.392899865796540837e+01 0.000000000000000000e+00 2.498286734938141151e+01 2.291077853889967386e+01 -2.071281589474200047e+00 6.366640249016393582e+00 0.000000000000000000e+00 0.000000000000000000e+00 4.843099953986858885e+00 2.099286302921301584e+01 1.124058924913721746e+01 0.000000000000000000e+00 2.326594148596559108e+01 2.109695433130033848e+01 -4.877941894495772424e+00 -1.331514145580654329e+01
0.000000000000000000e+00 0.000000000000000000e+00 0.000000000000000000e+00 0.000000000000000000e+00 0.000000000000000000e+00 0.000000000000000000e+00 -7.007737518792854559e+00 -3.306094568076495932e+00 -1.093379167719943715e-02 1.597746524737140561e+01 0.000000000000000000e+00 1.481713596258852839e+01 2.654724838459932812e+01 2.957770106735674531e+01 7.564861230011480586e+00 0.000000000000000000e+00 0.000000000000000000e+00 -2.175392736727242138e+01 -3.440235795634162042e+00 9.116921433788057527e+00 0.000000000000000000e+00 1.552937581393987188e+01 -5.483371548270999263e+00 2.313176556203286083e+01 -2.491664043317016564e+01
0.000000000000000000e+00 0.000000000000000000e+00 0.000000000000000000e+00 0.000000000000000000e+00 0.000000000000000000e+00 0.000000000000000000e+00 -1.970229867723028860e+01 -1.133740461083970708e+01 -8.982758609153091101e+00 3.489431673292875846e+00 0.000000000000000000e+00 4.504133170002035808e-02 2.761633430407852696e+00 1.812420200401750492e+01 -4.905452405156665918e+00 0.000000000000000000e+00 -1.663862578324658337e+00 1.444225938086131933e+01 -1.629104892849115060e+01 -5.072315308482523655e+00 0.000000000000000000e+00 4.794891252703590290e+00 -1.751258310328384837e+01 -1.536055425529474716e+00 -2.093349720132197689e+01
0.000000000000000000e+00 0.000000000000000000e+00 0.000000000000000000e+00 0.000000000000000000e+00 0.000000000000000000e+00 0.000000000000000000e+00 -2.701963477034487582e+01 -2.822616693044349390e+01 -2.196461558568116601e+01 -8.055529584334522042e+00 0.000000000000000000e+00 -4.124130286751160890e-01 -2.169258888762573179e+01 -9.568778250298407784e+00 -1.839362287930683948e+01 0.000000000000000000e+00 -1.280481646947807839e+01 1.864835832424540651e-01 3.000000000000000000e+01 -1.497399421967756616e+01 0.000000000000000000e+00 0.000000000000000000e+00 -2.260242459326075704e+01 -2.235749938456208952e+01 3.000000000000000000e+01
0.000000000000000000e+00 0.000000000000000000e+00 0.000000000000000000e+00 0.000000000000000000e+00 -3.780011182063414577e+00 0.000000000000000000e+00 2.832729312104675756e+01 3.000000000000000000e+01 2.595226548528109234e+01 -1.553928295445769869e+01 0.000000000000000000e+00 -6.275344609483658687e+00 2.267558787511239515e+01 2.162084256953255945e+01 4.667825578065319725e+00 0.000000000000000000e+00 -7.814737957506451949e+00 -7.207246847417905777e-02 2.515321393165730157e+01 2.050035688389517219e+01 0.000000000000000000e+00 -3.231429945059191233e+00 3.000000000000000000e+01 -2.214538058351003968e+01 2.447380956931482743e+01
0.000000000000000000e+00 0.000000000000000000e+00 0.000000000000000000e+00 0.000000000000000000e+00 -1.021949443507505251e+01 0.000000000000000000e+00 1.505785559681402219e+01 1.709841574753687254e+01 3.451594146842625666e+00 -2.963272595522567698e+01 0.000000000000000000e+00 -2.136862422729669575e+01 3.239519131324889223e+00 -5.229594336640225549e+00 -2.448928223557908623e+01 0.000000000000000000e+00 -1.366950852631157254e+01 -7.485293024402170481e+00 3.793087981372798012e+00 1.912975945211253803e+00 0.000000000000000000e+00 -1.005488085657473540e+01 1.598079705083106461e+01 3.000000000000000000e+01 1.372120390956039238e+01
0.000000000000000000e+00 -2.490288842896817290e+00 -1.497519313525687568e-01 0.000000000000000000e+00 -1.430888923199235307e+01 0.000000000000000000e+00 2.876464301313130800e+00 -1.892084163472674163e+01 -3.000000000000000000e+01 4.797146740982483060e+00 0.000000000000000000e+00 -2.242688579857711062e+01 -1.351445927606392372e+00 1.717322877864472019e+01 -1.488220914040267395e+01 0.000000000000000000e+00 -2.418832468581304340e+01 -1.545121285013209445e+01 0.000000000000000000e+00 1.672906037468899143e+01 0.000000000000000000e+00 -1.422637044843146725e+01 2.129634082104753023e+00 2.343730467208664692e+01 -1.245815116455744942e+01
0.000000000000000000e+00 -4.294191711527146182e+00 -6.561066363022050929e+00 -9.858894809351795629e+00 -1.456247305318852270e+01 0.000000000000000000e+00 -1.477004836562797019e+00 -1.270434646478054042e+01 -3.252071738822768676e+00 -2.308374863431234658e+00 0.000000000000000000e+00 1.151565526875385270e+00 -1.974352938567126259e+01 -1.639670980928742239e+01 -2.410552484063599454e+00 0.000000000000000000e+00 -4.757065624735290932e+00 -9.279033275938896708e+00 -9.567834917098816394e-01 1.162478808341529425e-02 0.000000000000000000e+00 -1.485067103688755452e+01 -1.219821125872622325e+01 -1.553902772717063030e+01 -1.278364972104690800e+00
0.000000000000000000e+00 -2.050929793247145838e+01 -1.885088391409497177e+01 -1.932942475912410885e+01 -2.005521650147265333e+01 0.000000000000000000e+00 -1.709969833119849625e+01 -3.000000000000000000e+01 -2.999999999999999645e+01 -2.992974997073237375e+01 0.000000000000000000e+00 2.658224308242235878e+01 -2.915297288960497468e+01 -2.416507528479564471e+01 -1.785711789196134802e+01 0.000000000000000000e+00 1.627081056979040818e+00 3.000000000000000000e+01 -1.689678402879585661e+01 -1.985761233392705938e+00 0.000000000000000000e+00 -2.963220336386399012e+01 -1.580196481669258013e+01 -2.574497878745895463e+01 -7.202579880815099145e+00
0.000000000000000000e+00 -3.000000000000000000e+01 -2.895633123500802242e+01 -2.992765706863043818e+01 -2.398315321686631663e+01 0.000000000000000000e+00 -2.677341669984101458e+01 -2.387836922958407015e+01 3.000000000000000000e+01 3.000000000000000000e+01 0.000000000000000000e+00 2.248748413307017913e+01 3.000000000000000000e+01 -3.000000000000000000e+01 -2.999999997830698817e+01 0.000000000000000000e+00 2.920781768326448358e+01 1.578507281682298391e+01 -3.000000000000000000e+01 -1.041512281093880254e+01 0.000000000000000000e+00 -1.677183395757159445e+01 -2.999999990612154477e+01 -2.999999999999999645e+01 -2.356232638554128656e+01
0.000000000000000000e+00 2.353671211654059192e+01 2.999999999999999645e+01 2.999999999999999289e+01 3.000000000000000000e+01 0.000000000000000000e+00 -2.840894093335948156e+01 2.999999999999999645e+01 1.735071081989599762e+01 2.107472303646736123e+01 0.000000000000000000e+00 1.455166246667938701e+01 3.000000000000000000e+01 3.000000000000000000e+01 3.000000000000000000e+01 0.000000000000000000e+00 2.999999999999996092e+01 5.115589582270907876e+00 2.999999999999999645e+01 -9.128166893285701633e+00 0.000000000000000000e+00 1.600193436956552162e+01 2.999999999999998934e+01 2.999999999999999289e+01 2.808127511931093778e+01
0.000000000000000000e+00 3.000000000000000000e+01 2.396421260260331465e+01 2.670300903040485352e+01 2.446545617250988869e+01 0.000000000000000000e+00 3.000000000000000000e+01 2.346312846641683691e+01 2.266213764277173137e+00 1.889800815434635695e+01 0.000000000000000000e+00 5.814449703297956962e-01 2.379770776109013042e+01 2.355812857790140669e+01 2.314461361573744824e+01 0.000000000000000000e+00 2.185727449437835901e+01 1.500702279993791355e-01 2.097337113501697559e+01 -3.000000000000000000e+01 0.000000000000000000e+00 3.000000000000000000e+01 2.323348923889125928e+01 2.793055025123687685e+01 2.243770026171190679e+01
0.000000000000000000e+00 2.188838475057101007e+01 1.674479150897468571e+01 3.000000000000000000e+01 -1.115175042578355402e+01 0.000000000000000000e+00 2.567142916293138910e+01 7.702738541293751240e+00 -5.861882631980379621e+00 2.550008025136187584e+01 0.000000000000000000e+00 0.000000000000000000e+00 1.605407588185407874e+01 8.958765049664510371e+00 2.565549718687519487e+01 0.000000000000000000e+00 1.583740180168826051e+01 -1.800024757035802558e+00 3.000000000000000000e+01 3.000000000000000000e+01 0.000000000000000000e+00 2.450140014260454890e+01 5.697765447338245082e+00 1.810001181271384496e+01 1.888390202373325621e+01
0.000000000000000000e+00 1.592480752099117147e+01 -2.086822085734045817e-01 3.000000000000000000e+01 2.999999999999999645e+01 0.000000000000000000e+00 1.465417891142265105e+01 6.977940298104248207e+00 2.499960180171637347e+01 8.934442959935172013e+00 0.000000000000000000e+00 0.000000000000000000e+00 6.527838951660572819e-01 -1.727909277602844540e+01 3.000000000000000000e+01 0.000000000000000000e+00 8.939644634170443638e+00 -2.012948350352952076e+01 3.000000000000000000e+01 2.999999999999999645e+01 0.000000000000000000e+00 2.064860032958873148e+01 7.052181339374194446e-02 7.819274225799019984e-01 1.511405001533839609e+01
0.000000000000000000e+00 2.637920526294963874e+00 -1.682385914900825696e+01 1.756937446488118582e+01 2.622993973512380705e+01 0.000000000000000000e+00 9.324178496591883913e-01 -7.675183671173058109e+00 -7.007167989648812600e+00 -1.640603526603767071e+00 0.000000000000000000e+00 0.000000000000000000e+00 -7.706169358721203011e+00 3.000000000000000000e+01 1.964642449897872822e+01 0.000000000000000000e+00 4.300849966132958002e+00 -2.817661544714054500e+01 4.794939950840970688e+00 3.000000000000000000e+01 0.000000000000000000e+00 3.910990425417903094e+00 0.000000000000000000e+00 0.000000000000000000e+00 2.683766625883230006e+00
0.000000000000000000e+00 0.000000000000000000e+00 0.000000000000000000e+00 0.000000000000000000e+00 0.000000000000000000e+00 0.000000000000000000e+00 0.000000000000000000e+00 0.000000000000000000e+00 0.000000000000000000e+00 0.000000000000000000e+00 0.000000000000000000e+00 0.000000000000000000e+00 0.000000000000000000e+00 0.000000000000000000e+00 0.000000000000000000e+00 0.000000000000000000e+00 0.000000000000000000e+00 0.000000000000000000e+00 0.000000000000000000e+00 0.000000000000000000e+00 0.000000000000000000e+00 0.000000000000000000e+00 0.000000000000000000e+00 0.000000000000000000e+00 0.000000000000000000e+00
0.000000000000000000e+00 0.000000000000000000e+00 0.000000000000000000e+00 0.000000000000000000e+00 0.000000000000000000e+00 0.000000000000000000e+00 0.000000000000000000e+00 0.000000000000000000e+00 0.000000000000000000e+00 0.000000000000000000e+00 0.000000000000000000e+00 0.000000000000000000e+00 0.000000000000000000e+00 0.000000000000000000e+00 0.000000000000000000e+00 0.000000000000000000e+00 0.000000000000000000e+00 0.000000000000000000e+00 0.000000000000000000e+00 0.000000000000000000e+00 0.000000000000000000e+00 0.000000000000000000e+00 0.000000000000000000e+00 0.000000000000000000e+00 0.000000000000000000e+00
0.000000000000000000e+00 0.000000000000000000e+00 0.000000000000000000e+00 0.000000000000000000e+00 0.000000000000000000e+00 0.000000000000000000e+00 0.000000000000000000e+00 0.000000000000000000e+00 0.000000000000000000e+00 0.000000000000000000e+00 0.000000000000000000e+00 0.000000000000000000e+00 0.000000000000000000e+00 0.000000000000000000e+00 0.000000000000000000e+00 0.000000000000000000e+00 0.000000000000000000e+00 0.000000000000000000e+00 0.000000000000000000e+00 0.000000000000000000e+00 0.000000000000000000e+00 0.000000000000000000e+00 0.000000000000000000e+00 0.000000000000000000e+00 0.000000000000000000e+00
0.000000000000000000e+00 0.000000000000000000e+00 0.000000000000000000e+00 0.000000000000000000e+00 0.000000000000000000e+00 0.000000000000000000e+00 0.000000000000000000e+00 0.000000000000000000e+00 0.000000000000000000e+00 0.000000000000000000e+00 0.000000000000000000e+00 0.000000000000000000e+00 0.000000000000000000e+00 0.000000000000000000e+00 0.000000000000000000e+00 0.000000000000000000e+00 0.000000000000000000e+00 0.000000000000000000e+00 0.000000000000000000e+00 0.000000000000000000e+00 0.000000000000000000e+00 0.000000000000000000e+00 0.000000000000000000e+00 0.000000000000000000e+00 0.000000000000000000e+00
0.000000000000000000e+00 2.300581062091944062e+01 2.555336993047861682e+01 2.355811580458020971e-01 -3.585514315763000504e+00 0.000000000000000000e+00 1.619398870243354827e+00 -1.945446850884688672e+01 1.347637128375816395e+01 -1.414425766589719480e+01 0.000000000000000000e+00 -1.547042990186714562e+01 2.768388482474078671e+01 1.851928935523293518e+01 -8.858929926566654345e+00 0.000000000000000000e+00 -9.394903746223658203e+00 4.353804760970187218e-03 2.744077437654774410e-01 1.632485995116849153e+01 0.000000000000000000e+00 0.000000000000000000e+00 0.000000000000000000e+00 0.000000000000000000e+00 0.000000000000000000e+00
0.000000000000000000e+00 1.878421280923193493e+01 9.239663160630627203e+00 -9.277437343869253894e+00 3.588806114613983578e+00 0.000000000000000000e+00 1.927724576056468209e+01 1.867463881726267427e+00 2.930044368481689698e+00 4.887806111569976963e-02 0.000000000000000000e+00 4.845706228017171213e+00 1.108899036509512603e+00 -1.929082973722320205e+01 -1.232000278921605840e+01 0.000000000000000000e+00 -5.706116372611657717e+00 0.000000000000000000e+00 0.000000000000000000e+00 2.093753362875457569e+01 0.000000000000000000e+00 0.000000000000000000e+00 0.000000000000000000e+00 0.000000000000000000e+00 0.000000000000000000e+00
0.000000000000000000e+00 -1.922903853747932956e+01 -1.130703111681312123e+01 1.882964704080735796e+00 1.293741333102139279e+01 0.000000000000000000e+00 1.024641904203953224e+01 1.223074562761200390e+01 -1.945845478878555213e+01 -1.111568685147494939e+01 0.000000000000000000e+00 2.392757977912644662e+01 -1.525701052515657352e+01 2.921980813444574832e+00 1.689951628629381020e+01 0.000000000000000000e+00 1.426371267464479686e+01 0.000000000000000000e+00 0.000000000000000000e+00 2.013890198730538472e+01 0.000000000000000000e+00 0.000000000000000000e+00 0.000000000000000000e+00 0.000000000000000000e+00 0.000000000000000000e+00
-1.573070734058812814e+00 2.757401042880315956e+01 2.978046687895025357e+01 1.240746545151377944e+01 2.194367722242059315e+01 0.000000000000000000e+00 -4.377865141169525742e+00 2.225222437555986232e+01 2.057307682142035432e+01 2.724443571318044377e+01 0.000000000000000000e+00 -1.325566296593871485e+00 1.885067559873158771e+01 7.412682230470243994e+00 1.435429965770038763e+01 0.000000000000000000e+00 1.811044200382635339e+01 0.000000000000000000e+00 0.000000000000000000e+00 0.000000000000000000e+00 0.000000000000000000e+00 0.000000000000000000e+00 0.000000000000000000e+00 0.000000000000000000e+00 0.000000000000000000e+00
-8.543623401485243463e+00 1.633429618124631588e+01 2.702655103733816233e+01 7.856187998647711446e+00 5.430432154831036584e+00 0.000000000000000000e+00 -1.964178924833275630e+01 -4.867355799410967521e+00 1.018836970638225559e+01 2.596959648493961481e+01 0.000000000000000000e+00 -2.499405863105771175e+01 3.519415058650077199e-01 -6.070332910543378979e+00 2.509861860258447308e+01 0.000000000000000000e+00 6.329937578297740508e+00 0.000000000000000000e+00 -3.984552015058153152e-01 -2.178054410811937736e+00 0.000000000000000000e+00 0.000000000000000000e+00 0.000000000000000000e+00 0.000000000000000000e+00 0.000000000000000000e+00
-1.359246627348620606e+01 -8.276167652430562072e+00 -5.398608077243513215e+00 1.301460916331811157e+00 -1.853769061901794757e+01 -2.415287006119885671e+00 7.844734272867703417e+00 1.015215563156837497e+01 2.533475259913217759e+00 2.166102493115351191e+00 0.000000000000000000e+00 -2.108045850570244895e+01 -4.829715213995900314e+00 -1.754213837581110980e+01 7.227761990699909767e+00 -9.310910488127184248e-01 -4.615166718175119365e-01 -2.898318230040316523e-01 -4.939210950312865833e+00 -1.090749975558257390e+01 0.000000000000000000e+00 0.000000000000000000e+00 0.000000000000000000e+00 0.000000000000000000e+00 0.000000000000000000e+00
-1.617498507618844172e+01 -2.304744620303389269e+01 -6.583053149442219087e+00 -1.111838722814850122e+01 2.556734900948147526e+01 -1.691101581174736879e+01 -7.900645596554456418e+00 -9.881521486447459424e+00 -4.762604179938130677e+00 -2.163152416872758366e+01 -5.006507590704358801e-01 -2.723154635802512757e+01 -1.715444654468137031e+01 -2.634611298419798331e+01 -8.824059084201133274e+00 -8.929868242985653737e+00 -1.130708769962131122e+01 -8.161527798768782205e+00 -1.107948279493710686e+01 -1.651411422001142881e+01 0.000000000000000000e+00 0.000000000000000000e+00 0.000000000000000000e+00 0.000000000000000000e+00 0.000000000000000000e+00
-1.688154286535159798e+01 -1.115965954820196870e+01 -1.550445074694534853e+01 -1.594391201019397819e+01 -1.138279535115714047e+01 -2.672614526288187164e+01 -3.000000000000000000e+01 -1.990726597423790523e+01 -2.569958637110957511e+01 -2.320392275269725957e+01 -1.613741387009313044e+01 3.000000000000000000e+01 -2.444323521126906940e+01 2.895913343329481648e+01 -1.755734968060225043e+01 -1.867476085326660851e+01 -1.440798827680937322e+01 -1.943695023539736155e+01 -1.339323640666162163e+01 -2.372765769042180040e+01 0.000000000000000000e+00 0.000000000000000000e+00 0.000000000000000000e+00 0.000000000000000000e+00 0.000000000000000000e+00
-2.459070287210138872e+01 -2.955336085276386626e+01 -1.999154267516298589e+01 -3.000000000000000000e+01 -2.212822057710194557e+01 -3.000000000000000000e+01 3.000000000000000000e+01 -3.000000000000000000e+01 2.999999999999999645e+01 -2.971095794069116280e+01 -2.661789912502478828e+01 1.752132680547093102e+01 3.000000000000000000e+01 1.810666061651243197e+01 -2.896475816554182003e+01 -2.987424177301430461e+01 -2.418290783489476325e+01 -1.708209853621011476e+01 -2.082960445140011174e+01 -3.000000000000000000e+01 0.000000000000000000e+00 0.000000000000000000e+00 0.000000000000000000e+00 0.000000000000000000e+00 0.000000000000000000e+00
3.000000000000000000e+01 3.000000000000000000e+01 3.000000000000000000e+01 3.000000000000000000e+01 3.000000000000000000e+01 3.000000000000000000e+01 2.725016131913449158e+01 3.000000000000000000e+01 3.000000000000000000e+01 3.000000000000000000e+01 3.000000000000000000e+01 3.791886496473117152e+00 2.419544169213395080e+01 3.084841353048685786e+00 3.000000000000000000e+01 3.000000000000000000e+01 -2.422171982860597694e+01 -1.800582908224023626e+01 -2.221551883689116735e+01 3.000000000000000000e+01 0.000000000000000000e+00 0.000000000000000000e+00 0.000000000000000000e+00 0.000000000000000000e+00 0.000000000000000000e+00
2.515797791772956771e+01 3.000000000000000000e+01 3.000000000000000000e+01 2.500393565759963721e+01 2.061883208934367673e+01 2.928639894536375365e+01 1.990945542787106248e+01 2.420438832953251662e+01 2.943624414430347969e+01 2.630358196530779935e+01 2.097747775976684892e+01 0.000000000000000000e+00 5.167194181952207366e+00 0.000000000000000000e+00 2.212780443386470353e+01 2.660527743220168517e+01 2.803081181891340279e+01 -2.165917014791883233e+01 2.153251242088621620e+00 2.795884778492087008e+01 0.000000000000000000e+00 0.000000000000000000e+00 0.000000000000000000e+00 0.000000000000000000e+00 0.000000000000000000e+00
2.667138544280637547e+01 3.000000000000000000e+01 2.345258483844833108e+01 3.000000000000000000e+01 1.646932885012476433e+01 3.000000000000000000e+01 1.564614372020983968e+00 1.187221560059639458e+01 3.000000000000000000e+01 1.462777674523532490e+01 8.010831526461299035e+00 0.000000000000000000e+00 0.000000000000000000e+00 -3.045560305336444618e+00 7.732045460115560154e+00 1.768263354593493375e+01 2.099111016915758299e+01 2.999999999999999645e+01 2.557610884941845697e+01 1.797638650357583501e+01 0.000000000000000000e+00 0.000000000000000000e+00 0.000000000000000000e+00 0.000000000000000000e+00 0.000000000000000000e+00
1.189405753457151782e+01 2.627240803955312742e+01 3.000000000000000000e+01 3.000000000000000000e+01 1.034953223747783824e+01 2.488471254588582582e+01 2.895237939641754110e+01 -1.055454592411014225e+01 2.680135186119431623e+01 1.243905476227010753e+00 -1.532286737542193578e+01 -2.736496971648931173e-03 0.000000000000000000e+00 -1.839062314931119957e+01 4.846327755119721470e-01 9.924313009198096225e+00 9.350417717260999240e+00 3.000000000000000000e+01 2.171722562860535533e+01 7.223438542446510624e+00 0.000000000000000000e+00 0.000000000000000000e+00 0.000000000000000000e+00 0.000000000000000000e+00 0.000000000000000000e+00
-4.069393789462734112e+00 1.288786655959139971e+01 1.738720162073565234e+01 1.584862866855086239e+01 6.174697972996996687e-02 2.967866675298492130e+00 1.371965102968793282e+01 2.445723441543810850e+01 -2.667111304206254641e+00 0.000000000000000000e+00 3.000000000000000000e+01 -7.447716146386349045e+00 -1.362282061740965888e+00 3.000000000000000000e+01 0.000000000000000000e+00 -3.493775894837270801e+00 8.800247110840112796e+00 2.124577791013803818e+01 2.102402982630037798e+01 2.875044276036959001e+00 0.000000000000000000e+00 0.000000000000000000e+00 0.000000000000000000e+00 0.000000000000000000e+00 0.000000000000000000e+00
-1.268343656434157141e-01 3.000000000000000000e+01 1.714788883734972202e+01 -9.002254343650688995e+00 0.000000000000000000e+00 -2.945648655495418100e-01 -1.869426529491043487e+00 8.110222395089374814e+00 -1.895533340175631309e+01 0.000000000000000000e+00 2.462184090164392458e+01 -3.000000000000000000e+01 -1.819460025611915199e+01 -2.246108341146839749e+01 0.000000000000000000e+00 -1.571097760852989467e+01 3.732604808239535499e-02 1.256310234949475557e+01 8.462935844974719402e+00 0.000000000000000000e+00 0.000000000000000000e+00 0.000000000000000000e+00 0.000000000000000000e+00 0.000000000000000000e+00 0.000000000000000000e+00
1.339701704532622450e+01 2.605865076210794840e+01 -5.609009634246673315e+00 -2.087795200041415455e+01 0.000000000000000000e+00 -1.903154046147641409e+01 -1.614133239626312033e+01 9.783529607762933011e+00 2.608434059790526049e+01 0.000000000000000000e+00 1.632358613724040097e+01 3.000000000000000000e+01 -3.000000000000000000e+01 2.645802402344746440e+01 0.000000000000000000e+00 -2.110309789510797884e+01 0.000000000000000000e+00 1.153644037658057009e+01 2.389001916876537734e+00 0.000000000000000000e+00 0.000000000000000000e+00 0.000000000000000000e+00 0.000000000000000000e+00 0.000000000000000000e+00 0.000000000000000000e+00
-6.622351995669171210e+00 4.168026015383091476e+00 2.227126301436744527e+01 2.933323150228582321e+01 0.000000000000000000e+00 -3.000000000000000000e+01 2.961216043076341720e+01 -8.891573520369648875e+00 1.861191658777392988e+01 0.000000000000000000e+00 8.207051141356577206e-01 1.726164733509402893e+01 3.000000000000000000e+01 1.593670261014968226e+01 0.000000000000000000e+00 2.873685544340109388e+01 0.000000000000000000e+00 6.359343276053221139e+00 5.852319697643421081e-01 0.000000000000000000e+00 0.000000000000000000e+00 0.000000000000000000e+00 0.000000000000000000e+00 0.000000000000000000e+00 0.000000000000000000e+00
-7.659177490319807546e+00 -1.056020476994493418e+00 -2.869573288818477064e+00 2.138264911771466714e+01 0.000000000000000000e+00 2.511364573282687829e+01 1.985492851837441464e+01 2.448020937534501940e+01 5.982427466589739673e+00 0.000000000000000000e+00 -7.264078293431327715e+00 6.458311983982508941e+00 2.294607135587792612e+01 6.693317906880640322e+00 0.000000000000000000e+00 2.078225216141879272e+01 0.000000000000000000e+00 8.987433102167301235e-02 -8.530412898130516064e-01 0.000000000000000000e+00 0.000000000000000000e+00 0.000000000000000000e+00 0.000000000000000000e+00 0.000000000000000000e+00 0.000000000000000000e+00
-2.596359067836284140e+01 -8.492543738610210724e+00 5.588311994375885661e+00 1.557903725622148094e+01 0.000000000000000000e+00 1.484264361211596039e+01 1.742622324739937278e+00 2.420895360546310826e+01 1.430516988594065933e-04 0.000000000000000000e+00 -8.129185509853346758e+00 1.494172495052847616e+01 1.976637233384591852e+01 0.000000000000000000e+00 0.000000000000000000e+00 1.443009248521799925e+01 -4.064498762452776859e+00 0.000000000000000000e+00 -9.909634450341355816e+00 0.000000000000000000e+00 0.000000000000000000e+00 0.000000000000000000e+00 0.000000000000000000e+00 0.000000000000000000e+00 0.000000000000000000e+00
-2.060319307590034654e+01 -2.371488156202931563e+01 -8.522457347319752685e+00 6.322967743342672975e+00 0.000000000000000000e+00 1.015781119983349789e+01 1.833845406131591815e+01 1.036751458503127055e-01 -1.753305075997007689e+00 0.000000000000000000e+00 2.101000061348369741e+01 -7.190796142506441502e-01 2.433594013747745477e-01 0.000000000000000000e+00 0.000000000000000000e+00 2.701546961642841360e+00 -1.818118706095086878e+01 -1.268412018322178758e+00 -2.178119365834209731e+01 0.000000000000000000e+00 0.000000000000000000e+00 0.000000000000000000e+00 0.000000000000000000e+00 0.000000000000000000e+00 0.000000000000000000e+00
-2.324333787439636367e+01 -2.463476691385853101e+01 -2.012708108311061750e+01 0.000000000000000000e+00 0.000000000000000000e+00 -1.726464675610334609e+01 -1.151628197548783206e+01 2.923532888847637423e+01 -1.228744572505574695e+01 0.000000000000000000e+00 4.723892614875496498e+00 2.408905539360953441e+01 -1.953747256624498618e+01 -1.723147204405643413e-03 0.000000000000000000e+00 -7.597484103446468851e+00 3.000000000000000000e+01 -1.173840330850100067e+01 3.000000000000000000e+01 0.000000000000000000e+00 0.000000000000000000e+00 0.000000000000000000e+00 0.000000000000000000e+00 0.000000000000000000e+00 0.000000000000000000e+00
3.000000000000000000e+01 2.671007047437873894e+01 3.000000000000000000e+01 -3.873342364519656300e+00 0.000000000000000000e+00 1.942877977699253833e+01 -1.175022695079736224e+01 1.177277822048005973e+01 -1.055586308123190165e+01 0.000000000000000000e+00 -2.268121990432908319e+01 5.875276172449372503e+00 2.377313581383865682e+01 -4.016497957670093655e+00 0.000000000000000000e+00 -1.951214785521354145e+01 1.454249997784272885e+01 -2.277845486250866713e+01 2.438901088206413803e+01 0.000000000000000000e+00 -3.230717579606754430e+00 0.000000000000000000e+00 0.000000000000000000e+00 0.000000000000000000e+00 0.000000000000000000e+00
1.508372912775767816e+01 1.456797740030294896e+01 1.998895165214008074e+01 -1.013700441867575819e+01 0.000000000000000000e+00 9.103188231633306815e-01 2.048471767901896712e+01 -4.927873213894996135e-02 -1.345314357514016557e+01 0.000000000000000000e+00 -8.550862241368594852e+00 -1.795507834038672357e+01 4.419022014072374382e+00 -6.463756387852808594e+00 0.000000000000000000e+00 3.000000000000000000e+01 -7.911359730399600387e+00 2.687103469415717072e+01 1.647843521876147221e+01 0.000000000000000000e+00 -9.964628897979260103e+00 0.000000000000000000e+00 0.000000000000000000e+00 -2.720109235805383101e-03 0.000000000000000000e+00
-1.138353832530640375e+01 -4.060805437278094843e+00 4.256601833397841261e+00 -1.443318325076638509e+01 0.000000000000000000e+00 2.189906578511893898e+01 1.324758198313768398e+00 -6.668353253588948704e+00 -2.857508014899827131e+01 0.000000000000000000e+00 -2.958499236620019346e+01 4.470513694386889725e+00 0.000000000000000000e+00 -1.470357783922496608e+01 0.000000000000000000e+00 -2.691470367597424307e+00 -3.000000000000000000e+01 -1.864240986069722084e+01 2.015914174583681717e+00 0.000000000000000000e+00 -1.425351468571603064e+01 0.000000000000000000e+00 -1.459881817640488631e-03 -4.868744029332793488e+00 0.000000000000000000e+00
2.853349656039483762e+01 -1.431379067830683205e+01 -2.626410781735874167e+00 -1.780333587999124845e+01 0.000000000000000000e+00 -1.975151870465568393e+00 -1.012046863694933485e+01 -1.391879439805491359e+01 -2.929973251123518452e+01 0.000000000000000000e+00 -1.825814770912780460e+01 -2.069474666884809011e+01 -8.699813019895016097e+00 -1.758380763981170958e+01 0.000000000000000000e+00 -3.000000000000000000e+01 2.999999999999999645e+01 -3.239355754922601527e+00 0.000000000000000000e+00 0.000000000000000000e+00 -1.744646537844432999e+01 -9.176295835358111219e+00 -3.826757814231008581e+00 -5.835696454792736354e+00 0.000000000000000000e+00
-1.254056618941562640e+01 -2.538549658483509219e+01 -1.467743937008421540e+01 -2.576902870559964498e+01 0.000000000000000000e+00 -1.082845507896360004e+01 -1.872472804721888551e+01 3.000000000000000000e+01 2.241548952297612640e+00 0.000000000000000000e+00 3.000000000000000000e+01 -1.710761899238870853e+01 -1.903266556117847585e+01 -2.995142095497531187e+01 0.000000000000000000e+00 -3.000000000000000000e+01 -3.000000000000000000e+01 -2.974224920800190830e+01 -2.159996505304244696e+00 0.000000000000000000e+00 -1.821396828565444181e+01 -2.233701193692037279e+01 -1.775411743736198034e+01 -1.766800847181964684e+01 0.000000000000000000e+00
-2.188439428106415008e+01 -2.837075858872581335e+01 -2.984160052139667485e+01 -3.000000000000000000e+01 0.000000000000000000e+00 -1.939692079425979898e+01 -3.000000000000000000e+01 2.122352698192882769e+01 2.773231280308843338e+01 0.000000000000000000e+00 2.454028567835656816e+01 -2.539033784241058811e+01 -3.000000000000000000e+01 -2.482132746519920019e+01 0.000000000000000000e+00 3.000000000000000000e+01 3.000000000000000000e+01 -2.157513303606288346e+01 -8.786538210924856429e+00 0.000000000000000000e+00 -2.302227870729462467e+01 -2.999999999999999645e+01 -2.815169721619388810e+01 -3.000000000000000000e+01 0.000000000000000000e+00
3.000000000000000000e+01 3.000000000000000000e+01 3.000000000000000000e+01 2.999999999999999645e+01 0.000000000000000000e+00 -3.000000000000000000e+01 2.999999999999999289e+01 1.086901481244984424e+01 2.759291618236141375e+01 0.000000000000000000e+00 1.016546082934064188e+01 2.998921013230357246e+01 3.000000000000000000e+01 2.999999999999999645e+01 0.000000000000000000e+00 2.225240991615899588e+01 2.208737047312601831e+01 -2.317806299218880994e+01 -2.438478388164809374e+01 0.000000000000000000e+00 3.000000000000000000e+01 3.000000000000000000e+01 3.000000000000000000e+01 2.999999999999999645e+01 0.000000000000000000e+00
2.104450683033275737e+01 2.808038000247984201e+01 2.127288464786455080e+01 3.000000000000000000e+01 0.000000000000000000e+00 2.913533575021680733e+01 3.000000000000000000e+01 2.551473086792677591e+00 1.795246012734875052e+01 0.000000000000000000e+00 1.700284375162876227e+00 1.945186112606524631e+01 1.891349476819999609e+01 2.915686782327060200e+01 0.000000000000000000e+00 1.905240750380213655e+01 5.033791930831668093e-01 2.674552779050596385e+01 -2.319540307048839622e+01 0.000000000000000000e+00 2.294285568359093830e+01 2.669478605479551447e+01 2.227030712043202598e+01 2.932104986782185208e+01 0.000000000000000000e+00
1.637171481765782488e+01 1.711841712884305267e+01 4.485979001594444959e+00 2.428227800965860084e+01 0.000000000000000000e+00 2.942711903721410849e+01 3.000000000000000000e+01 -2.841429098553112098e+00 8.537933268651597629e+00 0.000000000000000000e+00 -1.862567119172885555e+01 1.453887710830206714e+01 7.814910110209720706e+00 2.129080050023068438e+01 0.000000000000000000e+00 1.432638398973998584e+01 0.000000000000000000e+00 5.539477949346618857e+00 4.300697282197480042e+00 0.000000000000000000e+00 -1.049641682912760032e+01 2.598504752157905884e+01 1.351412266443600885e+01 1.924750760823485507e+01 0.000000000000000000e+00
1.117269272544961112e+01 1.878568367731159094e+00 3.748146074394914651e-03 1.213026306313066094e+01 0.000000000000000000e+00 2.761523869575202639e+01 2.622905740220112492e+01 -1.660523074986313929e+01 3.226533645036526732e+00 0.000000000000000000e+00 1.826841144960977914e+01 -3.397886896150644542e+00 0.000000000000000000e+00 1.644853883637008707e+01 0.000000000000000000e+00 2.455082214577956989e+01 -5.813533766771298517e+00 6.588319462158458428e-01 2.665110359315944066e+01 0.000000000000000000e+00 3.000000000000000000e+01 2.772134008383446258e+01 1.155332353317412686e+00 1.182891973858347967e+01 0.000000000000000000e+00
2.445742324405441037e-01 0.000000000000000000e+00 0.000000000000000000e+00 1.052638625837469455e+01 0.000000000000000000e+00 2.207954191481251627e+01 7.381373367318498913e-01 3.000000000000000000e+01 3.150677653316000248e-02 0.000000000000000000e+00 -1.005207887998533955e+01 -1.030349449339428958e+00 -4.204183052824311595e+00 1.293297603209133761e+01 0.000000000000000000e+00 2.185085376869023044e+00 2.294465041753650780e+01 0.000000000000000000e+00 1.212604029208762491e+01 0.000000000000000000e+00 1.995938853024314241e+01 3.874489895872358147e+00 -2.027872418283318723e+01 2.240746210775920844e+00 0.000000000000000000e+00
0.000000000000000000e+00 0.000000000000000000e+00 0.000000000000000000e+00 2.230734015468572196e+00 0.000000000000000000e+00 -4.941583639565312325e+00 -1.211166188262241405e+01 3.000000000000000000e+01 0.000000000000000000e+00 0.000000000000000000e+00 -6.017389513453915484e+00 2.131076834479676663e+01 -2.678515942469837796e+01 1.899585278051832526e+00 0.000000000000000000e+00 -1.529539214076593012e+01 1.571857329011514715e+01 -3.239023689440757803e+00 1.083525658356940369e+01 0.000000000000000000e+00 1.128092873676016161e+01 -2.213248931599914471e+01 3.000000000000000000e+01 -6.535324193648466007e-02 0.000000000000000000e+00
0.000000000000000000e+00 0.000000000000000000e+00 0.000000000000000000e+00 0.000000000000000000e+00 0.000000000000000000e+00 -1.875408631468385323e+01 -2.289469257895352783e+01 2.423852415455053233e+01 0.000000000000000000e+00 0.000000000000000000e+00 1.586451287213751016e+01 -1.050204784622799359e+01 1.446352237135731755e+01 2.587414812529268381e-03 0.000000000000000000e+00 2.433291903505663711e+01 -6.262733062081289326e+00 -2.314679680161489372e+01 3.231075542459319605e-01 0.000000000000000000e+00 8.529504821001340886e+00 3.000000000000000000e+01 3.000000000000000000e+01 -1.230934342711130647e+01 0.000000000000000000e+00
0.000000000000000000e+00 0.000000000000000000e+00 0.000000000000000000e+00 0.000000000000000000e+00 0.000000000000000000e+00 -2.351615030981787413e+01 2.971781327222923252e+01 7.434105467599592565e+00 -3.284594504858385555e+00 0.000000000000000000e+00 -4.038075582037018663e+00 -2.740593720012668211e+00 -1.835361284642699076e+01 0.000000000000000000e+00 0.000000000000000000e+00 1.635689466597519015e+00 -1.806288038951324282e+01 2.116254840069234433e+01 0.000000000000000000e+00 0.000000000000000000e+00 -4.354731024038106746e+00 2.397672098751747072e+01 2.150346326743479608e+01 -1.896667054518652762e+01 0.000000000000000000e+00
0.000000000000000000e+00 0.000000000000000000e+00 0.000000000000000000e+00 0.000000000000000000e+00 0.000000000000000000e+00 2.510271807682166667e+01 1.826764389565346747e+01 1.039259424785038410e-02 -1.915447014021091832e+01 0.000000000000000000e+00 -2.656983533436104494e+01 -1.751527256873580995e+01 -3.000000000000000000e+01 -9.700318067276775605e-03 0.000000000000000000e+00 -1.363991495954702948e+01 3.674025512976387908e+00 -2.148185938852752841e+01 -5.245544915705933377e-03 0.000000000000000000e+00 -1.258887186745835507e+01 9.524782015596127138e+00 1.720590336363960304e+01 -2.368186991169488209e+01 0.000000000000000000e+00
0.000000000000000000e+00 0.000000000000000000e+00 0.000000000000000000e+00 0.000000000000000000e+00 0.000000000000000000e+00 1.843552875660651935e+01 1.764786606050669704e+01 0.000000000000000000e+00 -1.967900118737958692e+01 0.000000000000000000e+00 2.824794800643975279e+01 -2.602806324959783169e+01 1.906959354205147861e+01 -4.675348150148097126e+00 0.000000000000000000e+00 -1.872124817369714123e+01 1.438493897991802406e+01 2.682254623709448893e+01 -5.569835701654742621e+00 0.000000000000000000e+00 -3.000000000000000000e+01 2.661476772625391618e+00 1.738844638099153173e+01 2.386037123496758738e+01 0.000000000000000000e+00
0.000000000000000000e+00 0.000000000000000000e+00 0.000000000000000000e+00 0.000000000000000000e+00 0.000000000000000000e+00 8.312241179063745378e+00 3.361443215090363257e+00 0.000000000000000000e+00 3.000000000000000000e+01 0.000000000000000000e+00 1.957691964009124774e+01 3.000000000000000000e+01 -7.894740456668142059e+00 -1.643460424780417739e+01 0.000000000000000000e+00 2.774669681479977612e+01 1.925402188785038859e+01 9.750399004280840387e+00 -1.942780010415369674e+01 0.000000000000000000e+00 3.000000000000000000e+01 -1.112459233420157645e+01 -1.216962075001174171e+01 1.715130466860140857e+01 0.000000000000000000e+00
0.000000000000000000e+00 0.000000000000000000e+00 0.000000000000000000e+00 0.000000000000000000e+00 0.000000000000000000e+00 6.561768176526448781e-03 0.000000000000000000e+00 0.000000000000000000e+00 2.581513795756791652e+01 0.000000000000000000e+00 1.561402753255288767e+00 1.322479804578027540e+01 3.000000000000000000e+01 -2.718947730195514723e+01 0.000000000000000000e+00 2.411241980694604337e+01 -4.944630836327244872e+00 -1.513563625206172070e+01 2.525883734309815054e+01 0.000000000000000000e+00 3.000000000000000000e+01 -1.908697878350201194e+01 2.470511876644373928e+01 8.376963396354607738e+00 0.000000000000000000e+00
0.000000000000000000e+00 0.000000000000000000e+00 0.000000000000000000e+00 0.000000000000000000e+00 0.000000000000000000e+00 -1.580300730865477288e+00 0.000000000000000000e+00 0.000000000000000000e+00 1.759838086998297513e+01 0.000000000000000000e+00 2.826702640169562386e+01 -2.212939866810570777e+01 1.377154789178329786e+01 2.730022743138702523e+01 0.000000000000000000e+00 -1.054177444848178213e+00 6.258095632730784175e+00 1.748792197599745890e+01 1.057488942153975664e+01 0.000000000000000000e+00 3.000000000000000000e+01 1.709228547450059210e+01 7.047156291098505498e+00 -9.844777774068816711e+00 0.000000000000000000e+00
0.000000000000000000e+00 0.000000000000000000e+00 0.000000000000000000e+00 0.000000000000000000e+00 0.000000000000000000e+00 -8.285564190434154597e+00 -1.676584140360906985e-02 -3.267531309813230811e-01 6.468173400360392122e+00 0.000000000000000000e+00 1.829690654236106440e+01 1.837670569464355808e+01 6.084277614214077951e-03 5.974135656146867923e+00 0.000000000000000000e+00 -1.926837021837726738e+01 -1.266580242234981313e+01 5.808278944412274214e+00 -1.668654639796775641e+01 0.000000000000000000e+00 2.412006607601039931e+01 -1.092292212791162065e+00 1.293945580009721219e+01 -5.492716035889939619e+00 -1.847061775968949826e+00
0.000000000000000000e+00 0.000000000000000000e+00 0.000000000000000000e+00 0.000000000000000000e+00 0.000000000000000000e+00 -1.336706860183462631e+01 -1.625788888396621390e+00 -2.732486973123398499e+00 -1.919019233469717367e+00 -2.291998072642593698e+00 -5.064592664196376326e+00 1.598890582137321159e+00 0.000000000000000000e+00 -2.896357486907466594e+01 -2.733659409943960464e-02 1.299322010107524150e+01 -1.799352641017205912e+01 -6.538714373096609300e+00 -2.999982203531890690e+01 -6.788172798439373731e-04 -6.213946567037151425e+00 1.427303629736491430e+01 9.654772365524285860e+00 1.135050682343736383e+01 -1.114639502106343727e+01
0.000000000000000000e+00 0.000000000000000000e+00 0.000000000000000000e+00 0.000000000000000000e+00 0.000000000000000000e+00 -2.300832275971746554e+01 -8.365393130202331662e+00 -1.110524254706906433e+01 -1.530180615315682857e+01 -6.146198393050322117e+00 -1.467965645027368460e+01 -1.471422142388040655e+01 -8.311396321962428502e+00 -2.228977227501156566e+00 -4.068541394973663294e+00 4.574895315118511441e+00 -5.287268700986641257e+00 -2.039873493978295116e+01 3.359583001339838670e+00 -9.876715438785504730e+00 -1.967007880334266900e+01 -9.738727880234526069e+00 -6.727861042772642186e+00 -7.759567269683815383e+00 -1.793368922260123455e+01
0.000000000000000000e+00 0.000000000000000000e+00 0.000000000000000000e+00 0.000000000000000000e+00 0.000000000000000000e+00 -2.984123698917012746e+01 -1.854858233868824868e+01 -2.178195765486974267e+01 -2.474931718533556335e+01 -2.170125464782812941e+01 -1.841074991213334755e+01 -2.156775994874432456e+01 -2.386777821304730907e+01 -9.739378403165243725e+00 -1.895730213920010598e+01 -1.750207393244859233e+01 3.000000000000000000e+01 -2.736660830000715805e+01 3.000000000000000000e+01 -2.313909653725794868e+01 -1.766941702090389299e+01 -2.501558444478066434e+01 -1.207182265566010315e+01 -2.941517106649259716e+01 -1.846492022001812217e+01
0.000000000000000000e+00 0.000000000000000000e+00 0.000000000000000000e+00 0.000000000000000000e+00 0.000000000000000000e+00 -2.959830824375364244e+01 -2.912477064893398548e+01 -2.750468433072454388e+01 -2.716470803060387240e+01 -3.000000000000000000e+01 -3.000000000000000000e+01 -2.500516593634372242e+01 -2.536113077251813408e+01 -1.978377653417397397e+01 -3.000000000000000000e+01 -3.000000000000000000e+01 2.305635895946020852e+01 3.000000000000000000e+01 2.148582788183491488e+01 -2.730957859642419194e+01 -2.065439584716631671e+01 3.000000000000000000e+01 -2.341090175026835496e+01 3.000000000000000000e+01 -2.153315854644321448e+01
