# yaw
0.000000000000000000e+00 0.000000000000000000e+00 0.000000000000000000e+00 0.000000000000000000e+00 0.000000000000000000e+00 1.893391737634983940e+01 -8.598872938570794489e+00 -2.086654911678470370e+01 -5.918146031775393112e-01 2.999999999549748608e+01 2.755115438628135038e+01 2.909022392117572409e+01 -2.954989145465334133e+01 3.000000000000000000e+01 3.000000000000000000e+01 3.000000000000000000e+01 2.501014319897454374e+00 1.041649371836354376e+01 6.624986123209319899e-02 3.000000000000000000e+01 2.914742202938857574e+01 2.539968735610354500e+01 3.000000000000000000e+01 2.540899666296287052e+01 2.999999999999999645e+01
0.000000000000000000e+00 0.000000000000000000e+00 0.000000000000000000e+00 0.000000000000000000e+00 0.000000000000000000e+00 2.827064715798993788e+01 -8.154602961211548262e+00 -2.090975083193324835e+01 1.995666410472576757e+01 2.447821390899461491e+01 2.012536899842815430e+01 1.281081861198188321e+01 1.859385676907119134e+01 1.706774746042136570e+01 1.946217827481082452e+01 2.158408763805453034e+01 -1.478211850175890518e+00 8.373238064643743206e-01 0.000000000000000000e+00 2.332311131209173993e+01 1.678091845985512975e+01 2.892384144555578374e+01 1.867506872806734819e+01 -1.816656511174566191e+01 2.103752715383092209e+01
0.000000000000000000e+00 0.000000000000000000e+00 0.000000000000000000e+00 0.000000000000000000e+00 0.000000000000000000e+00 1.796274486823769578e+01 4.502931807574587886e+00 2.846118439355604934e+01 1.487125007864939619e+01 1.711010431953552668e+01 8.275746168241841616e+00 6.264279190727102542e-02 5.597633055526766377e+00 3.745443829509262468e+00 8.017604251053370490e+00 4.199283345016501023e+00 -2.026766683623290177e+01 -1.012661559418674351e+01 -1.258333918768518665e-03 2.996577454385133876e+01 1.171911132837294822e+01 3.000000000000000000e+01 -8.708874106018434702e+00 2.963174769059487090e+01 2.892241477163918972e+01
0.000000000000000000e+00 0.000000000000000000e+00 0.000000000000000000e+00 0.000000000000000000e+00 0.000000000000000000e+00 1.899072449445357336e+01 2.026285772838168597e+01 2.761103313548300164e+01 5.868380607290133888e+00 7.217653527402588587e+00 1.127292333476636488e+00 -8.420369064566246564e-02 0.000000000000000000e+00 1.183747340481574326e-03 -1.142064032590876188e+01 0.000000000000000000e+00 1.811267514647433075e+01 2.525159705875492477e+01 -1.514891201295589163e+01 2.685340763440366629e+01 2.983419705937500943e+00 1.449012336881784613e+01 2.551756029371072998e+01 -3.000000000000000000e+01 1.647946849104519984e+01
0.000000000000000000e+00 0.000000000000000000e+00 0.000000000000000000e+00 0.000000000000000000e+00 0.000000000000000000e+00 8.122985669162165578e+00 1.521694326348071868e+01 2.275279391860425449e+01 1.976688328457788302e+00 -2.532074149707457700e+00 0.000000000000000000e+00 -1.616846728618985551e+01 -6.573420772616302143e-02 0.000000000000000000e+00 -1.738318322483977241e+01 0.000000000000000000e+00 -5.322764852343656372e+00 8.479200357410427102e+00 2.187140847318112691e+01 -1.924701663708897925e+01 0.000000000000000000e+00 -6.815159547053579736e+00 1.292435553295566208e+01 2.551865392390208953e+01 8.871575921876805992e+00
0.000000000000000000e+00 0.000000000000000000e+00 0.000000000000000000e+00 0.000000000000000000e+00 0.000000000000000000e+00 3.896610182526617089e-02 8.316113223137339361e+00 1.546843942945966432e+01 0.000000000000000000e+00 -1.930066562331226265e+01 0.000000000000000000e+00 -2.035187385774212387e+01 -2.872634349431029577e+01 0.000000000000000000e+00 2.039523644120569301e+00 0.000000000000000000e+00 2.176844940434254738e+01 -1.633653421517160353e+01 7.287469054660022039e+00 1.428326359420163394e+00 0.000000000000000000e+00 -1.677624403536768583e+01 1.127086991932250726e+01 2.325446056969269204e+00 -3.547038412248231243e+00
0.000000000000000000e+00 0.000000000000000000e+00 0.000000000000000000e+00 0.000000000000000000e+00 0.000000000000000000e+00 0.000000000000000000e+00 4.149214547834710665e+00 7.077733225192819333e+00 0.000000000000000000e+00 -2.039772319659434530e+01 0.000000000000000000e+00 2.999999999999999645e+01 -2.790328151291323877e+01 -5.199541285037312832e+00 2.461746497888739427e+01 0.000000000000000000e+00 1.259520995554933620e+01 2.999999999999999645e+01 -1.902409930224112955e+01 2.968991761464535273e+01 0.000000000000000000e+00 -1.195712395244592408e+01 1.461383861885327740e+01 2.394024952476763701e+01 1.294898673514069820e+01
0.000000000000000000e+00 0.000000000000000000e+00 0.000000000000000000e+00 0.000000000000000000e+00 0.000000000000000000e+00 0.000000000000000000e+00 2.496976934698421413e+00 4.931870039078032897e-01 0.000000000000000000e+00 3.000000000000000000e+01 0.000000000000000000e+00 3.000000000000000000e+01 3.000000000000000000e+01 -2.044370132153518682e+01 1.175560313339446239e+01 0.000000000000000000e+00 5.398095616762432075e-02 2.326883204084134249e+01 3.000000000000000000e+01 2.054755237121462130e+01 0.000000000000000000e+00 2.913974371187965673e+01 -5.112518396042426971e+00 -1.261651338987159088e+00 -4.474557323597629477e+00
0.000000000000000000e+00 0.000000000000000000e+00 0.000000000000000000e+00 0.000000000000000000e+00 0.000000000000000000e+00 0.000000000000000000e+00 -6.150259569601403131e-02 0.000000000000000000e+00 0.000000000000000000e+00 2.405798171078805581e+01 0.000000000000000000e+00 2.043736512993064380e+01 2.184142186992982815e+01 -1.031811574628848094e+00 -4.088978890719584314e+00 0.000000000000000000e+00 0.000000000000000000e+00 5.935978484152868440e+00 2.125048067363549364e+01 -1.417898104114559743e+00 0.000000000000000000e+00 2.019925738335063059e+01 2.087980565107342557e+01 -7.003491866384697673e+00 -1.388498720115449458e+01
0.000000000000000000e+00 0.000000000000000000e+00 0.000000000000000000e+00 0.000000000000000000e+00 0.000000000000000000e+00 0.000000000000000000e+00 -3.959093266290005353e+00 -4.190876295269221785e+00 0.000000000000000000e+00 1.826739211018141518e+01 0.000000000000000000e+00 9.251584117446631339e+00 1.022424366814466801e+01 2.123413009710972132e-01 2.824934582236397151e+00 0.000000000000000000e+00 -3.386560146386798401e-06 -2.459010587457880703e+00 -1.059675780891296437e+00 4.762845076801747624e+00 0.000000000000000000e+00 1.617589546805203327e+01 -8.630977404244596585e+00 7.394783013575589870e+00 -1.341889240495585867e+01
0.000000000000000000e+00 0.000000000000000000e+00 0.000000000000000000e+00 0.000000000000000000e+00 0.000000000000000000e+00 0.000000000000000000e+00 -1.681653882028451363e+01 -1.242887281262594357e+01 -4.028355494204593157e+00 -1.001813299477989361e+00 0.000000000000000000e+00 0.000000000000000000e+00 4.449296498493012231e-01 2.122452310679446441e+01 -2.948232691017098173e+00 0.000000000000000000e+00 -5.126684961811171171e+00 7.729219036528846232e+00 -2.508470481141428898e+00 8.385277950171511563e+00 0.000000000000000000e+00 7.434302501822918907e-02 -1.569103409817693873e+01 -9.002060785299647039e-01 -2.085284023905405704e+01
0.000000000000000000e+00 0.000000000000000000e+00 0.000000000000000000e+00 0.000000000000000000e+00 0.000000000000000000e+00 0.000000000000000000e+00 -2.285839704677479034e+01 -2.297541683786275257e+01 -1.622167733954928437e+01 -1.058683973305138792e+01 0.000000000000000000e+00 -4.129792408026226602e-01 -1.670295931779574916e+00 -8.516954274235756017e+00 2.485896684478780816e-01 0.000000000000000000e+00 -1.677380688391906816e+01 8.683831840610958808e-03 -2.889667457066039002e+00 3.307043410263397654e+00 0.000000000000000000e+00 0.000000000000000000e+00 -2.330070497408074814e+01 -1.417537507654975926e+01 -2.367484136029375819e+01
0.000000000000000000e+00 0.000000000000000000e+00 0.000000000000000000e+00 0.000000000000000000e+00 -5.190367809781445407e-01 0.000000000000000000e+00 2.799540042216472813e+01 2.983404503019887599e+01 2.999999999999999645e+01 -1.473230210912543292e+01 0.000000000000000000e+00 -6.290750971166078287e+00 9.873427707357702587e+00 2.311724005917912095e+01 -1.370990012916396594e+01 0.000000000000000000e+00 -9.235838299286758257e+00 0.000000000000000000e+00 2.389774669201949564e+01 7.583877712854755870e+00 0.000000000000000000e+00 -1.972195776735269357e+00 2.856848003307325712e+01 -2.119657909648304539e+01 2.501585791512927770e+01
0.000000000000000000e+00 0.000000000000000000e+00 0.000000000000000000e+00 0.000000000000000000e+00 -5.020637025742110460e+00 0.000000000000000000e+00 1.758393010668714496e+01 2.234445546569049412e+01 1.816475017667755409e+01 -2.768655134459806888e+01 0.000000000000000000e+00 -2.117830489554507167e+01 5.481480548231860463e-03 -6.296182314744179997e+00 1.852320078998376118e+01 0.000000000000000000e+00 -1.049305869998805640e+01 -2.644199421543866446e+00 1.777174618964005193e+00 -1.863849947724141254e+00 0.000000000000000000e+00 -8.653390679118770024e+00 1.337693336509611264e+01 3.000000000000000000e+01 1.724367116862379490e+01
0.000000000000000000e+00 -1.385701387624992842e+00 -7.677421559173611305e-03 0.000000000000000000e+00 -8.508506928340162645e+00 0.000000000000000000e+00 4.195376473103052284e+00 -1.777341523530690282e+01 1.026490444621328813e+01 3.000000000000000000e+01 0.000000000000000000e+00 -2.063012757043465228e+01 -3.220496968442128072e+00 2.006776240749601570e+01 1.421899803939182227e+01 0.000000000000000000e+00 -1.002135998392008176e+01 -1.348218817757269505e+01 0.000000000000000000e+00 5.494666189692015479e+00 0.000000000000000000e+00 -1.333347003818206389e+01 2.459288396052075609e-01 2.588363142512821113e+01 2.445167431627650600e+00
0.000000000000000000e+00 -3.762479720496585411e+00 -2.649112532113588436e+00 -1.603409871225146111e+00 -9.516218093553009183e+00 0.000000000000000000e+00 -9.691127922665796035e+00 -1.078231324610804265e+01 -3.441580066610243183e+00 1.206098539196228892e+00 0.000000000000000000e+00 3.345391522881999702e+00 -1.823893763098977772e+01 3.265046434766836342e-02 6.791351418150309849e-01 0.000000000000000000e+00 4.977736509865687831e-01 -1.090313681228364651e+01 -2.430983438489697779e-01 -1.092339838664009299e+01 0.000000000000000000e+00 -1.221354484612613334e+01 -1.717928707741248395e+00 -6.032269754523484906e+00 -2.293220838064599310e+00
0.000000000000000000e+00 -1.724277701239220306e+01 -1.198715010814249382e+01 -1.626529659167046304e+01 -1.066953724666569769e+01 0.000000000000000000e+00 -1.455065825696369508e+01 -2.100273603883388063e+01 -1.247802680672935516e+01 2.999999999999999645e+01 0.000000000000000000e+00 6.110499993171682576e+00 -2.790080820800944750e+01 -8.840256724300974867e+00 -1.871806430628096507e+01 0.000000000000000000e+00 1.832345694656283897e+01 2.992838247139656360e+01 -1.448485361994331200e+01 -1.571409972298757474e+01 0.000000000000000000e+00 -2.425406945901836053e+01 -1.003229415495627208e+01 -2.140445507507946843e+01 -2.373807861803010955e+00
0.000000000000000000e+00 -2.705738622765607815e+01 -2.363410697837116103e+01 -2.489970771331439892e+01 -1.951866007372682432e+01 0.000000000000000000e+00 -1.902587844498336977e+01 -2.376075848313584160e+01 3.000000000000000000e+01 2.699706477591908538e+01 0.000000000000000000e+00 1.530813258253037112e+01 2.795306346002625020e+01 -2.560983741729648600e+01 3.000000000000000000e+01 0.000000000000000000e+00 2.079536823632541598e+01 1.319420188616766332e+01 -3.000000000000000000e+01 -2.577495133296028484e+01 0.000000000000000000e+00 -1.767368673578357274e+01 -2.210512971214647493e+01 -2.698667019640063103e+01 -1.902318088406522634e+01
0.000000000000000000e+00 2.930367148281501954e+01 3.000000000000000000e+01 3.000000000000000000e+01 3.000000000000000000e+01 0.000000000000000000e+00 1.369486860554050089e+01 3.000000000000000000e+01 1.409481194413253746e+01 1.693808036679382312e+01 0.000000000000000000e+00 1.029058791743038626e+01 1.881168355541745285e+01 3.000000000000000000e+01 1.656840394638532032e+01 0.000000000000000000e+00 1.291533834195211305e+01 1.291187160038500181e+01 2.245095909340140494e+01 2.999999999999999645e+01 0.000000000000000000e+00 3.000000000000000000e+01 3.000000000000000000e+01 3.000000000000000000e+01 3.000000000000000000e+01
0.000000000000000000e+00 2.673795959654334098e+01 1.974559486675273945e+01 2.124751890869388760e+01 1.891515762946581347e+01 0.000000000000000000e+00 1.800404265222037736e+01 2.183587363038682128e+01 1.455026715522190317e+00 7.968280224684959556e+00 0.000000000000000000e+00 0.000000000000000000e+00 1.382160852289621822e+01 2.160693083994827290e+01 5.990241382775912449e+00 0.000000000000000000e+00 8.989122161257791177e+00 1.357572817218060779e+00 1.829479483307446941e+01 2.696371593706932757e+01 0.000000000000000000e+00 2.703633879691211916e+01 1.692705017573802451e+01 2.352993237628193057e+01 1.786285287207571670e+01
0.000000000000000000e+00 2.060351406690437770e+01 1.114614846353028987e+01 3.000000000000000000e+01 -1.155880609583143936e+01 0.000000000000000000e+00 9.576300271706104539e+00 6.582220768721135151e+00 -5.778341629262846446e+00 1.192686647049515614e+01 0.000000000000000000e+00 0.000000000000000000e+00 1.816657538606218036e+00 1.209569338176146225e+01 -5.027464641901058684e+00 0.000000000000000000e+00 1.101165921451092045e+00 -1.424499028964984371e+00 2.797198588302236644e+01 3.000000000000000000e+01 0.000000000000000000e+00 2.215558936437869875e+01 2.248881459550223116e+00 9.700896051080945881e+00 1.354668867415203870e+01
0.000000000000000000e+00 1.490804282356156918e+01 8.061569650076095828e-01 -1.946762489915307537e+00 2.541661749279575488e+01 0.000000000000000000e+00 2.481954755846806471e+00 1.146807712519321232e+00 2.890244462045350105e+01 -1.401128928936354257e+01 0.000000000000000000e+00 0.000000000000000000e+00 0.000000000000000000e+00 -7.253324792868374615e+00 -1.898401252239565906e+01 0.000000000000000000e+00 0.000000000000000000e+00 -1.797985443697632846e+01 2.094375484324008596e+01 2.092564426682032419e+01 0.000000000000000000e+00 1.950732376483763630e+01 0.000000000000000000e+00 4.651321582626369994e-02 4.894017560557464286e+00
0.000000000000000000e+00 -6.585254075462004808e-01 -6.099940002727231914e+00 2.070527507249324994e+00 1.530890117500585124e+00 0.000000000000000000e+00 0.000000000000000000e+00 -7.692416038859002825e+00 -5.806421078696984317e+00 -2.952368204354801851e+00 0.000000000000000000e+00 0.000000000000000000e+00 -1.397004990137731051e+00 6.235742527670153912e+00 1.161527706780813851e+01 0.000000000000000000e+00 0.000000000000000000e+00 -4.458063693458561794e+00 -8.394613340350247199e+00 -1.778504093245433682e+00 0.000000000000000000e+00 3.750908611513537494e+00 0.000000000000000000e+00 0.000000000000000000e+00 8.611975655328082610e-04
0.000000000000000000e+00 0.000000000000000000e+00 0.000000000000000000e+00 0.000000000000000000e+00 0.000000000000000000e+00 0.000000000000000000e+00 0.000000000000000000e+00 0.000000000000000000e+00 0.000000000000000000e+00 0.000000000000000000e+00 0.000000000000000000e+00 0.000000000000000000e+00 0.000000000000000000e+00 0.000000000000000000e+00 0.000000000000000000e+00 0.000000000000000000e+00 0.000000000000000000e+00 0.000000000000000000e+00 0.000000000000000000e+00 0.000000000000000000e+00 0.000000000000000000e+00 0.000000000000000000e+00 0.000000000000000000e+00 0.000000000000000000e+00 0.000000000000000000e+00
0.000000000000000000e+00 0.000000000000000000e+00 0.000000000000000000e+00 0.000000000000000000e+00 0.000000000000000000e+00 0.000000000000000000e+00 0.000000000000000000e+00 0.000000000000000000e+00 0.000000000000000000e+00 0.000000000000000000e+00 0.000000000000000000e+00 0.000000000000000000e+00 0.000000000000000000e+00 0.000000000000000000e+00 0.000000000000000000e+00 0.000000000000000000e+00 0.000000000000000000e+00 0.000000000000000000e+00 0.000000000000000000e+00 0.000000000000000000e+00 0.000000000000000000e+00 0.000000000000000000e+00 0.000000000000000000e+00 0.000000000000000000e+00 0.000000000000000000e+00
0.000000000000000000e+00 0.000000000000000000e+00 0.000000000000000000e+00 0.000000000000000000e+00 0.000000000000000000e+00 0.000000000000000000e+00 0.000000000000000000e+00 0.000000000000000000e+00 0.000000000000000000e+00 0.000000000000000000e+00 0.000000000000000000e+00 0.000000000000000000e+00 0.000000000000000000e+00 0.000000000000000000e+00 0.000000000000000000e+00 0.000000000000000000e+00 0.000000000000000000e+00 0.000000000000000000e+00 0.000000000000000000e+00 0.000000000000000000e+00 0.000000000000000000e+00 0.000000000000000000e+00 0.000000000000000000e+00 0.000000000000000000e+00 0.000000000000000000e+00
0.000000000000000000e+00 0.000000000000000000e+00 0.000000000000000000e+00 0.000000000000000000e+00 0.000000000000000000e+00 0.000000000000000000e+00 0.000000000000000000e+00 0.000000000000000000e+00 0.000000000000000000e+00 0.000000000000000000e+00 0.000000000000000000e+00 0.000000000000000000e+00 0.000000000000000000e+00 0.000000000000000000e+00 0.000000000000000000e+00 0.000000000000000000e+00 0.000000000000000000e+00 0.000000000000000000e+00 0.000000000000000000e+00 0.000000000000000000e+00 0.000000000000000000e+00 0.000000000000000000e+00 0.000000000000000000e+00 0.000000000000000000e+00 0.000000000000000000e+00
0.000000000000000000e+00 2.117928430401897444e+01 2.829640098825933947e+01 3.049072965034544946e-01 -3.795692338848551284e+00 0.000000000000000000e+00 1.538718664512926937e+00 -1.415701444207390480e+01 2.000258927976456036e+01 -1.304487914461888565e+01 0.000000000000000000e+00 -1.648801975454439273e+01 2.999999999997433164e+01 1.405677750999657150e+01 2.539971583884897299e+00 0.000000000000000000e+00 -8.995839524489895211e+00 0.000000000000000000e+00 2.460518308830316858e+00 2.127568617099831272e+01 0.000000000000000000e+00 0.000000000000000000e+00 0.000000000000000000e+00 0.000000000000000000e+00 0.000000000000000000e+00
0.000000000000000000e+00 1.051106132538229154e+01 1.150876506705727564e+01 -2.376365652972369347e+01 3.000000000000000000e+01 0.000000000000000000e+00 2.045962194268490464e+01 2.966651603198640430e+01 1.685483644669050918e+01 1.503444350957364506e+00 0.000000000000000000e+00 2.583980921815958176e+00 -1.014473835778292754e+00 -1.236641896436145238e+01 8.266767015511163663e+00 0.000000000000000000e+00 -2.875238412770465146e+01 0.000000000000000000e+00 0.000000000000000000e+00 1.038095813148743041e+01 0.000000000000000000e+00 0.000000000000000000e+00 0.000000000000000000e+00 0.000000000000000000e+00 0.000000000000000000e+00
0.000000000000000000e+00 -9.250175402346638265e+00 -4.301456737972801925e+00 2.713084085307126614e+01 3.000000000000000000e+01 0.000000000000000000e+00 7.636704368575880864e+00 1.277987289261882076e+01 -9.016251829160001563e+00 1.907508707341028842e+00 0.000000000000000000e+00 2.243183359325328752e+01 -1.074142393829713527e+01 -3.000000000000000000e+01 2.071781467492511197e+01 0.000000000000000000e+00 2.942483245154236116e+01 0.000000000000000000e+00 0.000000000000000000e+00 0.000000000000000000e+00 0.000000000000000000e+00 0.000000000000000000e+00 0.000000000000000000e+00 0.000000000000000000e+00 0.000000000000000000e+00
-1.139201083167673101e+00 -1.922911405650112471e+01 7.921087122488152943e+00 1.012649364696923016e+01 2.243406459698889677e+01 0.000000000000000000e+00 -1.241637041408442332e+00 1.941246488123258374e+01 1.099943369226992651e+01 2.355626512440614206e+01 0.000000000000000000e+00 8.365120017389468643e+00 9.845813335278046807e+00 9.077047132225690262e+00 2.504460203963988274e+00 0.000000000000000000e+00 1.988557359823355952e+01 0.000000000000000000e+00 0.000000000000000000e+00 -1.000758205862026129e+00 0.000000000000000000e+00 0.000000000000000000e+00 0.000000000000000000e+00 0.000000000000000000e+00 0.000000000000000000e+00
-5.840405854085255477e+00 1.732948737036893405e+01 2.314948458628044037e+01 7.775819171998456625e+00 9.541930899136252364e+00 0.000000000000000000e+00 -8.874760912241894673e+00 -8.147664369430195563e+00 9.189889381764183796e+00 2.058817814922355893e+01 0.000000000000000000e+00 -1.498721951469860514e+01 9.367928204492559363e-03 -2.397137062316219147e+00 1.298867584820346721e+01 0.000000000000000000e+00 7.784894180825078003e+00 0.000000000000000000e+00 0.000000000000000000e+00 -7.383197176104190795e+00 0.000000000000000000e+00 0.000000000000000000e+00 0.000000000000000000e+00 0.000000000000000000e+00 0.000000000000000000e+00
-8.824661182623646738e+00 -7.133178022904360649e-01 5.589192519883696697e+00 7.668290093543862762e-02 -8.606189250812439795e+00 -1.806511234300068602e-01 -5.675650468445192942e+00 1.082011031691568803e+01 3.656105565953278180e+00 -5.423119936131666208e+00 0.000000000000000000e+00 4.008627674774183802e+00 -1.876454459102323558e+00 -1.367693918501903205e+01 2.404188198430234014e+00 -4.749356412713075931e-02 -2.396281246100268325e-01 0.000000000000000000e+00 -9.089319851447637266e-02 -1.253432739794922668e+01 0.000000000000000000e+00 0.000000000000000000e+00 0.000000000000000000e+00 0.000000000000000000e+00 0.000000000000000000e+00
-9.856702841719330976e+00 1.721488030371563127e+01 -2.627433393621416258e+00 -7.038549862782654820e+00 1.035189469990568867e+01 -1.219310552006029802e+01 -9.037213142658397924e-01 -2.160121875281038939e+00 -4.487986096240966560e+00 5.935087870016861444e+00 -3.798958009939220476e-02 -2.200146348766337923e+01 -1.103876146783559697e+01 -1.841193959567034355e+01 -3.631907796077643358e+00 -3.643421293825499507e+00 -8.356879813662802192e+00 -7.151122870307330404e-01 -2.095340222440832623e+00 -1.613387804166585582e+01 0.000000000000000000e+00 0.000000000000000000e+00 0.000000000000000000e+00 0.000000000000000000e+00 0.000000000000000000e+00
-1.212014699412439178e+01 -8.000521214234373346e+00 -7.151298791768110341e+00 -1.610068818560883130e+01 -9.592685068625439015e+00 -2.263726514098466680e+01 -2.091872680971759380e+01 -1.319553778578716852e+01 -2.746846021479336031e+01 -1.766606598629890001e+01 -7.318539055175858898e+00 -8.729159121253504239e+00 -1.256893442366304292e+01 -8.283265900962415884e+00 -9.759657524171890586e+00 -1.551107202392650386e+01 -8.143298518783979034e+00 -1.282984315654094587e+01 -4.462874377659737490e+00 -1.775254965589132894e+01 0.000000000000000000e+00 0.000000000000000000e+00 0.000000000000000000e+00 0.000000000000000000e+00 0.000000000000000000e+00
-2.077573675021527677e+01 -2.841515096703225751e+01 -1.210210383763046238e+01 -2.999999999999999645e+01 -1.772756745959978275e+01 -2.417983308779402307e+01 1.853052300255998119e+01 -2.875135559711461042e+01 2.339073302651447150e+01 -2.400725516787342428e+01 -2.043816394021630600e+01 1.824403084133957265e+01 -2.429738999526289334e+01 2.012508300451091614e+01 -2.171252044227205147e+01 -2.717668813104925363e+01 -9.924087423455532075e+00 -1.510910150214740533e+01 -7.935413634619815859e+00 -2.243157155975720229e+01 0.000000000000000000e+00 0.000000000000000000e+00 0.000000000000000000e+00 0.000000000000000000e+00 0.000000000000000000e+00
3.000000000000000000e+01 3.000000000000000000e+01 -3.000000000000000000e+01 2.999999999999999645e+01 2.866934560277736921e+01 3.000000000000000000e+01 1.050266883144794150e+01 2.234588972282799091e+01 1.543613762081514018e+01 3.000000000000000000e+01 2.901184008170429252e+01 4.733679271117112286e+00 2.282534048363753598e+01 3.550307799959775412e+00 2.969755737594615042e+01 2.551976731959782541e+01 5.956845298602104322e+00 -1.184538689410462275e+01 -9.294813446748200647e+00 2.555343562160399529e+01 0.000000000000000000e+00 0.000000000000000000e+00 0.000000000000000000e+00 0.000000000000000000e+00 0.000000000000000000e+00
2.084916064568617600e+01 2.988255618747033537e+01 2.776908118924256286e+01 2.524795377715858180e+01 1.579747452399810115e+01 2.246146132817991870e+01 7.020952353146680203e+00 1.651307106326063945e+01 1.460891422542951368e+01 2.084110535817169207e+01 1.547032087472008932e+01 0.000000000000000000e+00 6.295027397608726538e+00 0.000000000000000000e+00 1.687802751933142176e+01 2.213071141583766632e+01 1.384337709826719909e+01 -1.694379340083968444e+01 -3.527472524513068475e+00 2.311745030323889338e+01 0.000000000000000000e+00 0.000000000000000000e+00 0.000000000000000000e+00 0.000000000000000000e+00 0.000000000000000000e+00
2.419900185468821263e+01 -3.582154245370982037e-01 1.530303221864289043e+01 3.000000000000000000e+01 1.030275054511501232e+01 2.722817231963319173e+01 -4.838019057822798175e+00 7.412467106839234710e+00 1.709338996502498631e+01 8.303759681840055862e+00 3.174011350483319838e+00 0.000000000000000000e+00 2.865372889521411101e-03 -8.265831864866125533e-01 2.359005562433514225e+00 1.457177264919696746e+01 1.001784977082311023e+01 -2.113031649722615057e+01 9.748415339135595659e+00 1.370684307026262516e+01 0.000000000000000000e+00 0.000000000000000000e+00 0.000000000000000000e+00 0.000000000000000000e+00 0.000000000000000000e+00
8.964817912515044895e+00 2.824864143821891460e+01 -1.506832304095228459e+01 2.210004567585607305e+01 3.861320437367357972e+00 1.652768097672733916e+01 2.142290173952375554e+01 -1.165915028189737335e+01 6.004406462372465114e+00 1.836682571444426745e-02 -1.665516479205464506e+01 0.000000000000000000e+00 0.000000000000000000e+00 -1.449450896769534047e+01 5.318612030549985624e-03 5.578641655022146040e+00 3.604515292491590195e+00 2.286768607800988562e+01 1.171567770103109574e+01 9.552003379411535988e+00 0.000000000000000000e+00 0.000000000000000000e+00 0.000000000000000000e+00 0.000000000000000000e+00 0.000000000000000000e+00
-1.655123245363782303e+00 1.470881713647656142e+01 1.697468828440264588e+01 4.975638975679212095e+00 0.000000000000000000e+00 4.938215831897748154e-01 7.973756295406210448e+00 2.081476096842489198e+01 -1.511291705412606490e+01 0.000000000000000000e+00 -2.487804431137678662e+01 -4.407346497533740859e+00 -2.825977324536271471e-02 -3.000000000000000000e+01 0.000000000000000000e+00 -7.700171341762961141e+00 2.925896712546105505e-01 2.096753535048174655e+01 1.333499797220799188e+01 2.876610945526121288e+00 0.000000000000000000e+00 0.000000000000000000e+00 0.000000000000000000e+00 0.000000000000000000e+00 0.000000000000000000e+00
1.827863751240620260e+01 2.970490586050535953e+01 2.222568626544951798e+00 -1.407373336225718319e+01 0.000000000000000000e+00 -3.903962880141393033e+00 -3.579832732222228309e+00 6.629864240584797841e+00 2.818942349403472036e+01 0.000000000000000000e+00 2.205709493855702874e+01 -2.237639185858363788e+01 -1.080941148280766839e+01 2.785163103636951831e+01 0.000000000000000000e+00 -1.885183406772290482e+01 0.000000000000000000e+00 1.321226834793596616e+01 6.082584290525700155e+00 8.372190918683646010e-02 0.000000000000000000e+00 0.000000000000000000e+00 0.000000000000000000e+00 0.000000000000000000e+00 0.000000000000000000e+00
5.020265069588073281e+00 2.190370583884689282e+01 5.167787834507870492e+00 -2.192695106969002339e+01 0.000000000000000000e+00 -2.303374733822318277e+01 -1.646526003021173068e+01 1.096458955862877720e-02 2.011191660375679291e+01 0.000000000000000000e+00 1.260976122333574700e+01 3.000000000000000000e+01 -2.480116638926423889e+01 1.708940359526765107e+01 0.000000000000000000e+00 -2.345174016811500195e+01 0.000000000000000000e+00 1.208806029305177177e+01 1.693444703495684101e+00 0.000000000000000000e+00 0.000000000000000000e+00 0.000000000000000000e+00 0.000000000000000000e+00 0.000000000000000000e+00 0.000000000000000000e+00
-4.475676260411660223e+00 3.277028107304285065e+00 4.719193634650598490e+00 2.804985017336656128e+01 0.000000000000000000e+00 2.782263179533710939e+01 2.870134365008329169e+01 -1.218046960006837054e+01 1.054900760754152422e+01 0.000000000000000000e+00 -6.506579095632809562e+00 2.327926456519595533e+01 3.000000000000000000e+01 3.390354452186939316e+00 0.000000000000000000e+00 2.495963549561105665e+01 0.000000000000000000e+00 5.343190245105233771e+00 1.578250459287180996e-01 0.000000000000000000e+00 0.000000000000000000e+00 0.000000000000000000e+00 0.000000000000000000e+00 0.000000000000000000e+00 0.000000000000000000e+00
-1.133153604476849274e+01 -1.884290173006638813e+00 -7.209387556555720167e+00 2.084198435109941627e+01 0.000000000000000000e+00 2.408444953541465594e+01 1.958875274209912121e+01 -4.572888433464490809e+00 8.867795025547804688e-03 0.000000000000000000e+00 -6.448144140168116323e+00 5.547984536909333464e+00 1.976569272607162020e+01 0.000000000000000000e+00 0.000000000000000000e+00 1.822996823398931099e+01 0.000000000000000000e+00 1.885993813390828347e-02 -1.062402035359886199e-01 0.000000000000000000e+00 0.000000000000000000e+00 0.000000000000000000e+00 0.000000000000000000e+00 0.000000000000000000e+00 0.000000000000000000e+00
-2.530742088580566218e+01 2.486099598439690250e-01 2.021826225090513773e+01 1.391123834821291005e+01 0.000000000000000000e+00 9.910311120182818456e+00 4.399367589321806493e-02 2.775319400202270970e+01 0.000000000000000000e+00 0.000000000000000000e+00 1.158481235507529661e+01 1.213113973014360170e+01 2.228553553117697916e+01 0.000000000000000000e+00 0.000000000000000000e+00 8.762125556144699345e+00 -4.073973772952474981e+00 0.000000000000000000e+00 -7.386770438066975863e+00 0.000000000000000000e+00 0.000000000000000000e+00 0.000000000000000000e+00 0.000000000000000000e+00 0.000000000000000000e+00 0.000000000000000000e+00
-2.274360394758006265e+01 -2.368489302828582055e+01 -4.738934090969024737e+00 2.076128050212463272e+00 0.000000000000000000e+00 3.379019134660213641e+00 4.742397985719752462e+00 1.995660381895394053e+01 -4.345302186178452430e+00 0.000000000000000000e+00 7.493648168538126875e+00 5.949460839094852238e-01 -1.450220572895167814e+00 -1.064091034251100520e+00 0.000000000000000000e+00 -4.908955133326077913e+00 -1.616075467792514075e+01 -6.187947274593690317e-01 -1.895813673728264348e+01 0.000000000000000000e+00 0.000000000000000000e+00 0.000000000000000000e+00 0.000000000000000000e+00 0.000000000000000000e+00 0.000000000000000000e+00
-2.256971472977550519e+01 3.000000000000000000e+01 -1.683366956337710363e+01 0.000000000000000000e+00 0.000000000000000000e+00 2.399134944782125345e+01 -1.074056754758149523e+01 1.948084952957152538e+01 -9.882491018042713904e+00 0.000000000000000000e+00 8.523997983677983337e-02 1.859519850077921532e+01 -1.755786390842955513e-01 -7.583888197678508192e+00 0.000000000000000000e+00 -1.036455878173449641e+01 -2.454400569390201525e+01 -1.215797427146359588e+01 -2.752716874223743204e+01 0.000000000000000000e+00 0.000000000000000000e+00 0.000000000000000000e+00 0.000000000000000000e+00 0.000000000000000000e+00 0.000000000000000000e+00
2.926944651943511744e+01 2.916634282491984465e+01 -1.774046372058479548e+01 -7.221356478647324995e-01 0.000000000000000000e+00 1.210725503562948013e+01 -1.916887169482430053e+01 7.028253565510764744e-01 -2.152176596506684803e+01 0.000000000000000000e+00 -2.077804273502946586e+01 -1.804138090683099271e+00 7.736475605358807961e+00 -1.659671470266113502e+01 0.000000000000000000e+00 -1.954783840373731962e+01 2.242332870331985717e+01 -2.245527183526091974e+01 2.404617094398945198e+01 0.000000000000000000e+00 -1.258108158708373558e+00 0.000000000000000000e+00 0.000000000000000000e+00 0.000000000000000000e+00 0.000000000000000000e+00
1.736604211079939475e+01 1.855359208695319495e+01 2.187137966739133077e+01 -7.110774467604485061e+00 0.000000000000000000e+00 -8.267475446384032978e+00 1.183409025968339989e+01 0.000000000000000000e+00 -1.111019906930846091e+01 0.000000000000000000e+00 -2.046441605202530045e+00 2.288195678322357551e+01 7.245094485118220001e-04 -1.703177473855112112e+01 0.000000000000000000e+00 3.000000000000000000e+01 1.111471815137937824e+01 2.742001731351729177e+01 1.791032954319914694e+01 0.000000000000000000e+00 -5.993671500965776389e+00 0.000000000000000000e+00 0.000000000000000000e+00 0.000000000000000000e+00 0.000000000000000000e+00
8.196421456871670230e+00 -1.100204826916581169e+01 1.545683643897084458e+00 -1.354461165147115587e+01 0.000000000000000000e+00 2.174356216370282624e+01 -9.707824478188019010e-03 -1.407601906704121220e+00 -6.175087565624036046e+00 0.000000000000000000e+00 -4.696991832192017879e-01 -1.484896009904868253e+00 0.000000000000000000e+00 -9.993905494193013439e+00 0.000000000000000000e+00 -1.890596701612473396e+01 -1.675239480102301570e+01 -4.929207249255154188e+00 1.356126029047479253e+00 0.000000000000000000e+00 -9.116637757954991983e+00 0.000000000000000000e+00 0.000000000000000000e+00 -1.322304212418201175e+00 0.000000000000000000e+00
-1.896653104789777800e+01 -1.793480687861691125e+00 -7.836186146902307526e-01 -1.620614959127253840e+01 0.000000000000000000e+00 -6.634474821858935556e+00 -2.312188079921221107e+00 -1.358374763605526603e+01 6.636061324382801274e+00 0.000000000000000000e+00 -1.932177261928613277e+01 -1.660625427534445819e+01 -6.213074023181329453e-02 2.315014548758990998e+01 0.000000000000000000e+00 3.000000000000000000e+01 2.847213655360506124e+01 1.510403169816193447e+01 -5.386087213984805722e+00 0.000000000000000000e+00 -1.033339802148517528e+01 -2.793742991812909526e+00 -3.919038437551483511e+00 -5.568059118511923700e+00 0.000000000000000000e+00
-5.214698175562792137e+00 -2.386206491053428635e+01 -7.391535040765938369e+00 -2.325232396667324153e+01 0.000000000000000000e+00 -1.582881519305470164e+01 -1.464952615427704075e+01 -3.000000000000000000e+01 7.781599691757392634e+00 0.000000000000000000e+00 2.994177309284433619e+01 -1.336463827390005754e+01 -1.439443636807201621e+01 2.165222307656520329e+01 0.000000000000000000e+00 3.000000000000000000e+01 -1.801475493685978080e+01 -1.043284794595769505e+01 -1.295081704590550054e+01 0.000000000000000000e+00 -1.002526185719493590e+01 -1.777539022261692025e+01 -1.056003664132588860e+01 -1.709032703879215020e+01 0.000000000000000000e+00
-1.911202774685380490e+01 -2.616471304414463006e+01 -2.096748100018744054e+01 -2.289879765573423853e+01 0.000000000000000000e+00 -2.690183616196888039e+01 3.000000000000000000e+01 2.216197822547061236e+01 1.790210072434445721e+01 0.000000000000000000e+00 1.920254790274284673e+01 -2.674253727223268129e+01 -3.000000000000000000e+01 1.186084725943005580e+01 0.000000000000000000e+00 2.389253249965831216e+01 2.906284741189843146e+01 -1.795474018847551889e+01 -1.631475147858075303e+01 0.000000000000000000e+00 -1.967731606929636001e+01 -2.410834908636817886e+01 -2.232303987529294176e+01 -2.768034590351086166e+01 0.000000000000000000e+00
2.996093908076447221e+01 3.000000000000000000e+01 2.993923071615899545e+01 2.868677806117703355e+01 0.000000000000000000e+00 3.000000000000000000e+01 2.226345065251830491e+01 1.671213717935280485e+01 1.228252756880792163e+01 0.000000000000000000e+00 5.098283974861145040e+00 2.620826021939334538e+01 2.371956537765128559e+01 1.718274584094838175e+01 0.000000000000000000e+00 1.682057753870727268e+01 1.082262566381131563e+01 3.000000000000000000e+01 1.201040014157823022e+00 0.000000000000000000e+00 3.000000000000000000e+01 3.000000000000000000e+01 3.000000000000000000e+01 2.811742413427080578e+01 0.000000000000000000e+00
1.795468534695599772e+01 2.363136963171606908e+01 1.563687360930120462e+01 2.360876239517026320e+01 0.000000000000000000e+00 2.477765487626047047e+01 1.669986031510441293e+01 3.291624665154592844e+00 7.307068386159548901e+00 0.000000000000000000e+00 -5.799441119996486815e-01 1.444741768185554065e+01 1.508252332727497524e+01 1.009624312485150988e+01 0.000000000000000000e+00 1.192635112637466754e+01 4.072287638602480331e-01 2.005211133412626268e+01 1.599764230272328724e+01 0.000000000000000000e+00 1.805847493313414276e+01 2.096690135395050802e+01 1.681200480555926902e+01 2.477120477443687463e+01 0.000000000000000000e+00
1.081982514524326788e+01 1.379888814493044968e+01 9.537907551398803196e-01 1.505425544185152731e+01 0.000000000000000000e+00 2.751466248669910541e+01 2.455834010072708296e+01 -1.598444975291939851e+00 2.257406419976610568e-01 0.000000000000000000e+00 -1.519824710810613588e+01 5.514148328803138988e+00 7.571481567615091279e+00 3.775534201707046039e-02 0.000000000000000000e+00 8.845467604978254350e-01 -2.735810192893802645e-02 3.368466760536360738e+00 9.343227265636093293e+00 0.000000000000000000e+00 -6.287715033847917745e+00 2.121752464563586216e+01 7.458640203411404990e+00 1.738421560055260429e+01 0.000000000000000000e+00
5.904287436060368321e+00 7.576934668199971634e-01 0.000000000000000000e+00 1.006944136427646264e+01 0.000000000000000000e+00 3.866758435008093464e+00 1.611196652289982367e+01 -1.861085638026490585e+01 0.000000000000000000e+00 0.000000000000000000e+00 2.073683307789514529e+01 -1.308824246359809251e+01 3.196194631537837942e-03 0.000000000000000000e+00 0.000000000000000000e+00 -1.199668232013079816e+01 -1.421827534391849746e+01 3.496581298046955860e-02 2.519710805411691013e+00 0.000000000000000000e+00 1.845481579455474019e+01 1.027321132152936656e+01 -6.047685125284991692e+00 7.672574420159367747e+00 0.000000000000000000e+00
5.172118800526778748e-02 0.000000000000000000e+00 0.000000000000000000e+00 2.262200058503032629e+00 0.000000000000000000e+00 -1.265846297979264179e+01 6.114812992337010922e-01 -2.958798578636390886e+01 0.000000000000000000e+00 0.000000000000000000e+00 -7.937598756181185600e+00 4.128581304741818059e+00 -3.827466192195774664e+00 0.000000000000000000e+00 0.000000000000000000e+00 1.999463589474332004e+00 9.393160187993414567e+00 -2.453745141008108546e-02 1.685924633826502183e-04 0.000000000000000000e+00 1.062564245697192966e+01 -6.015520520945830896e+00 -1.232709011774819530e+01 -4.737297847181748400e-01 0.000000000000000000e+00
0.000000000000000000e+00 0.000000000000000000e+00 0.000000000000000000e+00 3.574393767450668724e-01 0.000000000000000000e+00 -1.385445776644940175e+01 -1.321121493516457868e+01 3.000000000000000000e+01 0.000000000000000000e+00 0.000000000000000000e+00 1.794160550759835715e+01 1.761326293135250509e+01 -7.682104221278705403e+00 0.000000000000000000e+00 0.000000000000000000e+00 -1.977235286170095918e+01 1.162000539640643915e+01 -9.507712798825217249e+00 0.000000000000000000e+00 0.000000000000000000e+00 7.795501746921384090e+00 -2.249924120833699348e+01 -1.968941349827501952e+01 -1.447547729590439403e+01 0.000000000000000000e+00
0.000000000000000000e+00 0.000000000000000000e+00 0.000000000000000000e+00 0.000000000000000000e+00 0.000000000000000000e+00 -2.190801566295646197e+01 -2.162922296868696392e+01 2.310363422715844095e+01 -3.306287356115102105e-02 0.000000000000000000e+00 7.080254508481460540e+00 -8.642264536164498523e+00 4.554726365530022747e+00 0.000000000000000000e+00 0.000000000000000000e+00 2.098239112032382181e+01 -3.253349322786170283e+00 2.584191587881342045e+01 0.000000000000000000e+00 0.000000000000000000e+00 -5.916106075574273149e+00 2.603357219955575275e+01 4.577544860184442399e+00 -2.150544131728533870e+01 0.000000000000000000e+00
0.000000000000000000e+00 0.000000000000000000e+00 0.000000000000000000e+00 0.000000000000000000e+00 0.000000000000000000e+00 2.601113537835427092e+00 3.569718681561799389e+00 4.444882435913377172e+00 -6.698582761224411541e+00 0.000000000000000000e+00 -9.888848957873833001e+00 -1.238762197133320520e+01 -1.745392655163741225e+01 0.000000000000000000e+00 0.000000000000000000e+00 1.424641298961304425e+00 -1.679352751343770223e+01 1.149757414001369549e+00 0.000000000000000000e+00 0.000000000000000000e+00 -7.075879645566811149e+00 2.741821747449122526e+01 2.496283306485177533e+01 2.676025507231789557e+00 0.000000000000000000e+00
0.000000000000000000e+00 0.000000000000000000e+00 0.000000000000000000e+00 0.000000000000000000e+00 0.000000000000000000e+00 2.393260039170526454e+01 2.237148387450087128e+01 2.893896559672808068e-07 -2.246805271264904391e+01 0.000000000000000000e+00 -2.595997838502465171e+01 -7.138365566680751506e+00 -3.000000000000000000e+01 -2.802374415398196206e+00 0.000000000000000000e+00 -1.297017381706145045e+01 2.884664957104099425e+00 -1.958137488390933711e+01 -2.919696819572664026e+00 0.000000000000000000e+00 -1.513208868675361174e+01 1.356936993032162952e+01 2.854294858926607503e+01 2.411434059658519047e+01 0.000000000000000000e+00
0.000000000000000000e+00 0.000000000000000000e+00 0.000000000000000000e+00 0.000000000000000000e+00 0.000000000000000000e+00 1.725416139643984437e+01 2.177038070985650364e+01 0.000000000000000000e+00 -2.208374804211504383e+01 0.000000000000000000e+00 2.664141642267909305e+01 -2.801995815826967728e+01 2.037459192379950679e+01 -1.256973180585329430e+01 0.000000000000000000e+00 -1.516854311763820817e+01 1.535167526696477225e+01 2.891668320009388182e+01 -1.560142922493627360e+01 0.000000000000000000e+00 -3.000000000000000000e+01 1.192059485236476313e+00 1.162898968011316292e+01 1.730405792366632056e+01 0.000000000000000000e+00
0.000000000000000000e+00 0.000000000000000000e+00 0.000000000000000000e+00 0.000000000000000000e+00 0.000000000000000000e+00 8.101712177844937912e+00 1.025957371272033036e+01 0.000000000000000000e+00 3.000000000000000000e+01 0.000000000000000000e+00 1.856025416587307220e+01 3.000000000000000000e+01 -2.619715917179643583e+00 -2.057465429803691492e+01 0.000000000000000000e+00 3.000000000000000000e+01 1.342848516026015027e+01 8.530678707569967045e+00 2.815457289856060186e+01 0.000000000000000000e+00 3.000000000000000000e+01 -1.189851361023714027e+01 -4.973835819518663826e+00 8.538973560842437749e+00 0.000000000000000000e+00
0.000000000000000000e+00 0.000000000000000000e+00 0.000000000000000000e+00 0.000000000000000000e+00 0.000000000000000000e+00 0.000000000000000000e+00 0.000000000000000000e+00 0.000000000000000000e+00 2.497609120353007839e+01 0.000000000000000000e+00 5.441266790672741216e+00 1.519881797538868895e+01 1.406093975688301256e+01 3.000000000000000000e+01 0.000000000000000000e+00 2.720303391107699298e+01 -1.266286107607718314e+00 -1.330637374827221642e+01 1.946104406997294944e+01 0.000000000000000000e+00 2.864701254514449857e+01 -2.192985458035058599e+01 -6.013534048266573784e+00 -4.079423360111938401e-01 0.000000000000000000e+00
0.000000000000000000e+00 0.000000000000000000e+00 0.000000000000000000e+00 0.000000000000000000e+00 0.000000000000000000e+00 -1.804160868709608678e+00 0.000000000000000000e+00 0.000000000000000000e+00 1.685286368932556300e+01 0.000000000000000000e+00 -5.470525135554504814e+00 -1.796477126409151026e+01 6.713967941358512270e+00 2.562566592902570761e+01 0.000000000000000000e+00 6.530816578226902536e+00 -7.426404273124980193e+00 1.532667604079755108e+01 4.531613736360212918e+00 0.000000000000000000e+00 2.379097628376524654e+01 1.312949666855165454e+01 2.898452429168519640e+00 -1.549334711928028163e+01 -6.905531576398650229e-01
0.000000000000000000e+00 0.000000000000000000e+00 0.000000000000000000e+00 0.000000000000000000e+00 0.000000000000000000e+00 -8.072207555473102758e+00 0.000000000000000000e+00 0.000000000000000000e+00 6.620302674415952104e+00 0.000000000000000000e+00 1.258725607397684776e+01 1.420510178065374340e+01 5.827458527880061212e-07 1.845116927336234891e+00 0.000000000000000000e+00 -1.535985755744913384e+01 -5.950964804599489177e+00 5.600974583536227236e+00 -1.052307702009472834e+01 0.000000000000000000e+00 2.306135406761327999e+01 -8.469515020919732962e+00 1.543293889956432174e+01 2.118188264981194990e+01 -5.040088982930642558e+00
0.000000000000000000e+00 0.000000000000000000e+00 0.000000000000000000e+00 0.000000000000000000e+00 0.000000000000000000e+00 -1.530149874386089159e+01 -1.032464684332041419e-03 -4.779960426709652099e-02 -4.861059745782819186e-01 -4.907443336289646352e-02 -5.039325384757756821e-01 3.778971461945007659e-01 0.000000000000000000e+00 3.750773887771672310e+00 0.000000000000000000e+00 -6.066488399688102717e+00 1.301543340059293818e+01 -2.531949618815483749e+00 -1.357539734241289153e+01 0.000000000000000000e+00 -1.861856612564948055e+00 6.699895434212916001e+00 1.416819741633407581e+01 9.705548179706338097e-01 -9.969468286351162334e+00
0.000000000000000000e+00 0.000000000000000000e+00 0.000000000000000000e+00 0.000000000000000000e+00 0.000000000000000000e+00 -1.979875465289801895e+01 -1.326698502218547571e+00 -3.353698056006912065e+00 -9.654245119720359369e+00 -5.587514566615364942e+00 -6.226670550593546238e+00 -1.173238701473570700e+01 -1.217880385004627808e+00 6.228837157594727669e-01 -4.643058206370628271e-01 1.344791333355141205e+01 -1.251857103526038983e+01 -1.794263125824900129e+01 5.934013919611754950e+00 -5.586042537445995215e+00 1.807202812428206018e+00 -1.058557867171700018e+01 9.521817586046562587e-01 -2.054791442864762008e+00 -1.129544552016044356e+01
0.000000000000000000e+00 0.000000000000000000e+00 0.000000000000000000e+00 0.000000000000000000e+00 0.000000000000000000e+00 -2.417618327348465712e+01 -1.344972362255630216e+01 -1.746168289507687277e+01 -2.555754442201834920e+01 -2.068977895245158649e+01 -1.165436265843674057e+01 -1.632511109738506860e+01 -1.530557507658128458e+01 -1.130067526966543134e+01 -8.888733233903746367e+00 -1.320620370546036071e+01 1.632994053169742799e+01 -2.672364158052423377e+01 1.226438604296517187e+00 -2.117150314303777137e+01 -9.033599772092779645e+00 -2.762361004213303417e+01 -3.644239237097889550e+00 -2.393529485859019346e+01 -1.216857686364335400e+01
0.000000000000000000e+00 0.000000000000000000e+00 0.000000000000000000e+00 0.000000000000000000e+00 0.000000000000000000e+00 -5.071625084478130319e+00 -7.099639563900549177e+00 -2.363903035080113924e+01 -7.924363804094677555e+00 -1.324917150400903765e+01 -2.395880074457467401e+01 -1.078571117425608250e+01 -1.569860719571413554e+01 -2.441860094038058193e+01 -2.526198024044516188e+01 -2.782180269206701340e+01 1.760283543686566787e+01 1.977669163241700545e+01 1.378045314144595501e+01 -2.647870272014764836e+01 -2.011074380495948333e+01 3.000000000000000000e+01 -1.627979218029171804e+01 1.364226457641861856e+01 -2.164767638436842390e+01
