6.602668330378511996e+01
6.750662643761570791e+01
7.067226501340039135e+01
7.486040685059722932e+01
7.866385669564398597e+01
8.034316948595258623e+01
8.034367345155737894e+01
8.035036563752018424e+01
8.035722677853370044e+01
8.133147789509048664e+01
8.341779206687395742e+01
8.545876219867403734e+01
8.745956969925620683e+01
8.964919133838684218e+01
9.150047176013029571e+01
9.332948275457212617e+01
9.508723150153389270e+01
9.616332801356466575e+01
9.630022277073693715e+01
9.688181372827948223e+01
9.723851126512030874e+01
9.726880775495082787e+01
9.730410969150797484e+01
