0.08 6.707298766987025829e+01
0.09 7.113213708309736205e+01
0.1  7.589444150778162168e+01
0.11 7.971423337059594871e+01
0.12 7.967133475917913188e+01
0.13 7.961761213500888346e+01
0.14 7.960660064211153042e+01
0.15 8.109127157276006415e+01
0.16 8.370231446757753702e+01
0.17 8.632027738945326689e+01
0.18 8.908523405556671548e+01
0.19 9.155898014247476624e+01
0.2  9.391978226241508310e+01
0.21 9.572505334654057663e+01
0.22 9.568520988757337875e+01
0.23 9.566356536695469970e+01
0.24 9.563318552621710467e+01
0.25 9.560383854698466166e+01
0.26 9.558437642103815790e+01
0.27 9.555478720157920236e+01
0.28 9.552775001498471852e+01
0.29 9.549909042845455076e+01
0.3  9.662795040439661420e+01
