73.2  73.2
7.647258870285089927e+01  7.647258870285089927e+01
1.019675449231923920e+02  73.2
9.488256599963865767e+01  9.488256599963865767e+01
9.684969958393240574e+01  9.684969958393240574e+01
1.014097048232103191e+02  1.014097048232103191e+02
1.016478827714249320e+02  1.016478827714249320e+02
1.022879986373973509e+02  1.022879986373973509e+02
1.021735987908643892e+02  1.021735987908643892e+02
1.021317500339806656e+02  1.021317500339806656e+02
1.037236922914846247e+02  1.037236922914846247e+02
