9.502646572512026069e+01
1.001248529202312909e+02
1.023974650739838381e+02
1.028149342771524886e+02
1.043828464426290026e+02
1.058556978679488765e+02
1.086083518806139239e+02
1.111628366806329780e+02
1.111812039599982853e+02
1.112127368725251699e+02
1.112268974774894588e+02
1.112646782242297832e+02
1.126905821134728001e+02
1.127245466848369375e+02
1.131902043976540995e+02
1.131125526628709395e+02
1.130015739177331966e+02
1.128823770160689293e+02
1.128005543679195739e+02
1.127332686378946960e+02
1.126679198465494949e+02
1.126029899380182684e+02
1.131106185573630540e+02
