1.035198315671089375e+02  7.187569276957439968e+01
1.013568212652707388e+02  9.963388462948383051e+01
1.024033770371711682e+02  1.024033770371642191e+02
1.028158140467016324e+02  1.028158140467016324e+02
1.046781117356389643e+02  1.041478211426729814e+02
1.061428621507507444e+02  1.055017678216084676e+02
1.088675208110060169e+02  1.077537086667051511e+02
1.109294615540730859e+02  1.101624122687522345e+02
1.111963437262579930e+02  1.111963437262579930e+02
1.112206281955248528e+02  1.112206281955248528e+02
1.112453577034877128e+02  1.112453577034877128e+02
1.112705348976175799e+02  1.112705348976175799e+02
1.112961625553844982e+02  1.112961625553844982e+02
1.127232233393693406e+02  1.127232233393693406e+02
1.132395609817331490e+02  1.127541514147996224e+02
1.131193573712997136e+02  1.131193573712997136e+02
1.130007147537790786e+02  1.128175941965032933e+02
1.128836011048214516e+02  1.128836011048214516e+02
1.128044990853319405e+02  1.128044990853319405e+02
1.127367484089056120e+02  1.127367484089056120e+02
1.126696645353588195e+02  1.126696645353588195e+02
1.150347286269946778e+02  1.150347286269946778e+02
1.144554588282446161e+02  1.144554588282446161e+02
