# turbineX, turbineY, turbineZ
6.320000000000000000e+02 6.320000000000000000e+02 1.500000000000000000e+02
1.233347232452033040e+03 6.320000000000000000e+02 9.510321383051629596e+01
1.896000000000000000e+03 6.320000000000000000e+02 1.500000000000000000e+02
6.320000000000000000e+02 1.267322209630229963e+03 9.510321383051629596e+01
1.264836001990734985e+03 1.265144292696200864e+03 1.500000000000000000e+02
1.896000000000000000e+03 1.261804836033497168e+03 9.510321383051629596e+01
6.320000000000000000e+02 1.896000000000000000e+03 1.500000000000000000e+02
1.294785473881166808e+03 1.896000000000000000e+03 9.510321383051629596e+01
1.896000000000000000e+03 1.896000000000000000e+03 1.500000000000000000e+02
