# turbineX, turbineY, turbineZ
3.792000000000000455e+02 3.792000000000000455e+02 1.500000000000000000e+02
7.225366619923069038e+02 3.792000000000000455e+02 7.876646412757598625e+01
1.137600000000000364e+03 3.792000000000000455e+02 1.500000000000000000e+02
3.792000000000000455e+02 7.368349522017493882e+02 7.876646412757598625e+01
7.725675882835917037e+02 7.496217968710124069e+02 1.500000000000000000e+02
1.137600000000000364e+03 7.778268489877165166e+02 7.876646412757598625e+01
3.792000000000000455e+02 1.137600000000000364e+03 1.500000000000000000e+02
7.777390727311802721e+02 1.137600000000000364e+03 7.876646412757598625e+01
1.137600000000000364e+03 1.137600000000000364e+03 1.500000000000000000e+02
