# diameters
4.558710806841308916e+00 4.474483365790980827e+00 3.870000000000000107e+00
4.558538788335962266e+00 4.474322300010475928e+00 3.870000000000000107e+00
6.299999999999999822e+00 6.299999999999999822e+00 6.299999999999999822e+00
4.557565676850457770e+00 4.473401371136532134e+00 3.870000000000000107e+00
4.563169761293177196e+00 4.478728798941274292e+00 3.870000000000000107e+00
6.299999999999999822e+00 6.299999999999999822e+00 6.299999999999999822e+00
6.299999999999999822e+00 6.299999999999999822e+00 6.299999999999999822e+00
6.299999999999999822e+00 6.299999999999999822e+00 6.299999999999999822e+00
6.299999999999999822e+00 6.299999999999999822e+00 6.299999999999999822e+00
