# thicknesses
5.000000000000000278e-02 5.000000000000000278e-02 5.000000000000000278e-02
4.997520479443308405e-02 1.957338940500866903e-02 2.341623442154546625e-02
5.000000000000000278e-02 5.000000000000000278e-02 5.000000000000000278e-02
2.556477413306709051e-02 2.207604172822549143e-02 4.764503457061909641e-02
5.000000000000000278e-02 5.000000000000000278e-02 5.000000000000000278e-02
5.000000000000000278e-02 5.000000000000000278e-02 5.000000000000000278e-02
5.000000000000000278e-02 5.000000000000000278e-02 5.000000000000000278e-02
5.000000000000000278e-02 5.000000000000000278e-02 5.000000000000000278e-02
5.000000000000000278e-02 5.000000000000000278e-02 5.000000000000000278e-02
