# diameters
6.299999999999999822e+00 6.299999999999999822e+00 6.299999999999999822e+00
6.067102213080762141e+00 5.776348351205677467e+00 4.163728106869572620e+00
6.299999999999999822e+00 6.299999999999999822e+00 6.299999999999999822e+00
5.188480196013514067e+00 4.901596284429150963e+00 4.735240601459629772e+00
6.299999999999999822e+00 6.299999999999999822e+00 6.299999999999999822e+00
6.299999999999999822e+00 6.299999999999999822e+00 6.299999999999999822e+00
6.299999999999999822e+00 6.299999999999999822e+00 6.299999999999999822e+00
6.299999999999999822e+00 6.299999999999999822e+00 6.299999999999999822e+00
6.299999999999999822e+00 6.299999999999999822e+00 6.299999999999999822e+00
