3.792000000000000455e+02 3.792000000000000455e+02 8.759999999999999432e+01
1.142749927359679987e+03 3.792000000000000455e+02 8.759999999999999432e+01
1.896000000000000000e+03 3.792000000000000455e+02 8.759999999999999432e+01
7.243108486637332817e+02 6.644540048136211681e+02 8.759999999999999432e+01
1.547250900422515997e+03 6.563141963392274647e+02 8.759999999999999432e+01
3.792000000000000455e+02 1.148200593817109166e+03 8.759999999999999432e+01
1.148602250857574745e+03 1.127007074291036361e+03 8.759999999999999432e+01
1.896000000000000000e+03 1.061751342887089777e+03 8.759999999999999432e+01
7.556453881569581199e+02 1.620489001895453612e+03 8.759999999999999432e+01
1.569159942754807162e+03 1.624029596614051798e+03 8.759999999999999432e+01
3.792000000000000455e+02 1.896000000000000000e+03 8.759999999999999432e+01
1.161757465254136832e+03 1.896000000000000000e+03 8.759999999999999432e+01
1.896000000000000000e+03 1.896000000000000000e+03 8.759999999999999432e+01
7.266680061380759525e+02 3.792000000000000455e+02 8.759999999999999432e+01
1.532730302489041151e+03 3.792000000000000455e+02 8.759999999999999432e+01
3.792000000000000455e+02 7.682114917562373648e+02 8.759999999999999432e+01
1.139873982939089046e+03 6.633313501182334448e+02 8.759999999999999432e+01
1.896000000000000000e+03 6.542822068843336183e+02 8.759999999999999432e+01
7.522033702795946510e+02 1.114079478168366222e+03 8.759999999999999432e+01
1.579081173442670206e+03 1.136985840036530362e+03 8.759999999999999432e+01
3.792000000000000455e+02 1.600046050361111611e+03 8.759999999999999432e+01
1.159709138507786065e+03 1.618103684957769474e+03 8.759999999999999432e+01
1.896000000000000000e+03 1.538569441033285102e+03 8.759999999999999432e+01
7.481802704874818346e+02 1.896000000000000000e+03 8.759999999999999432e+01
1.563585749357501982e+03 1.896000000000000000e+03 8.759999999999999432e+01
