8.860172981975312041e+02 3.791999999999999886e+02 8.759999999999999432e+01
1.396066186484953278e+03 6.304355966882582152e+02 8.759999999999999432e+01
7.420867296511195264e+02 8.054821493649358217e+02 8.759999999999999432e+01
1.516799999999999955e+03 8.860173353157854308e+02 8.759999999999999432e+01
8.054821139245868835e+02 1.153913225347540447e+03 8.759999999999999432e+01
1.516799999999999955e+03 1.294985498154256220e+03 8.759999999999999432e+01
6.010144004811639888e+02 1.516799999999999955e+03 8.759999999999999432e+01
1.265564353437977388e+03 1.396066164025550279e+03 8.759999999999999432e+01
6.304355956033390385e+02 4.999338104474181250e+02 8.759999999999999432e+01
1.294985490830814797e+03 3.791999999999999886e+02 8.759999999999999432e+01
3.791999999999999886e+02 6.010144860586163986e+02 8.759999999999999432e+01
1.090517811197048331e+03 7.420867361920307985e+02 8.759999999999999432e+01
3.791999999999999886e+02 1.009982687027270686e+03 8.759999999999999432e+01
1.153913193451047846e+03 1.090517840679726078e+03 8.759999999999999432e+01
4.999337475497742389e+02 1.265564379342391021e+03 8.759999999999999432e+01
1.009982630094988735e+03 1.516799999999999955e+03 8.759999999999999432e+01
