7.148913391029822151e+02 5.134559239003272069e+02 8.759999999999999432e+01
1.260931998346172577e+03 3.791999999999999886e+02 8.759999999999999432e+01
1.798734607028680784e+03 6.262759447114867726e+02 8.759999999999999432e+01
6.576919440020432148e+02 8.319161430691294754e+02 8.759999999999999432e+01
1.508735186136706716e+03 7.513453500486821213e+02 8.759999999999999432e+01
3.791999999999999886e+02 9.695479133050490645e+02 8.759999999999999432e+01
1.065094727240975089e+03 1.131402639830231010e+03 8.759999999999999432e+01
1.896000000000000000e+03 1.342706265355131791e+03 8.759999999999999432e+01
7.787233312564790140e+02 1.672915622971929679e+03 8.759999999999999432e+01
1.610453354127186003e+03 1.497698419099265948e+03 8.759999999999999432e+01
3.791999999999999886e+02 1.570693453811987865e+03 8.759999999999999432e+01
8.976401119310237391e+02 1.896000000000000000e+03 8.759999999999999432e+01
1.491182050031912468e+03 1.896000000000000000e+03 8.759999999999999432e+01
1.000644373502211806e+03 3.791999999999999886e+02 8.759999999999999432e+01
1.685984884532415208e+03 3.791999999999999886e+02 8.759999999999999432e+01
3.791999999999999886e+02 7.019686817627101618e+02 8.759999999999999432e+01
9.384451898041829736e+02 9.073575430845686469e+02 8.759999999999999432e+01
1.896000000000000000e+03 8.644841365736199350e+02 8.759999999999999432e+01
8.288251347853553170e+02 1.267228050874836299e+03 8.759999999999999432e+01
1.382653739485674123e+03 9.976011786689036853e+02 8.759999999999999432e+01
5.132672802002846311e+02 1.241059640086868967e+03 8.759999999999999432e+01
1.191361009372828903e+03 1.420720239462698828e+03 8.759999999999999432e+01
1.896000000000000000e+03 1.624161074665955766e+03 8.759999999999999432e+01
4.663455263014157595e+02 1.829057544621383158e+03 8.759999999999999432e+01
1.181209420208341498e+03 1.766809736200433463e+03 8.759999999999999432e+01
