1.030920704951141943e+03 4.906895304209165829e+02 8.759999999999999432e+01
1.591561603513733417e+03 3.791999999999999886e+02 8.759999999999999432e+01
2.172466050469185120e+03 7.518138836247708241e+02 8.759999999999999432e+01
6.311404078311151125e+02 9.565189951386308849e+02 8.759999999999999432e+01
1.441501070535200370e+03 7.046152274638806148e+02 8.759999999999999432e+01
2.275199999999999818e+03 9.827978129657534510e+02 8.759999999999999432e+01
7.151498613508273365e+02 1.207084002763443323e+03 8.759999999999999432e+01
1.546512479902726000e+03 1.106637776996822140e+03 8.759999999999999432e+01
2.275199999999999818e+03 1.235597812965753292e+03 8.759999999999999432e+01
8.584196539523933325e+02 1.710738034779405552e+03 8.759999999999999432e+01
1.673874818014363655e+03 1.461046989422669412e+03 8.759999999999999432e+01
2.275199999999999818e+03 1.530972846980512486e+03 8.759999999999999432e+01
9.611708950474172752e+02 2.036899301482527108e+03 8.759999999999999432e+01
1.773190726056067888e+03 1.817043460014748462e+03 8.759999999999999432e+01
2.180842742045188061e+03 2.058038716973628652e+03 8.759999999999999432e+01
5.735263212225648886e+02 2.178089878160556509e+03 8.759999999999999432e+01
1.375785498116228609e+03 2.275199999999999818e+03 8.759999999999999432e+01
1.910728489873501758e+03 2.157193123678676329e+03 8.759999999999999432e+01
7.806176411616670521e+02 4.552463892282679012e+02 8.759999999999999432e+01
1.303484803586371527e+03 3.791999999999999886e+02 8.759999999999999432e+01
2.056475579503747213e+03 4.652691459976907709e+02 8.759999999999999432e+01
4.914557287563507657e+02 5.798586280854202641e+02 8.759999999999999432e+01
9.332897585566424823e+02 8.445911638336895066e+02 8.759999999999999432e+01
1.710091245556026934e+03 6.024903131739616811e+02 8.759999999999999432e+01
3.791999999999999886e+02 1.061457627104598942e+03 8.759999999999999432e+01
1.125869963708492833e+03 1.302131194490852522e+03 8.759999999999999432e+01
1.827905345464459288e+03 9.268146102823860701e+02 8.759999999999999432e+01
3.791999999999999886e+02 1.385075074536676084e+03 8.759999999999999432e+01
1.243451319716445823e+03 1.605181637669052179e+03 8.759999999999999432e+01
1.958406560443767148e+03 1.374194180777966722e+03 8.759999999999999432e+01
4.741533590854778026e+02 1.619364851518908836e+03 8.759999999999999432e+01
1.492296903823148796e+03 1.956186979718339444e+03 8.759999999999999432e+01
2.044823560521679838e+03 1.683345141578935909e+03 8.759999999999999432e+01
4.296565981354490305e+02 1.868217977408370416e+03 8.759999999999999432e+01
1.045554643992842330e+03 2.275199999999999818e+03 8.759999999999999432e+01
1.628585498116228791e+03 2.275199999999999818e+03 8.759999999999999432e+01
