7.362929251714155043e+02 4.827194932262259499e+02 8.759999999999999432e+01
1.219725868443154695e+03 3.791999999999999886e+02 8.759999999999999432e+01
2.069493782706196271e+03 4.777893888191082965e+02 8.759999999999999432e+01
4.713965335813534807e+02 5.864390452814832315e+02 8.759999999999999432e+01
8.817198593750476903e+02 8.143320252829024639e+02 8.759999999999999432e+01
1.707413984194948853e+03 6.133112576098184263e+02 8.759999999999999432e+01
3.791999999999999886e+02 1.062538386639901091e+03 8.759999999999999432e+01
1.044594429447198763e+03 1.239216833265505556e+03 8.759999999999999432e+01
1.843294730554791840e+03 8.851525052535121176e+02 8.759999999999999432e+01
3.791999999999999886e+02 1.331115625165609799e+03 8.759999999999999432e+01
1.144548161405072278e+03 1.485174390971969387e+03 8.759999999999999432e+01
1.976410073641308372e+03 1.145341123829680328e+03 8.759999999999999432e+01
4.558615166480079779e+02 1.572011560924657715e+03 8.759999999999999432e+01
1.279200850607513075e+03 1.873209163665980896e+03 8.759999999999999432e+01
2.050678749130048800e+03 1.665366232963668836e+03 8.759999999999999432e+01
3.791999999999999886e+02 1.812907496683705858e+03 8.759999999999999432e+01
1.056325770469085910e+03 2.275199999999999818e+03 8.759999999999999432e+01
1.631784773183899460e+03 2.275199999999999818e+03 8.759999999999999432e+01
9.669258684431550819e+02 3.791999999999999886e+02 8.759999999999999432e+01
1.557658340418695389e+03 3.791999999999999886e+02 8.759999999999999432e+01
2.157423544530016443e+03 7.378672994473470226e+02 8.759999999999999432e+01
6.039733432429787854e+02 9.318819397439752947e+02 8.759999999999999432e+01
1.397861040074014682e+03 6.986641874833068186e+02 8.759999999999999432e+01
2.275199999999999818e+03 1.020419963451214812e+03 8.759999999999999432e+01
6.833702471820892015e+02 1.171952621820989179e+03 8.759999999999999432e+01
1.488992874481402396e+03 9.846265330014505253e+02 8.759999999999999432e+01
2.275199999999999818e+03 1.273219963451214653e+03 8.759999999999999432e+01
8.188140454040222949e+02 1.635595278473607095e+03 8.759999999999999432e+01
1.623342793181891466e+03 1.388533932791101734e+03 8.759999999999999432e+01
2.275199999999999818e+03 1.549185133348487852e+03 8.759999999999999432e+01
9.344743277305238962e+02 1.987674925501397865e+03 8.759999999999999432e+01
1.726779897544012101e+03 1.753353934851592612e+03 8.759999999999999432e+01
2.187700777432983614e+03 2.043378247342419172e+03 8.759999999999999432e+01
5.701493499909163347e+02 2.177893495260512282e+03 8.759999999999999432e+01
1.378984773183899506e+03 2.275199999999999818e+03 8.759999999999999432e+01
1.919605656828993006e+03 2.151632290191041193e+03 8.759999999999999432e+01
