5.854819304628153986e+02 3.909930541198256151e+02 8.759999999999999432e+01
1.295913126489657770e+03 4.895901923618800424e+02 8.759999999999999432e+01
5.006913944055843331e+02 6.294090881086752916e+02 8.759999999999999432e+01
1.200733364669896446e+03 7.938074704286094629e+02 8.759999999999999432e+01
3.791999999999999886e+02 1.030578767313214712e+03 8.759999999999999432e+01
1.118899995422097163e+03 1.143861628866618958e+03 8.759999999999999432e+01
3.791999999999999886e+02 1.283381612971879576e+03 8.759999999999999432e+01
1.002470274022296621e+03 1.494360699459154603e+03 8.759999999999999432e+01
8.935300606781032684e+02 4.016396496091584254e+02 1.961665385851175358e+02
1.516799999999999955e+03 6.126186622739280665e+02 1.961665385851175358e+02
7.771007258320006486e+02 7.521392180610877176e+02 1.961665385851175358e+02
1.516799999999999955e+03 8.654215073480825140e+02 1.961665385851175358e+02
6.952672119835334570e+02 1.102192988236473184e+03 1.961665385851175358e+02
1.395308886030913072e+03 1.266591894682960856e+03 1.961665385851175358e+02
6.000867213170467949e+02 1.406410341842343087e+03 1.961665385851175358e+02
1.310518300198225234e+03 1.505007884518980291e+03 1.961665385851175358e+02
