8.933561631205126332e+02 4.015953303215954975e+02 8.759999999999999432e+01
1.516799999999999955e+03 6.124277677890073619e+02 8.759999999999999432e+01
7.770908186792643164e+02 7.522286572018150537e+02 8.759999999999999432e+01
1.516799999999999955e+03 8.652306046922509495e+02 8.759999999999999432e+01
6.952902672611527350e+02 1.102150424326426673e+03 8.759999999999999432e+01
1.395348022425616136e+03 1.266625654915536416e+03 8.759999999999999432e+01
6.001336917289231678e+02 1.406520044085114023e+03 8.759999999999999432e+01
1.310593131436912699e+03 1.505056178335204322e+03 8.759999999999999432e+01
5.854066386071799570e+02 3.909455731976922266e+02 1.961976538028174275e+02
1.295865584577273466e+03 4.894809814638666126e+02 1.961976538028174275e+02
5.006515418555690076e+02 6.293760497164045091e+02 1.961976538028174275e+02
1.200709255511357014e+03 7.938488846985451346e+02 1.961976538028174275e+02
3.791999999999999886e+02 1.030769088817380634e+03 1.961976538028174275e+02
1.118909394618515535e+03 1.143770739023173519e+03 1.961976538028174275e+02
3.791999999999999886e+02 1.283571925497631582e+03 1.961976538028174275e+02
1.002644491750650559e+03 1.494404603522558091e+03 1.961976538028174275e+02
