9.383895050562267670e+02 3.791999999999999886e+02 8.759999999999999432e+01
1.643505247340925962e+03 5.048438113684751443e+02 8.759999999999999432e+01
5.048410619372881456e+02 6.316948112950851737e+02 8.759999999999999432e+01
1.061407209399209478e+03 8.316889030089126891e+02 8.759999999999999432e+01
1.896000000000000000e+03 9.383876061868004399e+02 8.759999999999999432e+01
8.316876243331004162e+02 1.213789912789671007e+03 8.759999999999999432e+01
1.443509512910429521e+03 1.061408597062704985e+03 8.759999999999999432e+01
3.791999999999999886e+02 1.336811219269970707e+03 8.759999999999999432e+01
1.213789340325274225e+03 1.443511076954085866e+03 8.759999999999999432e+01
1.770352964801908456e+03 1.643505210918154035e+03 8.759999999999999432e+01
6.316948695177673017e+02 1.770355147660711054e+03 8.759999999999999432e+01
1.336812586841649136e+03 1.896000000000000000e+03 8.759999999999999432e+01
4.906909293164412134e+02 3.791999999999999886e+02 2.087277411792833277e+02
1.424111838810200652e+03 3.791999999999999886e+02 2.087277411792833277e+02
1.896000000000000000e+03 4.906928905760445900e+02 2.087277411792833277e+02
9.086671357584929183e+02 6.302466810678276943e+02 2.087277411792833277e+02
1.644952768592680741e+03 9.086698877267335774e+02 2.087277411792833277e+02
3.791999999999999886e+02 8.510897892501947126e+02 2.087277411792833277e+02
1.137599999999999909e+03 1.137599999999999909e+03 2.087277411792833277e+02
1.896000000000000000e+03 1.424113644542728025e+03 2.087277411792833277e+02
6.302468778443956126e+02 1.366531926089611943e+03 2.087277411792833277e+02
1.366530135025918526e+03 1.644952748244850227e+03 2.087277411792833277e+02
3.791999999999999886e+02 1.784503798009195634e+03 2.087277411792833277e+02
8.510876856515227473e+02 1.896000000000000000e+03 2.087277411792833277e+02
1.784502861998724256e+03 1.896000000000000000e+03 2.087277411792833277e+02
