4.835928327141166392e+02 3.795712482334077436e+02 8.759999999999999432e+01
1.410873182062380465e+03 3.793788455758675582e+02 8.759999999999999432e+01
1.895628728118053687e+03 4.835921331415387385e+02 8.759999999999999432e+01
8.524725551245837778e+02 6.326362507064025067e+02 8.759999999999999432e+01
1.642566013256913038e+03 8.524744951973102616e+02 8.759999999999999432e+01
3.793787695634866282e+02 8.643267002926899067e+02 8.759999999999999432e+01
1.137599999999999909e+03 1.137599999999999909e+03 8.759999999999999432e+01
1.895821336199865527e+03 1.410873294419065587e+03 8.759999999999999432e+01
6.326347657551103794e+02 1.422726404580382223e+03 8.759999999999999432e+01
1.422724931724143971e+03 1.642566234290617103e+03 8.759999999999999432e+01
3.795711950707273559e+02 1.791608633243108443e+03 8.759999999999999432e+01
8.643266915136928219e+02 1.895821268535535182e+03 8.759999999999999432e+01
1.791609263271877808e+03 1.895628811589709585e+03 8.759999999999999432e+01
9.294677538718727874e+02 3.791999999999999886e+02 2.093819873841177923e+02
1.639317441694754052e+03 4.883834430717783448e+02 2.093819873841177923e+02
4.883839120332316384e+02 6.358826954383473549e+02 2.093819873841177923e+02
1.059634600902308648e+03 7.793638827456837816e+02 2.093819873841177923e+02
1.896000000000000000e+03 9.294686040258739013e+02 2.093819873841177923e+02
7.793640209146628877e+02 1.215565469990468273e+03 2.093819873841177923e+02
1.495835588331735835e+03 1.059634577147945265e+03 2.093819873841177923e+02
3.791999999999999886e+02 1.345731720169299706e+03 2.093819873841177923e+02
1.215565019374648273e+03 1.495835661638341207e+03 2.093819873841177923e+02
1.786816533220980546e+03 1.639317466405423147e+03 2.093819873841177923e+02
6.358825628883159879e+02 1.786816395183014038e+03 2.093819873841177923e+02
1.345730897999939089e+03 1.896000000000000000e+03 2.093819873841177923e+02
