5.245276215947360470e+02 3.811880844839409974e+02 8.759999999999999432e+01
1.357116638444993214e+03 3.791999999999999886e+02 8.759999999999999432e+01
2.046071960104644177e+03 4.860575159003184353e+02 8.759999999999999432e+01
4.739157839023172301e+02 6.288834797396048089e+02 8.759999999999999432e+01
1.124469777303668707e+03 8.326212496065618325e+02 8.759999999999999432e+01
1.956549848734831130e+03 7.225004533832163816e+02 8.759999999999999432e+01
3.791999999999999886e+02 9.784970807099497279e+02 8.759999999999999432e+01
1.249070763225476412e+03 1.227514515859602852e+03 8.759999999999999432e+01
1.852890136269631284e+03 1.081005709389625736e+03 8.759999999999999432e+01
3.791999999999999886e+02 1.383519744326964201e+03 8.759999999999999432e+01
1.192382140981259681e+03 1.615485644705453296e+03 8.759999999999999432e+01
2.063918135744580013e+03 1.468152803729860125e+03 8.759999999999999432e+01
3.791999999999999886e+02 1.783027400462589412e+03 8.759999999999999432e+01
1.076116688738614357e+03 1.887461065599251924e+03 8.759999999999999432e+01
1.768933260920849762e+03 1.997229243413102267e+03 8.759999999999999432e+01
3.791999999999999886e+02 2.275199999999999818e+03 8.759999999999999432e+01
9.723887222993226942e+02 2.147954220600229746e+03 8.759999999999999432e+01
1.659097803048794276e+03 2.275199999999999818e+03 8.759999999999999432e+01
9.953029009638293019e+02 3.791999999999999886e+02 2.031456698138116508e+02
1.682011387211721740e+03 5.064451791666665486e+02 2.031456698138116508e+02
2.275199999999999818e+03 3.791999999999999886e+02 2.031456698138116508e+02
8.854671960985359647e+02 6.571705134218976809e+02 2.031456698138116508e+02
1.578283468561259951e+03 7.669387850904108745e+02 2.031456698138116508e+02
2.275199999999999818e+03 8.713720368343944074e+02 2.031456698138116508e+02
5.904776446714648728e+02 1.186247275718442097e+03 2.031456698138116508e+02
1.462017839413814045e+03 1.038914193570765974e+03 2.031456698138116508e+02
2.275199999999999818e+03 1.270880465854031399e+03 2.031456698138116508e+02
8.015088522499048622e+02 1.573395773853683977e+03 2.031456698138116508e+02
1.405328636105369242e+03 1.426887491777376681e+03 2.031456698138116508e+02
2.275199999999999818e+03 1.675904271157440235e+03 2.031456698138116508e+02
6.978490371326140576e+02 1.931900399514639275e+03 2.031456698138116508e+02
1.529929296135127061e+03 1.821779625298680457e+03 2.031456698138116508e+02
2.180482407332984621e+03 2.025517223670284693e+03 2.031456698138116508e+02
6.083287738867121561e+02 2.168344043138073175e+03 2.031456698138116508e+02
1.297283425306113941e+03 2.275199999999999818e+03 2.031456698138116508e+02
2.129870857075909043e+03 2.273212676094081417e+03 2.031456698138116508e+02
