9.952881093021856032e+02 3.791999999999999886e+02 8.759999999999999432e+01
1.682013860315011016e+03 5.064392683494735934e+02 8.759999999999999432e+01
2.275199999999999818e+03 3.791999999999999886e+02 8.759999999999999432e+01
8.854605074416838306e+02 6.571594414477070814e+02 8.759999999999999432e+01
1.578275227014741176e+03 7.669322693480748967e+02 8.759999999999999432e+01
2.275199999999999818e+03 8.713651355000375816e+02 8.759999999999999432e+01
5.904725628951874796e+02 1.186250275229144791e+03 8.759999999999999432e+01
1.462011860285421108e+03 1.038908378807817598e+03 8.759999999999999432e+01
2.275199999999999818e+03 1.270885527924051758e+03 8.759999999999999432e+01
8.015142134144673491e+02 1.573395034342517647e+03 8.759999999999999432e+01
1.405333258290000231e+03 1.426883484584532880e+03 8.759999999999999432e+01
2.275199999999999818e+03 1.675913566695348209e+03 8.759999999999999432e+01
6.978498398465010268e+02 1.931901696977435904e+03 8.759999999999999432e+01
1.529935738044085838e+03 1.821781870504375320e+03 8.759999999999999432e+01
2.180494873279094008e+03 2.025518945033585851e+03 8.759999999999999432e+01
6.083293051570733496e+02 2.168345206517341921e+03 8.759999999999999432e+01
1.297284859235430304e+03 2.275199999999999818e+03 8.759999999999999432e+01
2.129888518735827802e+03 2.273215504973501538e+03 8.759999999999999432e+01
5.245093282606800358e+02 3.811853049379946583e+02 2.031413126926705672e+02
1.357115797596686207e+03 3.791999999999999886e+02 2.031413126926705672e+02
2.046071715902073720e+03 4.860569761758899290e+02 2.031413126926705672e+02
4.739026299341444997e+02 6.288817971652350707e+02 2.031413126926705672e+02
1.124463785236504236e+03 8.326204395813069823e+02 2.031413126926705672e+02
1.956550572855177279e+03 7.225002480603678805e+02 2.031413126926705672e+02
3.791999999999999886e+02 9.784906981888030941e+02 2.031413126926705672e+02
1.249066348109170349e+03 1.227518946870191257e+03 2.031413126926705672e+02
1.852887200246502516e+03 1.081006416637177381e+03 2.031413126926705672e+02
3.791999999999999886e+02 1.383516121026090332e+03 2.031413126926705672e+02
1.192387577440083760e+03 1.615492618202809581e+03 2.031413126926705672e+02
2.063924144500871535e+03 1.468148320077118342e+03 2.031413126926705672e+02
3.791999999999999886e+02 1.783033624526811082e+03 2.031413126926705672e+02
1.076125679341672367e+03 1.887468614231732545e+03 2.031413126926705672e+02
1.768941418151754760e+03 1.997240635259568762e+03 2.031413126926705672e+02
3.791999999999999886e+02 2.275199999999999818e+03 2.031413126926705672e+02
9.723853084336737993e+02 2.147960513016854293e+03 2.031413126926705672e+02
1.659113866838337117e+03 2.275199999999999818e+03 2.031413126926705672e+02
