# yaw
0.000000000000000000e+00 0.000000000000000000e+00 0.000000000000000000e+00 0.000000000000000000e+00 0.000000000000000000e+00 2.707287679106424960e+01 3.000000000000000000e+01 -1.457499614714381586e+01 0.000000000000000000e+00 2.981318555263202086e+01 2.632545291093234852e+01 2.724684856272664391e+01 1.630489833777017950e+01 1.403855732836510839e+01 2.459350978685043998e+01 2.634631835947936196e+01 2.784855244094519833e+01 -2.341395695981267977e+01 -2.384707344846562549e+01 3.000000000000000000e+01 2.634290245487341764e+01 -1.576523821387184476e+01 -1.706677685857811255e+01 -8.635253446734660443e+00 2.684638488222686092e+01
0.000000000000000000e+00 0.000000000000000000e+00 0.000000000000000000e+00 0.000000000000000000e+00 0.000000000000000000e+00 1.212211755812181480e+01 1.455133008715360354e+01 -2.554425301519518854e+01 -3.760267778913135017e-01 1.497265575011874006e+01 1.122891873230016202e+01 1.264217695448039613e+01 3.302554951467766009e-01 0.000000000000000000e+00 6.384070796913411172e+00 8.924694547747305862e+00 1.261862577372771987e+01 2.519119708787590994e+01 2.180840393526736420e+01 1.632878509597288286e+01 1.658797264229714585e+01 3.000000000000000000e+01 3.000000000000000000e+01 -2.798536272098519717e+01 1.210664187594644048e+01
0.000000000000000000e+00 0.000000000000000000e+00 0.000000000000000000e+00 0.000000000000000000e+00 0.000000000000000000e+00 0.000000000000000000e+00 9.260902236313298674e-01 2.645460129972243379e+01 -1.491179458051560935e+01 1.571589905133313092e+00 0.000000000000000000e+00 0.000000000000000000e+00 0.000000000000000000e+00 0.000000000000000000e+00 0.000000000000000000e+00 0.000000000000000000e+00 0.000000000000000000e+00 8.174388053855706104e+00 5.687219506277816805e+00 1.879850823594787723e+00 2.015136428785298861e+00 2.238587865512032593e+01 1.908671607754537192e+01 2.515464071525500955e+01 -3.720199643076075091e+00
0.000000000000000000e+00 0.000000000000000000e+00 0.000000000000000000e+00 0.000000000000000000e+00 0.000000000000000000e+00 0.000000000000000000e+00 0.000000000000000000e+00 1.916897360277211604e+01 2.607220394514644468e+01 0.000000000000000000e+00 0.000000000000000000e+00 0.000000000000000000e+00 0.000000000000000000e+00 0.000000000000000000e+00 0.000000000000000000e+00 0.000000000000000000e+00 2.573579122130734032e+00 0.000000000000000000e+00 0.000000000000000000e+00 -7.097630515896074854e+00 0.000000000000000000e+00 1.122077325983269702e+01 5.461078990315181514e+00 1.117834734498747551e+01 2.608779274155689887e+00
0.000000000000000000e+00 0.000000000000000000e+00 0.000000000000000000e+00 0.000000000000000000e+00 0.000000000000000000e+00 0.000000000000000000e+00 0.000000000000000000e+00 6.874460269044328165e+00 9.688597228216824675e+00 0.000000000000000000e+00 0.000000000000000000e+00 -7.228963098709085600e+00 0.000000000000000000e+00 0.000000000000000000e+00 -4.443933039637178339e+00 0.000000000000000000e+00 -6.497319638559766908e+00 2.069343447647089995e+00 1.076723189528352265e+01 1.001348890750932874e+01 0.000000000000000000e+00 3.157727267614661049e+00 -4.369438201460872584e+00 1.178486353602694381e+00 0.000000000000000000e+00
0.000000000000000000e+00 0.000000000000000000e+00 0.000000000000000000e+00 0.000000000000000000e+00 0.000000000000000000e+00 0.000000000000000000e+00 0.000000000000000000e+00 0.000000000000000000e+00 0.000000000000000000e+00 0.000000000000000000e+00 0.000000000000000000e+00 7.053166473814679982e+00 -5.544728587512928186e+00 -5.524992895735115539e+00 -7.407515015783717516e+00 0.000000000000000000e+00 2.342822228518131489e+00 -4.599859419532392302e+00 0.000000000000000000e+00 0.000000000000000000e+00 0.000000000000000000e+00 -5.574201989741332852e+00 6.460778206054312855e-01 0.000000000000000000e+00 -4.417934544610281344e-01
0.000000000000000000e+00 0.000000000000000000e+00 0.000000000000000000e+00 0.000000000000000000e+00 0.000000000000000000e+00 0.000000000000000000e+00 0.000000000000000000e+00 0.000000000000000000e+00 0.000000000000000000e+00 0.000000000000000000e+00 0.000000000000000000e+00 0.000000000000000000e+00 3.414327820678656700e+00 1.973178362495773897e+01 2.035295835321775826e+01 0.000000000000000000e+00 -6.939843000120428762e+00 5.911281330756905206e+00 0.000000000000000000e+00 -1.419975145848771381e-01 0.000000000000000000e+00 3.106548776224794750e+00 -5.441214706704911030e+00 -1.111746818852616059e+01 1.778892956984377349e+01
0.000000000000000000e+00 0.000000000000000000e+00 0.000000000000000000e+00 0.000000000000000000e+00 0.000000000000000000e+00 0.000000000000000000e+00 1.147603713084817789e+00 0.000000000000000000e+00 0.000000000000000000e+00 0.000000000000000000e+00 0.000000000000000000e+00 -5.596245413600881236e+00 0.000000000000000000e+00 0.000000000000000000e+00 7.585987458989768006e-01 0.000000000000000000e+00 4.703159523778900564e+00 7.723905742991761247e-01 5.434352756988305444e+00 9.488699105863411809e-01 0.000000000000000000e+00 0.000000000000000000e+00 1.295555178857174283e+01 6.293669628993805887e+00 5.833257886761593625e-01
0.000000000000000000e+00 0.000000000000000000e+00 0.000000000000000000e+00 0.000000000000000000e+00 0.000000000000000000e+00 0.000000000000000000e+00 -2.094345373179627146e+01 0.000000000000000000e+00 0.000000000000000000e+00 -1.153466628434766550e+00 0.000000000000000000e+00 2.462524478967009145e+01 -1.353115444623016828e+01 -3.787019405207143752e+00 -6.656136954632689395e+00 0.000000000000000000e+00 3.576842089205186870e+00 -4.170221138524182081e+00 -8.098921347970705398e+00 4.064438624373972964e+00 0.000000000000000000e+00 0.000000000000000000e+00 0.000000000000000000e+00 3.926791597533860756e-01 4.672450275363074779e-01
0.000000000000000000e+00 0.000000000000000000e+00 0.000000000000000000e+00 0.000000000000000000e+00 0.000000000000000000e+00 0.000000000000000000e+00 1.389368060871511190e+01 0.000000000000000000e+00 0.000000000000000000e+00 -1.697725922392959319e+01 0.000000000000000000e+00 4.574103739581889094e+00 1.342326996034768172e+01 3.124456003575713847e+00 -1.850892339964269606e+00 0.000000000000000000e+00 0.000000000000000000e+00 1.257940218135797217e+01 2.220486427307728405e+01 -1.021156629642302605e+01 0.000000000000000000e+00 -8.998444615510754474e+00 -6.227051058202878409e+00 -2.688448443383104181e+00 -1.179852544489726540e+01
0.000000000000000000e+00 0.000000000000000000e+00 0.000000000000000000e+00 0.000000000000000000e+00 0.000000000000000000e+00 0.000000000000000000e+00 0.000000000000000000e+00 0.000000000000000000e+00 -9.026696010928596081e+00 1.578954742261015909e+01 0.000000000000000000e+00 0.000000000000000000e+00 8.594032406335168350e-02 -1.611880712667368876e+00 6.928566940406376773e+00 0.000000000000000000e+00 0.000000000000000000e+00 7.377710628780924651e-01 5.148035837278886362e+00 5.847970250081794497e+00 0.000000000000000000e+00 9.771195446134655072e+00 1.289157363615631491e+00 -9.360750449788044492e+00 2.089371315634306114e+01
0.000000000000000000e+00 0.000000000000000000e+00 0.000000000000000000e+00 0.000000000000000000e+00 0.000000000000000000e+00 0.000000000000000000e+00 0.000000000000000000e+00 0.000000000000000000e+00 1.281103840675779182e+01 1.026096425604127171e+00 0.000000000000000000e+00 0.000000000000000000e+00 0.000000000000000000e+00 1.721015478866377846e+00 5.301904152000208370e+00 0.000000000000000000e+00 0.000000000000000000e+00 -2.939477482295352662e+00 6.126109639598587009e+00 1.251728361861617600e+01 0.000000000000000000e+00 1.010825911621162199e+01 -8.877529797405498968e+00 8.456587192133178110e-01 9.294299887350263134e+00
0.000000000000000000e+00 0.000000000000000000e+00 0.000000000000000000e+00 0.000000000000000000e+00 0.000000000000000000e+00 0.000000000000000000e+00 0.000000000000000000e+00 -1.064190775579711890e+01 2.320077762947874156e-01 0.000000000000000000e+00 0.000000000000000000e+00 0.000000000000000000e+00 4.646349469706540170e+00 8.287903512796960470e+00 1.346769652497716852e+00 0.000000000000000000e+00 0.000000000000000000e+00 9.197893985480515511e+00 -6.090326580787072785e+00 -4.960724798571336525e-01 0.000000000000000000e+00 0.000000000000000000e+00 2.056582515821397195e+01 6.986319531038830632e+00 1.940951879370284683e+00
0.000000000000000000e+00 0.000000000000000000e+00 0.000000000000000000e+00 0.000000000000000000e+00 0.000000000000000000e+00 0.000000000000000000e+00 0.000000000000000000e+00 2.139533730615332985e+01 -9.558887822738073581e+00 -7.279094065257186941e+00 0.000000000000000000e+00 0.000000000000000000e+00 2.695359897866833609e-02 -3.986498137161103017e+00 -3.243561671977560401e+00 0.000000000000000000e+00 0.000000000000000000e+00 0.000000000000000000e+00 3.504463238260099978e+00 4.248896802983072263e+00 0.000000000000000000e+00 0.000000000000000000e+00 1.995210350628531915e+00 0.000000000000000000e+00 -4.228982449474319338e+00
0.000000000000000000e+00 0.000000000000000000e+00 0.000000000000000000e+00 0.000000000000000000e+00 0.000000000000000000e+00 0.000000000000000000e+00 0.000000000000000000e+00 6.692408738373758048e+00 1.913086017593944987e+01 6.688168755011692390e+00 0.000000000000000000e+00 0.000000000000000000e+00 0.000000000000000000e+00 1.651132471410167835e+00 2.119649592442853780e+00 0.000000000000000000e+00 0.000000000000000000e+00 0.000000000000000000e+00 4.708374984668478369e+00 -4.000713079314515142e+00 0.000000000000000000e+00 0.000000000000000000e+00 1.038098674993364412e+01 -6.878202666074784588e+00 1.030485998896748612e+01
0.000000000000000000e+00 0.000000000000000000e+00 0.000000000000000000e+00 0.000000000000000000e+00 0.000000000000000000e+00 0.000000000000000000e+00 0.000000000000000000e+00 3.024861865609117295e+00 6.117660260521758708e+00 1.734166734846205316e+00 0.000000000000000000e+00 -3.595817725696790479e+00 0.000000000000000000e+00 -1.625042208737939919e+00 1.553523295007915639e+00 0.000000000000000000e+00 -3.934411412993004120e+00 0.000000000000000000e+00 0.000000000000000000e+00 2.646346302948366258e+00 0.000000000000000000e+00 0.000000000000000000e+00 0.000000000000000000e+00 6.537657227569988905e+00 -3.818967111052117946e+00
0.000000000000000000e+00 -4.188761933956010708e+00 -7.228073837619175546e-01 -7.169109906726307546e-01 -1.195066861103672995e+00 0.000000000000000000e+00 -5.904754805896901271e-01 3.701908988562874758e-01 0.000000000000000000e+00 5.823796510932593762e+00 0.000000000000000000e+00 -2.335209078926297366e+01 -1.204850720851989010e+01 -1.638355124544931485e+01 -7.149654158786915570e-01 0.000000000000000000e+00 -2.066468575112436667e+01 0.000000000000000000e+00 -1.004499834844226225e+00 0.000000000000000000e+00 0.000000000000000000e+00 -1.038361664943863172e+00 -4.021929264285553640e-01 -9.513841384649657229e-01 -5.090585463109721154e+00
0.000000000000000000e+00 -1.957599382751163830e+01 -1.426689099784983839e+01 -1.615402902357082837e+01 -1.712362934053640018e+01 0.000000000000000000e+00 -1.432577984611707045e+01 0.000000000000000000e+00 -5.086530569080185415e-01 4.464451060613992439e+00 0.000000000000000000e+00 2.411146736469013874e+01 2.758581850442199723e+01 2.261690536015218100e+01 -1.663709504664876704e+01 0.000000000000000000e+00 2.220357966588393595e+01 -5.628938149232435073e+00 -1.533870482305037797e+01 0.000000000000000000e+00 0.000000000000000000e+00 -1.687263463465519564e+01 -1.425755957495205095e+01 -1.724327673920685911e+01 -1.797804378353202637e+01
0.000000000000000000e+00 3.000000000000000000e+01 2.900836534462683503e+01 2.990264134610711011e+01 2.791470292275598553e+01 0.000000000000000000e+00 3.000000000000000000e+01 0.000000000000000000e+00 5.928855916400847192e+00 -1.774892733750979446e+00 0.000000000000000000e+00 9.378495549709576551e+00 9.756992800988825820e+00 9.749276908206969239e+00 3.000000000000000000e+01 0.000000000000000000e+00 4.245843036855436736e+00 -2.886880461746489246e+01 3.000000000000000000e+01 -6.519883241400288298e+00 0.000000000000000000e+00 2.929753867785148813e+01 2.851856649118537490e+01 3.000000000000000000e+01 3.000000000000000000e+01
0.000000000000000000e+00 1.581543745197766704e+01 1.040151689633927390e+01 1.077699634665632367e+01 1.315808607545009146e+01 0.000000000000000000e+00 1.902999221684505216e+01 0.000000000000000000e+00 0.000000000000000000e+00 -1.253666367372169610e+01 0.000000000000000000e+00 0.000000000000000000e+00 9.128906104853704018e-02 0.000000000000000000e+00 1.357901611055062929e+01 0.000000000000000000e+00 0.000000000000000000e+00 1.841042600648303917e+01 8.550118797263742465e+00 -2.782054091275387364e+01 0.000000000000000000e+00 1.244004607475119428e+01 9.621428954461730854e+00 1.190416497607336765e+01 1.506649447228437566e+01
0.000000000000000000e+00 1.398942354678007538e+00 0.000000000000000000e+00 0.000000000000000000e+00 0.000000000000000000e+00 0.000000000000000000e+00 3.634788363283689705e+00 -6.427198518872387467e+00 0.000000000000000000e+00 -2.114097714222550550e+01 0.000000000000000000e+00 0.000000000000000000e+00 0.000000000000000000e+00 0.000000000000000000e+00 8.173071137823491039e-01 0.000000000000000000e+00 0.000000000000000000e+00 1.720275458252751299e+00 -9.168219246173865411e-01 2.414894928722018719e+01 0.000000000000000000e+00 0.000000000000000000e+00 0.000000000000000000e+00 0.000000000000000000e+00 1.855316671195138989e+00
0.000000000000000000e+00 0.000000000000000000e+00 0.000000000000000000e+00 0.000000000000000000e+00 0.000000000000000000e+00 0.000000000000000000e+00 0.000000000000000000e+00 0.000000000000000000e+00 0.000000000000000000e+00 0.000000000000000000e+00 0.000000000000000000e+00 0.000000000000000000e+00 0.000000000000000000e+00 0.000000000000000000e+00 0.000000000000000000e+00 0.000000000000000000e+00 0.000000000000000000e+00 0.000000000000000000e+00 0.000000000000000000e+00 0.000000000000000000e+00 0.000000000000000000e+00 0.000000000000000000e+00 0.000000000000000000e+00 0.000000000000000000e+00 0.000000000000000000e+00
0.000000000000000000e+00 0.000000000000000000e+00 0.000000000000000000e+00 4.855472337178193598e+00 2.444841039982438569e-01 0.000000000000000000e+00 0.000000000000000000e+00 4.393751134980068862e+00 0.000000000000000000e+00 1.840940824459087821e+01 0.000000000000000000e+00 0.000000000000000000e+00 0.000000000000000000e+00 3.039358974043916417e-01 4.371945502926896765e+00 0.000000000000000000e+00 0.000000000000000000e+00 3.535742396895821926e+00 3.538021776039151689e+00 -3.472386059863494800e-01 0.000000000000000000e+00 0.000000000000000000e+00 0.000000000000000000e+00 0.000000000000000000e+00 0.000000000000000000e+00
0.000000000000000000e+00 0.000000000000000000e+00 0.000000000000000000e+00 0.000000000000000000e+00 0.000000000000000000e+00 0.000000000000000000e+00 0.000000000000000000e+00 0.000000000000000000e+00 0.000000000000000000e+00 0.000000000000000000e+00 0.000000000000000000e+00 0.000000000000000000e+00 0.000000000000000000e+00 0.000000000000000000e+00 0.000000000000000000e+00 0.000000000000000000e+00 0.000000000000000000e+00 0.000000000000000000e+00 0.000000000000000000e+00 0.000000000000000000e+00 0.000000000000000000e+00 0.000000000000000000e+00 0.000000000000000000e+00 0.000000000000000000e+00 0.000000000000000000e+00
0.000000000000000000e+00 0.000000000000000000e+00 0.000000000000000000e+00 0.000000000000000000e+00 0.000000000000000000e+00 0.000000000000000000e+00 0.000000000000000000e+00 0.000000000000000000e+00 0.000000000000000000e+00 0.000000000000000000e+00 0.000000000000000000e+00 0.000000000000000000e+00 0.000000000000000000e+00 0.000000000000000000e+00 0.000000000000000000e+00 0.000000000000000000e+00 0.000000000000000000e+00 0.000000000000000000e+00 0.000000000000000000e+00 0.000000000000000000e+00 0.000000000000000000e+00 0.000000000000000000e+00 0.000000000000000000e+00 0.000000000000000000e+00 0.000000000000000000e+00
0.000000000000000000e+00 0.000000000000000000e+00 0.000000000000000000e+00 0.000000000000000000e+00 0.000000000000000000e+00 0.000000000000000000e+00 0.000000000000000000e+00 0.000000000000000000e+00 0.000000000000000000e+00 0.000000000000000000e+00 0.000000000000000000e+00 0.000000000000000000e+00 0.000000000000000000e+00 0.000000000000000000e+00 0.000000000000000000e+00 0.000000000000000000e+00 0.000000000000000000e+00 0.000000000000000000e+00 0.000000000000000000e+00 0.000000000000000000e+00 0.000000000000000000e+00 0.000000000000000000e+00 0.000000000000000000e+00 0.000000000000000000e+00 0.000000000000000000e+00
0.000000000000000000e+00 -1.226497791734463827e-01 -1.501746985128193046e+01 -4.265387655193088046e-01 4.299554250546491652e+00 0.000000000000000000e+00 -7.228006644116770074e-01 4.703103189539916684e-01 4.014607488821367198e+00 4.438252096623943821e+00 0.000000000000000000e+00 0.000000000000000000e+00 -6.588980588935678284e+00 -1.454729265840965624e+01 -1.019277081873056368e+01 0.000000000000000000e+00 1.746489959315006857e+01 7.369620408877175066e+00 2.656911511239340840e+01 -3.431376833096679846e+00 0.000000000000000000e+00 0.000000000000000000e+00 0.000000000000000000e+00 0.000000000000000000e+00 0.000000000000000000e+00
0.000000000000000000e+00 -1.476490100395472460e+01 1.888369125290058292e+01 1.345033178148304565e+01 -6.833809475406764200e+00 0.000000000000000000e+00 -1.537931063589069858e+01 0.000000000000000000e+00 3.401892999240843984e+00 -3.985989520144479492e+00 0.000000000000000000e+00 -6.007088989743668783e+00 2.175706703446834211e+01 2.190996558044935227e+01 2.446084630690015160e+01 0.000000000000000000e+00 5.585118534004159807e-01 0.000000000000000000e+00 1.355215257638990245e+01 -2.019057094897434368e+01 0.000000000000000000e+00 0.000000000000000000e+00 0.000000000000000000e+00 0.000000000000000000e+00 0.000000000000000000e+00
0.000000000000000000e+00 2.437416886565421592e+01 6.253894837629100367e-01 0.000000000000000000e+00 -7.195775059407676366e+00 0.000000000000000000e+00 2.130498247429875747e+01 -1.137607977638799994e+01 -5.907695790644778455e+00 -6.779959328859999523e+00 0.000000000000000000e+00 2.247334655455686203e+01 1.168712682759179877e+01 3.070336971390637881e+00 1.048126501069803140e+01 0.000000000000000000e+00 0.000000000000000000e+00 0.000000000000000000e+00 0.000000000000000000e+00 1.729571339541967134e+01 0.000000000000000000e+00 0.000000000000000000e+00 0.000000000000000000e+00 0.000000000000000000e+00 0.000000000000000000e+00
0.000000000000000000e+00 6.115606676911654604e-01 0.000000000000000000e+00 -3.575935503986896080e+00 7.916076486550100988e+00 0.000000000000000000e+00 1.015524608958691566e+00 1.326069688925034207e+01 0.000000000000000000e+00 3.949452126888891357e+00 0.000000000000000000e+00 8.769848247974634248e+00 0.000000000000000000e+00 0.000000000000000000e+00 0.000000000000000000e+00 0.000000000000000000e+00 0.000000000000000000e+00 0.000000000000000000e+00 0.000000000000000000e+00 9.009054686992783445e-01 0.000000000000000000e+00 0.000000000000000000e+00 0.000000000000000000e+00 0.000000000000000000e+00 0.000000000000000000e+00
0.000000000000000000e+00 -3.709089674192754815e-01 -1.205788785906669824e+00 -2.498985621342987518e+00 1.283421396170554907e+01 0.000000000000000000e+00 0.000000000000000000e+00 1.459290869931626267e+00 2.786087833915253054e+00 2.274030113817833598e+00 0.000000000000000000e+00 0.000000000000000000e+00 -8.238018023369001241e+00 -4.995689244166319654e+00 -5.754124137511710479e+00 0.000000000000000000e+00 0.000000000000000000e+00 0.000000000000000000e+00 0.000000000000000000e+00 0.000000000000000000e+00 0.000000000000000000e+00 0.000000000000000000e+00 0.000000000000000000e+00 0.000000000000000000e+00 0.000000000000000000e+00
0.000000000000000000e+00 2.905281777011861521e+00 6.704475299054084125e+00 9.638738644642319997e+00 -4.353504833943079966e+00 0.000000000000000000e+00 -4.768972856675806504e+00 -3.568522829408240504e+00 2.609800803813553394e-01 -3.825408736724692282e+00 0.000000000000000000e+00 3.319434414371088771e+00 4.568126374940428391e+00 8.102415963471777616e+00 1.567171710157257181e+01 0.000000000000000000e+00 0.000000000000000000e+00 0.000000000000000000e+00 0.000000000000000000e+00 0.000000000000000000e+00 0.000000000000000000e+00 0.000000000000000000e+00 0.000000000000000000e+00 0.000000000000000000e+00 0.000000000000000000e+00
0.000000000000000000e+00 1.161378432161206176e+00 -3.138992497071536825e+00 -2.265585774179071699e+00 4.219539792848455151e-01 0.000000000000000000e+00 5.180552312426669914e+00 1.103683108379841071e+00 -3.095902051238855979e+00 7.551880963700503102e+00 0.000000000000000000e+00 1.146244500495925273e-01 0.000000000000000000e+00 0.000000000000000000e+00 4.376779637221003827e-01 0.000000000000000000e+00 0.000000000000000000e+00 0.000000000000000000e+00 0.000000000000000000e+00 0.000000000000000000e+00 0.000000000000000000e+00 0.000000000000000000e+00 0.000000000000000000e+00 0.000000000000000000e+00 0.000000000000000000e+00
0.000000000000000000e+00 1.421998962927955912e+00 -2.922533355531239940e-01 2.162707420329511354e+00 6.192944377872425576e+00 0.000000000000000000e+00 6.388656028524350106e+00 1.986642530597059864e+00 5.807862597545556227e+00 2.135968162891951572e+00 0.000000000000000000e+00 0.000000000000000000e+00 0.000000000000000000e+00 0.000000000000000000e+00 0.000000000000000000e+00 0.000000000000000000e+00 0.000000000000000000e+00 0.000000000000000000e+00 0.000000000000000000e+00 0.000000000000000000e+00 0.000000000000000000e+00 0.000000000000000000e+00 0.000000000000000000e+00 0.000000000000000000e+00 0.000000000000000000e+00
-9.575787395617965103e-01 -4.172722833518664465e-01 2.222228539228159050e-01 1.362767508063453814e-01 -2.533849198681524140e+00 -1.124209905943455823e+00 -2.727948592903979286e-01 0.000000000000000000e+00 7.233519673248149040e+00 0.000000000000000000e+00 0.000000000000000000e+00 0.000000000000000000e+00 0.000000000000000000e+00 0.000000000000000000e+00 -6.317965884316752323e+00 -5.779095507452207237e+00 0.000000000000000000e+00 0.000000000000000000e+00 0.000000000000000000e+00 -1.379813055554905521e+00 0.000000000000000000e+00 0.000000000000000000e+00 0.000000000000000000e+00 0.000000000000000000e+00 0.000000000000000000e+00
-1.370966769057604573e+01 -1.277159193558400752e+01 -7.958956528114206286e+00 -3.403663278251773505e+00 -1.669918766022456325e+01 -1.627053295134220079e+01 -1.191333908423051824e+01 -1.018145721737671039e+01 4.553749951763789383e+00 -9.196472682312064606e+00 -1.094168520636346642e+01 -1.022328102582153164e+01 -1.455601811690200087e+00 -5.256055930269816656e+00 -1.676202277512168592e+01 -1.848858342250562359e+01 -2.520828010202724734e+00 -3.024211238839171756e+00 0.000000000000000000e+00 -1.855557838243175084e+01 0.000000000000000000e+00 0.000000000000000000e+00 0.000000000000000000e+00 0.000000000000000000e+00 0.000000000000000000e+00
2.430224379568456072e+01 2.571139991817094383e+01 -2.108803605231554457e+01 1.210129854274272887e+01 2.594939893297268441e+01 2.741360709278436047e+01 2.814497556696574065e+01 1.358900048315408071e+01 2.090229304447701608e-01 2.487498340545000275e+01 2.561031213138472040e+01 -2.314398817136039810e+01 -1.515691949767970392e+01 -2.069821320811200138e+01 2.829677601832651135e+01 2.823338057874965301e+01 -1.763260768065280004e+01 -1.771589053442639994e+01 -1.171536781273112560e+01 2.787770448819262015e+01 0.000000000000000000e+00 0.000000000000000000e+00 0.000000000000000000e+00 0.000000000000000000e+00 0.000000000000000000e+00
1.074291758491727045e+01 1.137242322467221456e+01 -2.181917276496737657e+01 -6.878660371752760572e-01 1.426888034835350538e+01 1.185094861732880567e+01 1.040788498817351559e+01 1.898483725242929021e-02 0.000000000000000000e+00 5.216927652925957837e+00 7.875531337023692124e+00 9.645050389323172269e+00 2.092262662868351697e+01 2.127320167464215217e+01 1.408102468807357432e+01 1.525403868966154697e+01 -2.307381949442461888e+01 3.000000000000000000e+01 -2.084745229225685392e+01 1.298415757508648305e+01 0.000000000000000000e+00 0.000000000000000000e+00 0.000000000000000000e+00 0.000000000000000000e+00 0.000000000000000000e+00
0.000000000000000000e+00 7.654244545412202116e-01 2.597395121760660786e+01 -1.283516768535431929e+01 1.304308929561505792e+00 0.000000000000000000e+00 0.000000000000000000e+00 0.000000000000000000e+00 -4.526016022437232778e+00 0.000000000000000000e+00 0.000000000000000000e+00 0.000000000000000000e+00 6.013004059474865493e+00 3.916763174604160902e+00 1.558371933955979838e+00 1.678978929000176867e+00 2.145470680300176625e+01 1.944640901142713929e+01 2.291041979904251846e+01 0.000000000000000000e+00 0.000000000000000000e+00 0.000000000000000000e+00 0.000000000000000000e+00 0.000000000000000000e+00 0.000000000000000000e+00
6.557205116406038314e+00 -1.135245078208055203e+00 1.808610303511306938e+01 2.531698815016085291e+01 0.000000000000000000e+00 0.000000000000000000e+00 0.000000000000000000e+00 -2.294712423448172500e-01 -1.134321687142880730e-01 0.000000000000000000e+00 0.000000000000000000e+00 0.000000000000000000e+00 0.000000000000000000e+00 0.000000000000000000e+00 0.000000000000000000e+00 0.000000000000000000e+00 8.232460576482750980e+00 5.854074256495806594e+00 8.882371819154560200e+00 0.000000000000000000e+00 0.000000000000000000e+00 0.000000000000000000e+00 0.000000000000000000e+00 0.000000000000000000e+00 0.000000000000000000e+00
-5.834108146159655561e+00 1.808018756767106661e+00 8.882075536464956400e+00 9.176012659763806312e+00 0.000000000000000000e+00 1.210976634203667190e+00 -3.600549884347377549e+00 7.029799756120031162e+00 9.108624290643327015e+00 0.000000000000000000e+00 0.000000000000000000e+00 0.000000000000000000e+00 0.000000000000000000e+00 0.000000000000000000e+00 0.000000000000000000e+00 0.000000000000000000e+00 0.000000000000000000e+00 0.000000000000000000e+00 0.000000000000000000e+00 0.000000000000000000e+00 0.000000000000000000e+00 0.000000000000000000e+00 0.000000000000000000e+00 0.000000000000000000e+00 0.000000000000000000e+00
8.332451247623929191e+00 -6.603776599313559537e+00 -9.552204432642011911e-01 2.591379188448303061e+00 0.000000000000000000e+00 3.944685620999161646e+00 -1.576829117338804043e+00 -1.061660566508480841e+00 -1.101271870193311209e+01 0.000000000000000000e+00 -8.862629564194705267e+00 0.000000000000000000e+00 0.000000000000000000e+00 -1.085931939751940467e+00 0.000000000000000000e+00 0.000000000000000000e+00 0.000000000000000000e+00 0.000000000000000000e+00 0.000000000000000000e+00 0.000000000000000000e+00 0.000000000000000000e+00 0.000000000000000000e+00 0.000000000000000000e+00 0.000000000000000000e+00 0.000000000000000000e+00
-2.712801079174109176e-01 5.527022609482810545e+00 -9.701601828332367949e-02 0.000000000000000000e+00 0.000000000000000000e+00 0.000000000000000000e+00 4.803195908783542301e+00 1.374291303962299438e+01 1.577272450418190886e+01 0.000000000000000000e+00 -1.812516202263860343e+00 -5.644007139531545647e+00 -5.816284268281382452e+00 5.777506994992404721e+00 0.000000000000000000e+00 0.000000000000000000e+00 0.000000000000000000e+00 0.000000000000000000e+00 0.000000000000000000e+00 0.000000000000000000e+00 0.000000000000000000e+00 0.000000000000000000e+00 0.000000000000000000e+00 0.000000000000000000e+00 0.000000000000000000e+00
1.688208540468228436e-01 5.120587337485840607e+00 3.147072453054087671e+00 0.000000000000000000e+00 0.000000000000000000e+00 -1.029097361910539199e+01 -1.867624114737267416e+00 -2.015963341042184886e+00 7.614352675820480476e-01 0.000000000000000000e+00 4.554785787523568885e+00 5.558194864777934896e+00 5.949397523672171673e+00 4.728467352161429549e-01 0.000000000000000000e+00 0.000000000000000000e+00 0.000000000000000000e+00 0.000000000000000000e+00 0.000000000000000000e+00 0.000000000000000000e+00 0.000000000000000000e+00 0.000000000000000000e+00 0.000000000000000000e+00 0.000000000000000000e+00 0.000000000000000000e+00
-1.573196090748953502e+01 -1.610933477790383650e+00 -4.564040723725725890e+00 -7.954485060660334561e-01 0.000000000000000000e+00 -9.275400607720662993e-01 -1.196364933886378878e+01 3.175634366007708653e+00 0.000000000000000000e+00 0.000000000000000000e+00 3.033916342423269352e+00 -3.138730512269235717e+00 -7.731331193222661824e+00 0.000000000000000000e+00 0.000000000000000000e+00 0.000000000000000000e+00 0.000000000000000000e+00 0.000000000000000000e+00 0.000000000000000000e+00 0.000000000000000000e+00 0.000000000000000000e+00 0.000000000000000000e+00 0.000000000000000000e+00 0.000000000000000000e+00 0.000000000000000000e+00
1.149128011499846558e+01 6.362373359336729095e+00 4.092774697460366817e-01 -1.515907691995899498e+01 0.000000000000000000e+00 4.824179415167942686e+00 1.382225174268923418e+01 -2.970404468051448088e+00 0.000000000000000000e+00 0.000000000000000000e+00 -5.088494064442490306e+00 6.475282853449376042e+00 -3.731911585721007230e-01 -5.428258280293929872e+00 0.000000000000000000e+00 -7.442655204125593116e+00 0.000000000000000000e+00 0.000000000000000000e+00 -6.644864765014747654e+00 0.000000000000000000e+00 0.000000000000000000e+00 0.000000000000000000e+00 0.000000000000000000e+00 0.000000000000000000e+00 0.000000000000000000e+00
-1.119175032889525800e+00 0.000000000000000000e+00 -9.757307635524643530e+00 1.574077859493747766e+01 0.000000000000000000e+00 0.000000000000000000e+00 1.871327399806193281e-01 7.619230349795554247e+00 0.000000000000000000e+00 0.000000000000000000e+00 1.161910734285006797e+00 5.830999929400274340e+00 3.851663181634029876e+00 9.679142468234539720e+00 0.000000000000000000e+00 9.398628329099778966e+00 0.000000000000000000e+00 -4.350549236375512940e+00 1.008204704321351031e+01 0.000000000000000000e+00 0.000000000000000000e+00 0.000000000000000000e+00 0.000000000000000000e+00 0.000000000000000000e+00 0.000000000000000000e+00
2.000393634262140452e+00 5.224063607100199569e+00 1.218938441790522376e+01 1.041970982699476966e+00 0.000000000000000000e+00 5.648401287221045841e+00 -3.076437155109613020e+00 0.000000000000000000e+00 0.000000000000000000e+00 0.000000000000000000e+00 -3.015362473802602139e+00 0.000000000000000000e+00 0.000000000000000000e+00 6.026896486232214301e+00 0.000000000000000000e+00 9.559359931663617971e+00 -8.504941920575724623e+00 2.070083832700332138e+01 1.066924836978631674e+01 0.000000000000000000e+00 0.000000000000000000e+00 0.000000000000000000e+00 0.000000000000000000e+00 0.000000000000000000e+00 0.000000000000000000e+00
1.185690079297086363e+00 -9.137860456901778505e+00 2.052465865416137347e-01 0.000000000000000000e+00 0.000000000000000000e+00 1.925422255579620101e+00 7.781982981668287280e+00 0.000000000000000000e+00 0.000000000000000000e+00 0.000000000000000000e+00 9.260534921928215368e+00 -9.006241114516783108e-01 -2.622106889891921977e-01 0.000000000000000000e+00 0.000000000000000000e+00 0.000000000000000000e+00 1.854977100242950883e+01 7.289981402311429548e+00 0.000000000000000000e+00 0.000000000000000000e+00 0.000000000000000000e+00 0.000000000000000000e+00 0.000000000000000000e+00 0.000000000000000000e+00 0.000000000000000000e+00
0.000000000000000000e+00 -2.316885238679933678e+00 -7.334995839175188159e+00 0.000000000000000000e+00 0.000000000000000000e+00 -3.582537139541807747e+00 -3.328762173428164495e+00 -1.022133459959738744e+01 0.000000000000000000e+00 0.000000000000000000e+00 -1.347585331243298101e-01 4.160193531302915915e+00 3.613972620384816814e+00 0.000000000000000000e+00 0.000000000000000000e+00 -1.703539387386670434e+00 4.909414249386163220e+00 -5.975249123831304132e+00 0.000000000000000000e+00 0.000000000000000000e+00 0.000000000000000000e+00 0.000000000000000000e+00 0.000000000000000000e+00 0.000000000000000000e+00 0.000000000000000000e+00
-3.124599408512436227e-01 6.388528241794610096e+00 6.568831997086896024e+00 0.000000000000000000e+00 0.000000000000000000e+00 1.513016130842667284e+00 2.902629285415815996e+00 1.876872106706109378e+01 0.000000000000000000e+00 0.000000000000000000e+00 4.668911287563033419e+00 -4.582502045516844369e+00 4.645961104345523729e-02 0.000000000000000000e+00 0.000000000000000000e+00 9.742715351628698173e+00 -6.792865254693024823e+00 1.018889888941723321e+01 0.000000000000000000e+00 0.000000000000000000e+00 0.000000000000000000e+00 0.000000000000000000e+00 0.000000000000000000e+00 0.000000000000000000e+00 0.000000000000000000e+00
8.494747301487798552e+00 2.044474673253868779e+00 0.000000000000000000e+00 0.000000000000000000e+00 0.000000000000000000e+00 1.331674864662325763e+00 0.000000000000000000e+00 4.441346778835380427e+00 0.000000000000000000e+00 0.000000000000000000e+00 -6.609689009395098402e+00 1.379900953818143927e-01 -3.318478781118346710e+00 0.000000000000000000e+00 0.000000000000000000e+00 -7.516686518428873143e+00 -1.059191911952810594e+00 0.000000000000000000e+00 0.000000000000000000e+00 0.000000000000000000e+00 0.000000000000000000e+00 0.000000000000000000e+00 0.000000000000000000e+00 0.000000000000000000e+00 0.000000000000000000e+00
-2.438757389879928184e+00 -7.419579589501709149e-01 -7.229288666676667585e-01 -1.252332857696757618e+00 0.000000000000000000e+00 -5.478727719152316489e-01 0.000000000000000000e+00 4.673683056125634394e+00 0.000000000000000000e+00 0.000000000000000000e+00 -1.847628720609903752e+01 -1.177028355042083163e+01 -1.808383274257566953e+01 -9.031844089054781310e-01 0.000000000000000000e+00 -2.146573557812359923e+01 9.690123566348698980e-02 -1.033195868223728331e+00 0.000000000000000000e+00 0.000000000000000000e+00 -1.074134018445883854e+00 -3.835652135543092811e-01 -7.621899988094951173e-01 -3.170682179457377625e+00 0.000000000000000000e+00
-1.663269898600465524e+01 -1.399933566392137507e+01 -1.308407164082337637e+01 -1.752932557617909737e+01 0.000000000000000000e+00 -9.336223127616920081e+00 -1.507045137741409135e+00 2.999719386396739740e+00 0.000000000000000000e+00 0.000000000000000000e+00 2.440542246598715792e+01 3.000000000000000000e+01 3.000000000000000000e+01 -9.740851568330210597e+00 0.000000000000000000e+00 2.640908681547842463e+01 -2.030766381263569453e+00 -1.441076516157672316e+01 0.000000000000000000e+00 0.000000000000000000e+00 -1.497110889733580841e+01 -1.087929089366448920e+01 -1.309811742252289868e+01 -1.945186289786483513e+01 0.000000000000000000e+00
2.574764622971617456e+01 2.806185214172367992e+01 2.700690522151980133e+01 2.821461549778303990e+01 0.000000000000000000e+00 -2.262170631525915709e+01 1.481728714680739500e+01 0.000000000000000000e+00 -1.320362915865986031e-01 0.000000000000000000e+00 1.027048298633681611e+01 1.240018338100646744e+01 8.437467607998389241e+00 2.657468091032467328e+01 0.000000000000000000e+00 1.357672204716865316e+01 -1.658789580976541345e+01 -1.112451328481001767e+01 -6.394747163762958486e+00 0.000000000000000000e+00 2.583464306222139228e+01 2.730546752955292433e+01 2.736868509141296357e+01 2.848175070532074216e+01 0.000000000000000000e+00
1.282109218063510525e+01 1.017550019924312821e+01 9.499163266699243380e+00 1.210660792615325754e+01 0.000000000000000000e+00 1.781724037758334944e+01 8.398798034646077770e-01 0.000000000000000000e+00 -1.371578754790786192e+01 0.000000000000000000e+00 0.000000000000000000e+00 1.359968370582988750e-01 0.000000000000000000e+00 1.215038114848233519e+01 0.000000000000000000e+00 0.000000000000000000e+00 1.552288185850687796e+01 1.456340216238904617e+01 -1.716498994386493848e+01 0.000000000000000000e+00 1.097546381933449133e+01 8.758767290519713811e+00 1.048536754605724575e+01 1.480020531239039450e+01 0.000000000000000000e+00
5.224880100887032697e-01 0.000000000000000000e+00 0.000000000000000000e+00 0.000000000000000000e+00 0.000000000000000000e+00 4.576364659797471646e-01 0.000000000000000000e+00 -4.416132888519168631e-01 -2.110995691800479790e+01 0.000000000000000000e+00 0.000000000000000000e+00 0.000000000000000000e+00 0.000000000000000000e+00 1.202696523735446998e-01 0.000000000000000000e+00 1.187617739551687368e-01 7.733383961994297895e-01 0.000000000000000000e+00 2.277158224758883165e+01 0.000000000000000000e+00 -1.525999506239654746e-01 0.000000000000000000e+00 0.000000000000000000e+00 7.324955578938803225e-01 0.000000000000000000e+00
0.000000000000000000e+00 0.000000000000000000e+00 0.000000000000000000e+00 0.000000000000000000e+00 0.000000000000000000e+00 8.524394170237801660e+00 -5.526463691170701686e+00 6.423715248653473431e+00 2.567429029062645185e+01 0.000000000000000000e+00 -2.702547283926376664e+00 0.000000000000000000e+00 0.000000000000000000e+00 0.000000000000000000e+00 0.000000000000000000e+00 -1.665675674562884900e+00 -1.059116924696426265e+00 0.000000000000000000e+00 5.061700726792746963e+00 0.000000000000000000e+00 6.728151936881144657e+00 -4.789202628330599509e+00 0.000000000000000000e+00 0.000000000000000000e+00 0.000000000000000000e+00
0.000000000000000000e+00 0.000000000000000000e+00 0.000000000000000000e+00 0.000000000000000000e+00 0.000000000000000000e+00 5.901787682771467480e+00 1.140507513138812001e+01 4.604917617658723650e-01 1.222414248475677923e+01 0.000000000000000000e+00 0.000000000000000000e+00 -3.855175055585505550e+00 0.000000000000000000e+00 0.000000000000000000e+00 0.000000000000000000e+00 3.531029005329562875e-01 5.361308128184861133e+00 0.000000000000000000e+00 0.000000000000000000e+00 0.000000000000000000e+00 3.442771213837635624e+00 4.119469175734200128e+00 -1.522371888666017858e-01 0.000000000000000000e+00 0.000000000000000000e+00
0.000000000000000000e+00 0.000000000000000000e+00 0.000000000000000000e+00 0.000000000000000000e+00 0.000000000000000000e+00 -7.490316472203581988e+00 1.289653159656614356e+01 -1.366769775972096213e+01 1.618604217051644145e+00 0.000000000000000000e+00 -2.779465213789092726e+00 8.744417178534080293e+00 0.000000000000000000e+00 0.000000000000000000e+00 0.000000000000000000e+00 -8.013797732818433772e+00 3.539229262268066112e+00 -8.276375417585839500e+00 0.000000000000000000e+00 0.000000000000000000e+00 1.348182988460410181e+00 7.252838566663650788e-01 4.295165801449488008e+00 0.000000000000000000e+00 0.000000000000000000e+00
0.000000000000000000e+00 0.000000000000000000e+00 0.000000000000000000e+00 0.000000000000000000e+00 0.000000000000000000e+00 5.741533493063936788e+00 0.000000000000000000e+00 1.964864315050595422e+01 0.000000000000000000e+00 0.000000000000000000e+00 -1.656329524635792028e-01 -1.180448023412867531e-01 -2.799210025809831137e+00 0.000000000000000000e+00 0.000000000000000000e+00 5.014746848119091105e+00 0.000000000000000000e+00 5.920905093316993772e-01 0.000000000000000000e+00 0.000000000000000000e+00 -1.318003326376653739e+00 -7.074420707881975190e+00 2.660461244343225395e+00 0.000000000000000000e+00 0.000000000000000000e+00
0.000000000000000000e+00 0.000000000000000000e+00 0.000000000000000000e+00 0.000000000000000000e+00 0.000000000000000000e+00 0.000000000000000000e+00 -6.658171693842255268e-01 3.206727295012984591e+00 0.000000000000000000e+00 0.000000000000000000e+00 8.705749342756769593e+00 5.520617943588980836e+00 6.872461650472278194e+00 0.000000000000000000e+00 0.000000000000000000e+00 3.058553279908645450e+00 0.000000000000000000e+00 0.000000000000000000e+00 0.000000000000000000e+00 0.000000000000000000e+00 -1.667490529646640951e+01 7.110987383512282989e+00 -9.932497348910375834e+00 0.000000000000000000e+00 0.000000000000000000e+00
0.000000000000000000e+00 0.000000000000000000e+00 0.000000000000000000e+00 0.000000000000000000e+00 0.000000000000000000e+00 -1.478193426589454185e-01 -1.361855619134253459e+01 0.000000000000000000e+00 0.000000000000000000e+00 0.000000000000000000e+00 -1.862308705118526642e-01 -2.598115695033595962e-01 6.201833897844691634e+00 0.000000000000000000e+00 0.000000000000000000e+00 2.807926707397325750e+00 2.644470453050177916e+00 -5.111522025138740766e+00 -9.781323609666848995e+00 0.000000000000000000e+00 2.131722368319537964e+01 1.290018231755427713e+01 -3.864838768930725976e+00 -2.764333102756879157e+00 0.000000000000000000e+00
0.000000000000000000e+00 0.000000000000000000e+00 0.000000000000000000e+00 0.000000000000000000e+00 0.000000000000000000e+00 -1.043557677123334493e+01 9.509125837500993939e+00 0.000000000000000000e+00 0.000000000000000000e+00 0.000000000000000000e+00 -1.388391445825892134e+01 6.079916759799226078e+00 2.420512817760960278e+00 0.000000000000000000e+00 0.000000000000000000e+00 -7.402629164103186277e+00 1.466545664059782084e+01 2.018732885418699752e+01 2.145796358886864397e+01 0.000000000000000000e+00 2.297312131222685405e+00 -2.587079113081965698e+00 9.141560140842832638e+00 -1.500566442526885425e+01 0.000000000000000000e+00
0.000000000000000000e+00 0.000000000000000000e+00 0.000000000000000000e+00 0.000000000000000000e+00 0.000000000000000000e+00 1.842762392372988245e+01 4.905682117617786164e-01 0.000000000000000000e+00 -6.393632438728519496e+00 0.000000000000000000e+00 1.607115216891376264e+01 -9.168605860461601864e+00 1.424330068935873772e+00 -8.692663773644959679e-01 0.000000000000000000e+00 1.118571616853397677e+00 6.464501788877262456e+00 9.179114506887199099e+00 6.602595073936638137e+00 0.000000000000000000e+00 0.000000000000000000e+00 -3.072814032333087475e+00 0.000000000000000000e+00 1.519736777245600479e+01 0.000000000000000000e+00
0.000000000000000000e+00 0.000000000000000000e+00 0.000000000000000000e+00 0.000000000000000000e+00 0.000000000000000000e+00 1.256611717782926574e+00 0.000000000000000000e+00 0.000000000000000000e+00 6.192694795215707870e+00 0.000000000000000000e+00 1.046436357149754581e+00 1.156712445131023870e+01 0.000000000000000000e+00 4.884865965933419041e+00 0.000000000000000000e+00 7.123679056068710658e+00 -3.492513953361897627e+00 0.000000000000000000e+00 0.000000000000000000e+00 0.000000000000000000e+00 0.000000000000000000e+00 0.000000000000000000e+00 0.000000000000000000e+00 9.334149386300991669e-01 0.000000000000000000e+00
0.000000000000000000e+00 0.000000000000000000e+00 0.000000000000000000e+00 0.000000000000000000e+00 0.000000000000000000e+00 0.000000000000000000e+00 0.000000000000000000e+00 0.000000000000000000e+00 1.184085406263859319e+01 0.000000000000000000e+00 -4.132699424765221008e-01 -5.697667707210468002e+00 -3.170481433247514857e+00 0.000000000000000000e+00 0.000000000000000000e+00 2.726632639179051409e+00 0.000000000000000000e+00 8.827202682080041996e+00 0.000000000000000000e+00 0.000000000000000000e+00 0.000000000000000000e+00 -1.065988996727739213e+01 -1.038435919490690473e+01 -6.333281206478827308e+00 0.000000000000000000e+00
0.000000000000000000e+00 0.000000000000000000e+00 0.000000000000000000e+00 0.000000000000000000e+00 0.000000000000000000e+00 0.000000000000000000e+00 0.000000000000000000e+00 0.000000000000000000e+00 0.000000000000000000e+00 0.000000000000000000e+00 4.048413213349600248e+00 8.569395905294822313e+00 1.024937512885062851e+01 -8.152982088597115151e+00 0.000000000000000000e+00 -6.148282211085076554e+00 -4.680150329345332594e+00 0.000000000000000000e+00 -4.966851947876325113e+00 0.000000000000000000e+00 1.201983220064661495e+01 5.013828725229142691e+00 9.500072419876158136e+00 1.445655728422232045e+01 0.000000000000000000e+00
0.000000000000000000e+00 0.000000000000000000e+00 0.000000000000000000e+00 0.000000000000000000e+00 0.000000000000000000e+00 0.000000000000000000e+00 0.000000000000000000e+00 0.000000000000000000e+00 0.000000000000000000e+00 0.000000000000000000e+00 8.527823796225136865e-01 0.000000000000000000e+00 0.000000000000000000e+00 -1.875522369927520749e+00 0.000000000000000000e+00 8.011856887871761757e+00 1.100770535482496815e+00 -2.391608905367123672e+00 8.323295963476830650e+00 0.000000000000000000e+00 4.310147985842136542e-01 0.000000000000000000e+00 4.843610032806282106e+00 5.279887977882692374e-01 0.000000000000000000e+00
0.000000000000000000e+00 0.000000000000000000e+00 0.000000000000000000e+00 0.000000000000000000e+00 0.000000000000000000e+00 0.000000000000000000e+00 0.000000000000000000e+00 0.000000000000000000e+00 0.000000000000000000e+00 0.000000000000000000e+00 0.000000000000000000e+00 0.000000000000000000e+00 0.000000000000000000e+00 5.945325214261480973e+00 0.000000000000000000e+00 2.211896779923796075e+00 1.665896031934887001e-01 3.874596248855032954e+00 6.861543302479311990e+00 0.000000000000000000e+00 6.889762510280585950e+00 3.347170876223596991e+00 -1.779543708578030570e+00 2.303019617653615292e+00 0.000000000000000000e+00
0.000000000000000000e+00 0.000000000000000000e+00 0.000000000000000000e+00 0.000000000000000000e+00 0.000000000000000000e+00 -1.067533460693834924e+00 -1.795046226131038203e-01 0.000000000000000000e+00 0.000000000000000000e+00 -2.833945987705557723e+00 -1.244103132370695253e+00 -2.988470060453640720e-01 0.000000000000000000e+00 8.389027789708976002e+00 0.000000000000000000e+00 0.000000000000000000e+00 0.000000000000000000e+00 0.000000000000000000e+00 -4.579287630213463522e+00 -6.954662939801339760e+00 -4.820451151950083002e+00 2.438558453056207387e-01 0.000000000000000000e+00 3.399913116198913343e+00 -1.508618397502623720e+00
0.000000000000000000e+00 0.000000000000000000e+00 0.000000000000000000e+00 0.000000000000000000e+00 0.000000000000000000e+00 -1.518413693831318234e+01 -1.384447768852588112e+01 -8.954799873586241077e+00 0.000000000000000000e+00 -1.861526519064551621e+01 -1.532751988240866758e+01 -1.142099617387790467e+01 -9.072306015373655441e+00 -4.737705418393526102e+00 -8.439855264162275716e+00 -1.050057086893029634e+01 -1.044663324785234515e+01 -4.038004516688027401e-01 -5.615945390718435348e+00 -2.179581888690060865e+01 -1.752379233238026757e+01 -3.234437214283882422e+00 -1.863491380199424174e+00 -3.073022621855883596e+00 -1.484783252266208464e+01
