# yaw
0.000000000000000000e+00 0.000000000000000000e+00 -2.406661138344398765e+01 0.000000000000000000e+00 0.000000000000000000e+00 3.000000000000000000e+01 -2.153802037913622058e+01 0.000000000000000000e+00 0.000000000000000000e+00 3.000000000000000000e+01 3.000000000000000000e+01 -1.743128417310381550e+01 -2.170123140191788025e+01 3.000000000000000000e+01 3.000000000000000000e+01 3.000000000000000000e+01 1.491768957190398837e+01 -2.022473851162475356e+01 1.033751284746517118e+00 3.000000000000000000e+01 3.000000000000000000e+01 3.000000000000000000e+01 -2.581036739905955812e+01 3.000000000000000000e+01 3.000000000000000000e+01
0.000000000000000000e+00 0.000000000000000000e+00 -3.000000000000000000e+01 0.000000000000000000e+00 0.000000000000000000e+00 3.000000000000000000e+01 3.000000000000000000e+01 0.000000000000000000e+00 0.000000000000000000e+00 3.000000000000000000e+01 3.000000000000000000e+01 2.821848784632773999e+01 3.000000000000000000e+01 2.930572644429527784e+01 3.000000000000000000e+01 2.655050970844843761e+01 -1.468227224455142910e+01 -2.739451956282984568e+01 -2.445210944200621128e+01 3.000000000000000000e+01 1.790605286406574947e+01 -7.956100783580644986e+00 -2.596131013080209371e+01 -3.000000000000000000e+01 2.369471342079355480e+01
0.000000000000000000e+00 0.000000000000000000e+00 3.000000000000000000e+01 0.000000000000000000e+00 0.000000000000000000e+00 2.068656432183571781e+01 2.533136669642561856e+01 0.000000000000000000e+00 0.000000000000000000e+00 2.449374583623013990e+01 1.389995918739437819e+01 1.554037521389377652e+01 2.384264686548853973e+01 2.017737595812541684e+01 2.285667706285213541e+01 1.990600941408664326e+01 -3.000000000000000000e+01 2.419728709991664317e+01 -2.874596903402160208e+01 2.055850174662322161e+01 7.061390483291935638e+00 -2.680838198727930077e+01 3.000000000000000000e+01 2.898247447138889754e+01 2.861349002229568939e+01
0.000000000000000000e+00 0.000000000000000000e+00 3.000000000000000000e+01 0.000000000000000000e+00 0.000000000000000000e+00 1.594228189020713948e+01 1.606268564892961592e+01 0.000000000000000000e+00 0.000000000000000000e+00 1.651933117882045110e+01 1.125052717906419453e+01 -2.116421922689119217e+00 -8.865099573701417102e-01 1.342549701466393230e+01 1.389646883144341061e+01 1.359498346482652131e+01 3.000000000000000000e+01 3.000000000000000000e+01 2.714279582824152826e+01 2.576398828331125301e+01 0.000000000000000000e+00 3.000000000000000000e+01 2.782711470145671484e+01 1.608259946161679110e+01 1.756298538353534155e+01
0.000000000000000000e+00 0.000000000000000000e+00 2.108202413836149702e+01 0.000000000000000000e+00 0.000000000000000000e+00 5.844579037254871601e+00 -4.237695042791083111e+00 0.000000000000000000e+00 0.000000000000000000e+00 1.196174450092067509e+01 0.000000000000000000e+00 -1.827663252500832414e+01 7.412601898184704829e+00 3.652162944983480930e+00 2.701563075390875923e+01 1.562045827951499177e+01 3.000000000000000000e+01 3.000000000000000000e+01 1.308980362773737482e+01 8.848097650845417661e+00 0.000000000000000000e+00 3.000000000000000000e+01 3.000000000000000000e+01 3.719209246703694571e+00 1.688547215331231399e+01
0.000000000000000000e+00 0.000000000000000000e+00 1.440272691433464658e+01 0.000000000000000000e+00 0.000000000000000000e+00 1.092947053172928396e+00 -2.390422427446221221e+01 0.000000000000000000e+00 0.000000000000000000e+00 7.184887411611049934e+00 0.000000000000000000e+00 -2.959739291711853326e+01 -2.028859101815879740e+01 -1.206772340381193942e+01 1.009685658238826456e+01 1.137150791460952348e+01 2.966092989940294444e+01 2.966211889175788130e+01 5.994361788823059367e-01 -8.095719566012935076e+00 0.000000000000000000e+00 2.138287319191325508e+01 1.998567142610072622e+01 2.270793731953842354e+01 -2.791019960213410478e+00
0.000000000000000000e+00 0.000000000000000000e+00 1.135231897723275196e+01 0.000000000000000000e+00 0.000000000000000000e+00 2.488089617894277683e-01 -3.000000000000000000e+01 0.000000000000000000e+00 0.000000000000000000e+00 1.039189832997979845e+00 0.000000000000000000e+00 3.000000000000000000e+01 3.000000000000000000e+01 -2.090911868178459798e+01 -1.809820186266303210e+01 4.930112254997677523e-02 3.000000000000000000e+01 8.568123817767949291e+00 -1.911459117894894533e+01 2.022092425051297582e+01 0.000000000000000000e+00 1.434471296917958227e+01 2.442069062172029348e+01 -2.650522524472709307e-02 -2.142382132828283403e+01
0.000000000000000000e+00 0.000000000000000000e+00 3.156795551980931425e+00 0.000000000000000000e+00 0.000000000000000000e+00 0.000000000000000000e+00 2.121365543869638515e+01 0.000000000000000000e+00 0.000000000000000000e+00 0.000000000000000000e+00 0.000000000000000000e+00 2.891742253468730084e+01 1.945070421288631124e+01 1.974097583715814253e+01 2.890623640562836627e+01 0.000000000000000000e+00 2.279023762661446995e+01 -1.096828433677755577e+01 2.636300843103648717e+01 -7.726114833848813923e-01 0.000000000000000000e+00 1.018431028671132843e+01 -5.426602874693822187e+00 -2.713838796315266322e+01 1.803930397888921888e+01
0.000000000000000000e+00 0.000000000000000000e+00 0.000000000000000000e+00 0.000000000000000000e+00 0.000000000000000000e+00 0.000000000000000000e+00 -1.161221976253717258e+00 0.000000000000000000e+00 0.000000000000000000e+00 -3.443357217147872351e+00 0.000000000000000000e+00 1.599266074277501737e+01 -1.333708501907955313e+00 -5.900946373837151704e+00 2.447588358594851599e+01 0.000000000000000000e+00 9.626473661001138993e+00 5.455989177068394369e+00 2.545608048003967561e+00 -2.276292549780717422e+01 0.000000000000000000e+00 4.689672843489566922e+00 -7.838899965957564220e+00 2.137691110571471853e+01 -1.182183617250933416e+01
0.000000000000000000e+00 0.000000000000000000e+00 -3.160876663678910070e+00 0.000000000000000000e+00 0.000000000000000000e+00 0.000000000000000000e+00 -2.372285238598626833e+01 0.000000000000000000e+00 0.000000000000000000e+00 -1.590294231582810269e+01 0.000000000000000000e+00 8.195972128262232204e+00 2.665987668003959143e+01 2.779230510029158907e+01 2.459149325483042148e+01 0.000000000000000000e+00 9.186478909948081473e-02 -1.891428025599927665e+01 2.963226059920874533e+01 2.901360086609879119e+01 0.000000000000000000e+00 0.000000000000000000e+00 2.484176493800211105e+01 -6.634307472107971115e+00 -2.713672294140451058e+01
0.000000000000000000e+00 0.000000000000000000e+00 -1.711755482261893846e+01 0.000000000000000000e+00 0.000000000000000000e+00 0.000000000000000000e+00 2.125925239768306341e+01 0.000000000000000000e+00 0.000000000000000000e+00 -2.030645246560934680e+01 0.000000000000000000e+00 0.000000000000000000e+00 8.543759016665310568e+00 1.273310092962253570e+01 3.186923202282520684e+00 0.000000000000000000e+00 0.000000000000000000e+00 1.411948465919312845e+01 -9.079259259543469796e+00 2.864884181214791781e+01 0.000000000000000000e+00 0.000000000000000000e+00 -4.411699775487265107e+00 1.644578484047815436e+01 -2.805813805110625836e+01
0.000000000000000000e+00 0.000000000000000000e+00 -2.964129473572357654e+01 0.000000000000000000e+00 0.000000000000000000e+00 0.000000000000000000e+00 -1.417276136991632018e+00 0.000000000000000000e+00 0.000000000000000000e+00 2.828387267584470521e+01 0.000000000000000000e+00 -5.676578616869407679e-01 -1.800140163778911173e+01 -1.353090459145529678e+01 1.014249816607844679e+01 0.000000000000000000e+00 0.000000000000000000e+00 -1.500965188120627225e+01 -2.930412132167495542e+01 1.385536403330482713e+01 0.000000000000000000e+00 0.000000000000000000e+00 -1.836631795077699536e+01 -2.073788794537149727e+01 2.906241771693018094e+01
0.000000000000000000e+00 -2.533251514293132001e+00 3.000000000000000000e+01 0.000000000000000000e+00 0.000000000000000000e+00 0.000000000000000000e+00 -2.062593466588454305e+01 -2.424155876880574212e+00 -4.697867516736506488e+00 -1.522250259231287828e+01 0.000000000000000000e+00 -5.503165854955934577e+00 3.000000000000000000e+01 2.898478085492838829e+01 -7.073290505774036063e+00 0.000000000000000000e+00 0.000000000000000000e+00 -2.254288824157708859e+01 3.000000000000000000e+01 -6.689241818097291237e-01 0.000000000000000000e+00 -6.372538145778029239e+00 -2.363308439959247664e+01 2.742194279273533652e+01 1.992696583163962387e+01
0.000000000000000000e+00 -9.944296711963602320e+00 2.998026972134401902e+01 0.000000000000000000e+00 0.000000000000000000e+00 0.000000000000000000e+00 2.961629121930932484e+01 -4.055337880540743178e+00 -3.890823575372638565e+00 2.928272211344913245e+01 0.000000000000000000e+00 -1.515944072518044372e+01 1.584033721845567655e+01 2.045441835450756329e+01 -2.911134833383309939e+01 0.000000000000000000e+00 0.000000000000000000e+00 2.046014812279573647e+01 1.529808222900890335e+01 -1.622935828192937890e+01 0.000000000000000000e+00 -1.150326796865403089e+01 2.489895604249445782e+01 1.068943888416937682e+01 2.510377641455381781e+00
0.000000000000000000e+00 -1.208151679939373579e+01 2.699645205602535114e+01 -1.167548114297992878e+00 -6.949013391005245843e+00 0.000000000000000000e+00 2.035042146578915734e+01 -1.174513494141330128e+01 -9.531391852476939874e+00 1.700027104501291930e+01 0.000000000000000000e+00 -1.762764928947142806e+01 3.152153644790566256e-01 6.384507398266750400e+00 3.000000000000000000e+01 0.000000000000000000e+00 0.000000000000000000e+00 5.943235906009748604e+00 9.604335848643653861e+00 -2.160429669392866625e+00 0.000000000000000000e+00 -1.363511785516537955e+01 6.570846092119467130e+00 -6.054004316140183306e+00 -1.271456839895596502e+01
0.000000000000000000e+00 -1.794372075135679268e+01 1.841733736874513028e+01 -5.016295382553767723e+00 -1.248465065298758958e+01 0.000000000000000000e+00 4.809214866280484557e+00 -2.495142858342855163e+01 -2.211267314495334801e+01 2.999429652652922051e+00 0.000000000000000000e+00 -2.609609309124433807e+01 -2.947507357583400989e+00 -1.359436731700056100e+01 3.000000000000000000e+01 0.000000000000000000e+00 0.000000000000000000e+00 -9.262903857166239874e+00 -6.713989947926745749e+00 -1.999481040892818129e+01 0.000000000000000000e+00 -1.866829023373269436e+01 -2.279491407035632733e+01 2.365516120953585855e+01 -2.275192971959113919e+01
0.000000000000000000e+00 -3.000000000000000000e+01 2.467008074028016473e+00 -1.754403126116698175e+01 -1.648038594380382449e+01 0.000000000000000000e+00 0.000000000000000000e+00 -2.347421773527380751e+01 -3.000000000000000000e+01 -1.801685929341139669e+01 0.000000000000000000e+00 3.000000000000000000e+01 -9.601629936142376920e+00 -5.290427572841058357e+00 2.170878026419694606e+01 0.000000000000000000e+00 0.000000000000000000e+00 -1.728518110476049330e+01 -2.397157661081278235e+01 3.000000000000000000e+01 0.000000000000000000e+00 -2.724136015417319712e+01 -3.000000000000000000e+01 8.964698116064850453e+00 1.151355242577812277e+01
0.000000000000000000e+00 -3.000000000000000000e+01 -2.065921066580489551e+01 -3.000000000000000000e+01 -2.463812031058793650e+01 0.000000000000000000e+00 0.000000000000000000e+00 -3.000000000000000000e+01 -3.000000000000000000e+01 -1.712415434397808056e+01 0.000000000000000000e+00 3.000000000000000000e+01 -2.666673011077693545e+01 2.310609477179264459e+01 1.116095509370621075e+00 0.000000000000000000e+00 0.000000000000000000e+00 -3.000000000000000000e+01 2.429858304384950785e+01 -1.632280869442353222e+01 0.000000000000000000e+00 -3.000000000000000000e+01 -3.000000000000000000e+01 -1.437018078844413616e+01 -2.428537056781815195e+01
0.000000000000000000e+00 3.000000000000000000e+01 -3.000000000000000000e+01 3.000000000000000000e+01 3.000000000000000000e+01 0.000000000000000000e+00 3.223556743243846112e-01 3.000000000000000000e+01 3.000000000000000000e+01 2.517814384433723518e+01 0.000000000000000000e+00 1.591421533796911092e+01 3.000000000000000000e+01 1.205593331268398405e+00 1.060891239704534605e+01 0.000000000000000000e+00 0.000000000000000000e+00 -3.000000000000000000e+01 3.601531534847104865e+00 3.000000000000000000e+01 0.000000000000000000e+00 3.000000000000000000e+01 3.000000000000000000e+01 -1.372733428100728759e+01 3.000000000000000000e+01
0.000000000000000000e+00 3.000000000000000000e+01 1.054459405935875793e+01 2.932529649618373924e+01 2.641567762104233807e+01 0.000000000000000000e+00 -1.316628481054462974e+01 3.000000000000000000e+01 3.000000000000000000e+01 1.643137565024144209e+01 0.000000000000000000e+00 1.151942072287912389e+01 2.330946897932844308e+01 2.098516133918624860e+01 0.000000000000000000e+00 0.000000000000000000e+00 0.000000000000000000e+00 2.593004862089886231e+01 2.571904537574621230e+01 1.505831925904021240e+01 0.000000000000000000e+00 3.000000000000000000e+01 2.759020392056194382e+01 -3.000000000000000000e+01 2.281527160976144231e+01
0.000000000000000000e+00 3.000000000000000000e+01 0.000000000000000000e+00 3.000000000000000000e+01 2.136186965802279047e+01 0.000000000000000000e+00 -2.780562179658275568e+01 2.001251559771313282e+01 3.000000000000000000e+01 -5.053935556036145194e+00 0.000000000000000000e+00 -6.856768963261067329e-02 1.914634812572003852e+01 -1.166612095663306192e+01 -1.007739110955021644e+01 0.000000000000000000e+00 0.000000000000000000e+00 9.785527848205607171e+00 6.031278850799596469e+00 -1.019729493697623646e+01 0.000000000000000000e+00 2.244250633617115298e+01 1.541648087435573800e+01 2.786282182049680856e+01 1.999701038629153160e+01
0.000000000000000000e+00 3.000000000000000000e+01 -2.942761811685666307e-01 3.000000000000000000e+01 -3.738069854918326662e+00 0.000000000000000000e+00 -3.000000000000000000e+01 1.975658661136396432e+01 3.000000000000000000e+01 -1.643613472872124115e+00 0.000000000000000000e+00 -1.168489189692643748e+01 -1.057804128210451822e+01 -3.000000000000000000e+01 -2.406095694752400860e+01 0.000000000000000000e+00 0.000000000000000000e+00 -3.728218167030986852e+00 0.000000000000000000e+00 -3.000000000000000000e+01 0.000000000000000000e+00 2.372026118982236653e+01 3.854119441639684007e-01 3.000000000000000000e+01 1.440123447889039454e+01
0.000000000000000000e+00 1.510628602288521627e+01 -2.495493363018206878e+01 5.545953915462582984e+00 -1.699842837115363281e+01 0.000000000000000000e+00 1.711177808397010480e+01 2.714747109545668025e+01 1.747997729179479265e+01 2.150501915731089042e+01 0.000000000000000000e+00 -1.957343175998851592e+01 -3.000000000000000000e+01 -2.098111523208613249e+01 -3.000000000000000000e+01 0.000000000000000000e+00 0.000000000000000000e+00 0.000000000000000000e+00 -9.474210530231770289e-01 2.183158246091447197e+01 0.000000000000000000e+00 8.221702001029015605e+00 0.000000000000000000e+00 3.000000000000000000e+01 5.268581049251868098e-01
0.000000000000000000e+00 0.000000000000000000e+00 0.000000000000000000e+00 0.000000000000000000e+00 0.000000000000000000e+00 0.000000000000000000e+00 0.000000000000000000e+00 0.000000000000000000e+00 0.000000000000000000e+00 0.000000000000000000e+00 0.000000000000000000e+00 0.000000000000000000e+00 0.000000000000000000e+00 0.000000000000000000e+00 0.000000000000000000e+00 0.000000000000000000e+00 0.000000000000000000e+00 0.000000000000000000e+00 0.000000000000000000e+00 0.000000000000000000e+00 0.000000000000000000e+00 0.000000000000000000e+00 0.000000000000000000e+00 0.000000000000000000e+00 0.000000000000000000e+00
0.000000000000000000e+00 0.000000000000000000e+00 0.000000000000000000e+00 0.000000000000000000e+00 0.000000000000000000e+00 0.000000000000000000e+00 0.000000000000000000e+00 0.000000000000000000e+00 0.000000000000000000e+00 0.000000000000000000e+00 0.000000000000000000e+00 0.000000000000000000e+00 0.000000000000000000e+00 0.000000000000000000e+00 0.000000000000000000e+00 0.000000000000000000e+00 0.000000000000000000e+00 0.000000000000000000e+00 0.000000000000000000e+00 0.000000000000000000e+00 0.000000000000000000e+00 0.000000000000000000e+00 0.000000000000000000e+00 0.000000000000000000e+00 0.000000000000000000e+00
0.000000000000000000e+00 0.000000000000000000e+00 0.000000000000000000e+00 0.000000000000000000e+00 0.000000000000000000e+00 0.000000000000000000e+00 0.000000000000000000e+00 0.000000000000000000e+00 0.000000000000000000e+00 0.000000000000000000e+00 0.000000000000000000e+00 0.000000000000000000e+00 0.000000000000000000e+00 0.000000000000000000e+00 0.000000000000000000e+00 0.000000000000000000e+00 0.000000000000000000e+00 0.000000000000000000e+00 0.000000000000000000e+00 0.000000000000000000e+00 0.000000000000000000e+00 0.000000000000000000e+00 0.000000000000000000e+00 0.000000000000000000e+00 0.000000000000000000e+00
0.000000000000000000e+00 -2.378153307175118769e+01 2.173149242180978291e+01 8.459419812676891581e+00 -2.920270962852880903e+00 0.000000000000000000e+00 3.000000000000000000e+01 0.000000000000000000e+00 -3.000000000000000000e+01 -7.575316971932521959e-01 0.000000000000000000e+00 2.130752600756210668e+01 1.595437543328761976e+01 1.593009517472116698e+01 1.235601135136112028e+01 0.000000000000000000e+00 -2.021726346388210160e+01 0.000000000000000000e+00 -2.295821628811901860e+01 2.356641129032784221e+01 0.000000000000000000e+00 0.000000000000000000e+00 0.000000000000000000e+00 2.703891539474241057e+01 0.000000000000000000e+00
0.000000000000000000e+00 3.000000000000000000e+01 1.657628225643229669e+01 -1.142236968993964830e+01 1.310344500162910286e+01 0.000000000000000000e+00 2.825506299624305484e+01 -1.192561155802838790e+01 3.000000000000000000e+01 -2.480641119582753262e+01 0.000000000000000000e+00 4.705079034811060268e+00 5.650179156482013632e+00 -1.627875507517679310e+01 3.003934795120328793e-01 0.000000000000000000e+00 -2.530801131077595656e+01 0.000000000000000000e+00 3.000000000000000000e+01 1.896959401801105471e+01 0.000000000000000000e+00 0.000000000000000000e+00 0.000000000000000000e+00 1.513658856875500547e+01 0.000000000000000000e+00
0.000000000000000000e+00 2.712317211559048502e+01 -9.003346690975277511e+00 -3.000000000000000000e+01 1.227873024359190524e+01 0.000000000000000000e+00 1.783610933166521662e+01 -2.142996353845731505e+01 3.000000000000000000e+01 3.000000000000000000e+01 0.000000000000000000e+00 2.318898406671856538e-01 0.000000000000000000e+00 3.000000000000000000e+01 -1.502874757214086543e+01 0.000000000000000000e+00 3.000000000000000000e+01 0.000000000000000000e+00 2.893888945638186172e+01 6.261164855208193103e+00 0.000000000000000000e+00 0.000000000000000000e+00 0.000000000000000000e+00 9.544543550335971460e+00 0.000000000000000000e+00
0.000000000000000000e+00 1.841518943353440463e+01 1.959297009918683230e+01 2.688326268878049063e+01 -1.857448171723067532e+01 0.000000000000000000e+00 2.136774721930749266e+01 2.241022601824329996e+01 2.564420875520820076e+01 1.882352979203590593e+01 0.000000000000000000e+00 0.000000000000000000e+00 0.000000000000000000e+00 2.476601270001648203e+01 -2.105533595727347418e+01 0.000000000000000000e+00 2.816940211332006072e+01 0.000000000000000000e+00 2.937166047629031773e+00 0.000000000000000000e+00 0.000000000000000000e+00 0.000000000000000000e+00 0.000000000000000000e+00 0.000000000000000000e+00 0.000000000000000000e+00
-2.127197545572015791e+00 1.226997195662295592e+00 -1.477609294460136447e+01 2.283898910303853569e+01 -1.965571701289401929e+01 0.000000000000000000e+00 3.000000000000000000e+01 2.244725438218889835e+01 2.031635110423900059e+01 -6.872139520006489199e+00 -1.012221105311871483e+00 -1.324630955553498746e+00 0.000000000000000000e+00 9.935213469071118908e+00 1.966499464874559422e+01 0.000000000000000000e+00 2.302640276430725663e+01 0.000000000000000000e+00 -3.000000000000000000e+01 -1.547068616484831072e+00 0.000000000000000000e+00 0.000000000000000000e+00 0.000000000000000000e+00 0.000000000000000000e+00 0.000000000000000000e+00
-1.066051429763833447e+01 -1.512185569394132578e+01 4.052508681555098136e+00 1.403695433721829566e+01 1.794531072256932536e+00 0.000000000000000000e+00 2.353018920803141256e+01 3.553330678204021709e+00 8.170504814750875866e+00 3.087086173821676383e+00 -1.112726306899548234e+01 -1.511113927435754789e+01 -2.052375335142841151e-01 -1.375979039607666721e+01 7.197308735868285234e-02 0.000000000000000000e+00 1.125734062996517970e+01 0.000000000000000000e+00 1.997700945629128455e+01 -8.570636156283587326e+00 0.000000000000000000e+00 0.000000000000000000e+00 0.000000000000000000e+00 0.000000000000000000e+00 0.000000000000000000e+00
-1.600632398365631204e+01 3.000000000000000000e+01 -1.233844812380532829e+01 -4.779144852365881491e+00 -2.551153326185346870e+01 -5.623043159429884641e-01 7.288135890416846507e+00 -1.804921942324829587e+01 1.471330566093306302e+01 -9.038584842977179790e+00 -1.314735635614697351e+01 -3.000000000000000000e+01 -4.193972112675138142e+00 1.304292014180457926e+01 -1.472513269468162278e+01 0.000000000000000000e+00 2.668624620047340024e+00 0.000000000000000000e+00 7.911343183845305216e-01 -1.389913973370139821e+01 0.000000000000000000e+00 0.000000000000000000e+00 0.000000000000000000e+00 0.000000000000000000e+00 0.000000000000000000e+00
-1.910560797258359500e+01 1.681448841026221430e+01 2.634131171436736807e+01 -1.413129183603635219e+01 -1.902217449893933221e+01 -1.298695930171710700e+01 1.652401221223942684e+01 2.691179440802350697e+01 -5.079262396465493268e+00 -2.941624540511120856e+01 -1.558976295877754303e+01 3.000000000000000000e+01 -9.731140235267973893e+00 -1.282334392564958847e+01 -1.932138592532064081e+01 -5.350667587100733924e-02 -4.387505214540269094e+00 0.000000000000000000e+00 -2.332991403102274486e+00 -2.054136490421274530e+01 0.000000000000000000e+00 0.000000000000000000e+00 0.000000000000000000e+00 0.000000000000000000e+00 0.000000000000000000e+00
-1.962472071779249916e+01 6.600989410067054308e+00 1.189764534497246018e+01 -2.656804643685322276e+01 -1.419825171691203103e+01 -2.249359634559129262e+01 3.246342431167758003e-01 1.587846369387979450e+01 -1.841638559424909971e+01 -3.000000000000000000e+01 -2.803516621245137230e+01 3.000000000000000000e+01 -1.701248913920108663e+01 -1.946656677640224231e+01 -2.519223243361768638e+01 -6.263081384398929252e+00 -6.819906600584774381e+00 0.000000000000000000e+00 -1.847161533939683764e+01 -2.756042076496294868e+01 0.000000000000000000e+00 0.000000000000000000e+00 0.000000000000000000e+00 -3.680899199917011089e+00 0.000000000000000000e+00
-2.523879729033516028e+01 -1.218588796375833105e+01 -5.374113137943287155e-01 -1.259076084733005452e+01 -2.628110778621472576e+01 -3.000000000000000000e+01 -1.449973702821965915e+00 -6.651647320471655966e+00 3.000000000000000000e+01 -3.000000000000000000e+01 -3.000000000000000000e+01 2.050791953996241190e+01 -1.845717759672059799e+01 -3.000000000000000000e+01 -3.000000000000000000e+01 -2.901101928895402082e+01 -1.209518290637918625e+01 0.000000000000000000e+00 -1.863445697626882236e+01 3.000000000000000000e+01 0.000000000000000000e+00 0.000000000000000000e+00 0.000000000000000000e+00 -1.651999605772076762e+01 0.000000000000000000e+00
3.000000000000000000e+01 -2.851334778482517152e+01 -7.333411839169594160e+00 -1.942160288266765278e+01 3.000000000000000000e+01 3.000000000000000000e+01 -1.739200277746365586e+01 -1.713427012786901571e+01 1.475371750798055537e+01 3.000000000000000000e+01 3.000000000000000000e+01 6.580126975617478280e+00 -2.862590344432126699e+01 3.000000000000000000e+01 3.000000000000000000e+01 3.000000000000000000e+01 -2.096292317828591223e+01 0.000000000000000000e+00 -2.407002336203525061e+01 3.000000000000000000e+01 0.000000000000000000e+00 0.000000000000000000e+00 0.000000000000000000e+00 -2.180813927926297779e+01 0.000000000000000000e+00
3.000000000000000000e+01 2.669012287654485505e+01 -2.632341100774959486e+01 -1.991008864292697922e+01 2.502127270398620240e+01 3.000000000000000000e+01 3.000000000000000000e+01 3.000000000000000000e+01 1.570164220770504659e-01 2.829461416326633483e+01 3.000000000000000000e+01 3.043970414205852265e-02 -3.000000000000000000e+01 2.588165643575323571e+01 3.000000000000000000e+01 2.109141781031795304e+01 -3.000000000000000000e+01 0.000000000000000000e+00 3.000000000000000000e+01 3.000000000000000000e+01 0.000000000000000000e+00 0.000000000000000000e+00 0.000000000000000000e+00 -2.154473863979981019e+01 0.000000000000000000e+00
2.181238363391430823e+01 1.621264868638752432e+01 3.000000000000000000e+01 3.000000000000000000e+01 1.853560886271824870e+01 2.703362098093146670e+01 1.799192456613230462e+01 1.966436346897369347e+01 -2.919149648237810091e+00 2.263900491187419206e+01 3.000000000000000000e+01 0.000000000000000000e+00 3.000000000000000000e+01 1.695960912612381577e+01 2.130048240193272235e+01 6.965709288689700962e+00 -3.000000000000000000e+01 0.000000000000000000e+00 2.702398943812309184e+01 2.061405128757528260e+01 0.000000000000000000e+00 0.000000000000000000e+00 0.000000000000000000e+00 3.000000000000000000e+01 0.000000000000000000e+00
1.137452635566993209e+01 -1.438374249532018290e+01 2.989779513591085092e+01 2.045340441509508977e+01 1.700013425845342496e+01 9.697636915223775134e+00 6.493284326605477386e-01 1.371402452886082202e+01 -2.178540707836756241e+01 1.391000526126251557e+01 3.000000000000000000e+01 -5.277680047923050122e-01 2.285799919006629821e+01 1.128256777626964436e+01 1.032762326111089379e+01 -9.827176883112123562e+00 3.000000000000000000e+01 0.000000000000000000e+00 1.681536769643833296e+01 1.179813245110502251e+01 0.000000000000000000e+00 0.000000000000000000e+00 0.000000000000000000e+00 2.398193014870465589e+01 0.000000000000000000e+00
-1.904839967384969768e+01 6.909883342378770887e-01 1.978964855254931621e+01 2.211689659144627385e+01 1.231273382183030307e+01 -2.600215550320651992e-01 0.000000000000000000e+00 -4.887362093649265660e+00 2.164817012968206100e+01 9.408116616278137112e-01 2.024887986937563156e+01 -1.525308866079147130e+01 1.738195140547045980e+01 1.373152284743461016e-01 8.660583889921282363e+00 -2.416256193258275786e+01 2.342994248128763601e+01 0.000000000000000000e+00 3.959147829138199626e+00 4.614421517389882155e+00 0.000000000000000000e+00 0.000000000000000000e+00 0.000000000000000000e+00 1.725856688499990454e+01 0.000000000000000000e+00
2.375069863211493271e+01 -1.528538716476715464e+01 2.031693564781196670e+01 2.027782489078203199e+01 6.694676976550889336e+00 -9.574643867996991631e+00 -5.607811091993673003e+00 1.055978288729660264e+01 5.308466207901299860e+00 0.000000000000000000e+00 7.065800403747087621e+00 3.000000000000000000e+01 1.493263051792222917e+01 0.000000000000000000e+00 -1.799959359304060050e-02 2.938545639145757704e+01 2.596031879830792732e+01 0.000000000000000000e+00 -4.436921208675651762e+00 4.651439437961865098e-01 0.000000000000000000e+00 0.000000000000000000e+00 0.000000000000000000e+00 1.389787632254162020e+01 0.000000000000000000e+00
6.946416832541318698e+00 -2.097928537656162007e+01 2.361707386642959960e+01 7.312508211228000654e+00 1.677561657545612928e+00 -2.858887746198602997e+01 -2.808076211586493542e+01 -4.946765146750412789e+00 -2.348141397779539830e+01 0.000000000000000000e+00 1.415087677307083514e+00 2.731204658083941084e+01 6.712951340416782209e+00 0.000000000000000000e+00 0.000000000000000000e+00 2.037721122189877221e+01 2.192523305746547280e+01 0.000000000000000000e+00 -2.413691376085596119e+01 0.000000000000000000e+00 0.000000000000000000e+00 0.000000000000000000e+00 0.000000000000000000e+00 2.073606770598420468e+00 0.000000000000000000e+00
-5.066901775068499703e+00 2.127416547347948494e+01 -3.371322511157360591e+00 1.188731783037560596e+01 0.000000000000000000e+00 2.488778539265011958e+01 -2.460062212201859566e+01 2.097343408848874446e+01 1.802447225760151284e+01 0.000000000000000000e+00 -1.711635638561639894e+01 2.041781704549787335e+01 6.357039418458846347e-01 0.000000000000000000e+00 0.000000000000000000e+00 1.607407689774335680e+01 1.364479393301186860e+01 0.000000000000000000e+00 2.275477004807018133e+01 0.000000000000000000e+00 0.000000000000000000e+00 0.000000000000000000e+00 0.000000000000000000e+00 0.000000000000000000e+00 0.000000000000000000e+00
-1.068648996174480992e+01 3.644690739063432439e+00 2.239588507254658367e+01 -8.285992919868608197e+00 0.000000000000000000e+00 2.121129279448869909e+01 1.959644678100688253e+01 8.687817962132749372e+00 -3.087907303956610949e+00 0.000000000000000000e+00 1.216628195031755411e+01 -1.512855029400306694e+00 0.000000000000000000e+00 0.000000000000000000e+00 0.000000000000000000e+00 8.122530311527583535e+00 4.697408878786879072e+00 0.000000000000000000e+00 -1.546132409318310685e+01 0.000000000000000000e+00 0.000000000000000000e+00 0.000000000000000000e+00 0.000000000000000000e+00 -1.990080859754241427e+00 0.000000000000000000e+00
-2.571707446899035077e+01 1.902675490398797109e+01 7.560293766777983926e+00 2.436033146355595136e+01 0.000000000000000000e+00 7.063459783345683363e+00 9.806338862430257208e+00 -1.415791458911832557e+01 -1.719391660403823607e+01 0.000000000000000000e+00 2.478119125571047832e+01 9.472371454898226517e+00 0.000000000000000000e+00 0.000000000000000000e+00 0.000000000000000000e+00 -1.289032965148365406e+01 0.000000000000000000e+00 0.000000000000000000e+00 3.000000000000000000e+01 0.000000000000000000e+00 0.000000000000000000e+00 0.000000000000000000e+00 0.000000000000000000e+00 -1.404145783491230759e+01 0.000000000000000000e+00
3.000000000000000000e+01 -1.495950383944040230e-01 -6.305801700728081549e+00 1.468806038286977511e+01 0.000000000000000000e+00 1.532805214191789389e+01 -1.729281498022425367e+01 -1.156938948684412871e+01 -2.259815688811669787e+01 0.000000000000000000e+00 1.468562172362699769e+01 6.089775949474617311e-01 -5.270774234816292259e-01 0.000000000000000000e+00 0.000000000000000000e+00 1.615009979503992454e+01 -3.441984565841039956e+00 0.000000000000000000e+00 1.731969172655437106e+01 0.000000000000000000e+00 0.000000000000000000e+00 0.000000000000000000e+00 0.000000000000000000e+00 -2.304812439602040541e+01 0.000000000000000000e+00
8.111075424984914406e+00 7.492413380691004043e+00 -2.716204585726794107e+01 3.210945889565346156e-02 0.000000000000000000e+00 -1.222657658458751762e+01 2.946742209291847558e+01 -1.867796343194301301e+01 3.000000000000000000e+01 0.000000000000000000e+00 4.206432405470269309e+00 -2.270276210477864254e+01 -1.283779662588709947e+01 0.000000000000000000e+00 0.000000000000000000e+00 -1.387188582540160553e+01 -1.680606018122348999e+01 0.000000000000000000e+00 5.127269455565850897e+00 0.000000000000000000e+00 0.000000000000000000e+00 0.000000000000000000e+00 0.000000000000000000e+00 2.353663815855320252e+01 0.000000000000000000e+00
-1.823276862934815501e+00 -6.815934174826354663e+00 3.000000000000000000e+01 -9.722104842403226144e+00 0.000000000000000000e+00 -1.827771906028549864e+01 3.000000000000000000e+01 2.737143385128022288e+01 2.019854839510615818e+01 0.000000000000000000e+00 -2.024780252356567090e+01 1.729269753885060368e+01 -2.448908832133136215e+01 0.000000000000000000e+00 0.000000000000000000e+00 2.660925109678301226e+01 -2.475561833734346706e+01 0.000000000000000000e+00 -7.961447689596510280e+00 0.000000000000000000e+00 -6.691221594674820139e+00 0.000000000000000000e+00 0.000000000000000000e+00 1.233496146073901301e+01 0.000000000000000000e+00
-1.099573371455922022e+01 -2.569297749381514606e+01 1.253422946260945459e+01 -2.313033877877748878e+01 0.000000000000000000e+00 2.677120808003843067e+01 2.801482764577821882e+01 1.473805616244161953e+01 7.261181769614777792e+00 0.000000000000000000e+00 -2.816530023247680958e+01 1.604730908397901956e+01 2.729320090517063235e+01 0.000000000000000000e+00 0.000000000000000000e+00 1.737032075410974485e+01 2.485430830977020022e+01 0.000000000000000000e+00 -1.667335306116583027e+01 0.000000000000000000e+00 -1.239699587675309189e+01 0.000000000000000000e+00 0.000000000000000000e+00 1.250953151192870649e+00 0.000000000000000000e+00
-2.240376655786019811e+01 -3.000000000000000000e+01 5.350048362979091809e-01 3.000000000000000000e+01 0.000000000000000000e+00 1.798079152126357272e+01 8.671671489431881596e+00 -4.315544457561051317e+00 -6.337229180384572835e+00 0.000000000000000000e+00 -3.000000000000000000e+01 4.005409158458701491e+00 1.613720375913477412e+01 0.000000000000000000e+00 0.000000000000000000e+00 -3.308724177727660809e+00 1.544210300638181366e+01 0.000000000000000000e+00 -2.343719856855596717e+01 0.000000000000000000e+00 -1.541721723937437893e+01 -1.262732429593550754e-01 -1.190731392246584086e+00 -8.037490628287683236e+00 0.000000000000000000e+00
-2.686236961362804720e+01 -2.815919010361973207e+01 -1.850854333915807892e-01 -3.269653527642769397e+00 0.000000000000000000e+00 1.599505084661372933e+01 3.184489353390931171e-02 -2.643587487008209536e+01 -2.198018794559299849e+01 0.000000000000000000e+00 -2.307552187114180597e+01 -1.748938827154233522e+01 1.919187344867022205e+01 0.000000000000000000e+00 0.000000000000000000e+00 -1.290763371882658106e+01 -1.735662398815696861e+01 -7.015565927997355899e-01 2.409258034749939981e+01 0.000000000000000000e+00 -1.993083272714751075e+01 -1.089624276212914467e+01 -1.128803073081381747e+01 -2.318778656581825004e+01 0.000000000000000000e+00
3.000000000000000000e+01 -3.000000000000000000e+01 -5.525817162017053086e+00 -1.772539902627202935e+01 0.000000000000000000e+00 5.097184475041838247e+00 -1.337124251847893142e+01 -3.000000000000000000e+01 -2.976279487849571836e+01 0.000000000000000000e+00 3.000000000000000000e+01 -3.000000000000000000e+01 2.171404857412961853e+00 0.000000000000000000e+00 0.000000000000000000e+00 9.268486446341000828e+00 -2.560504164504192914e+01 -1.054626177119697772e+01 1.504308865285792685e+01 0.000000000000000000e+00 -1.737712730691578855e+01 -2.710933704360834184e+01 -1.995093096616681549e+01 -2.216415036898307633e+01 0.000000000000000000e+00
-2.780519639362939799e+01 -2.995147188454677334e+01 -2.320931245282670119e+01 -2.979542278844871461e+01 0.000000000000000000e+00 -1.072804755479189609e+01 2.387221271042168169e+01 -2.953511838104193288e+01 -2.981168688322636839e+01 0.000000000000000000e+00 2.187339261696983783e+01 2.650520637055550921e+01 -1.526102547973468404e+01 0.000000000000000000e+00 0.000000000000000000e+00 -9.255035697883819523e+00 -2.042487890501557857e+01 -2.644704053138082855e+01 4.711699447956274156e+00 0.000000000000000000e+00 -2.584968354624579945e+01 -2.979519768487003262e+01 -2.995565881354979609e+01 2.904325999876361308e+01 0.000000000000000000e+00
3.000000000000000000e+01 3.000000000000000000e+01 3.000000000000000000e+01 3.000000000000000000e+01 0.000000000000000000e+00 2.496793260758774124e+01 6.170662166338354737e+00 3.000000000000000000e+01 3.000000000000000000e+01 0.000000000000000000e+00 2.928637316315141703e+01 1.958088088841206442e+00 -2.974682800579613229e+01 0.000000000000000000e+00 0.000000000000000000e+00 5.934330928529174543e+00 -2.821012190729849323e+01 -3.000000000000000000e+01 0.000000000000000000e+00 0.000000000000000000e+00 -2.995099118847774022e+01 3.000000000000000000e+01 -3.000000000000000000e+01 1.722094195691837015e+01 0.000000000000000000e+00
2.519190003659721100e+01 3.000000000000000000e+01 2.016217544210252299e+01 2.845725275808903021e+01 0.000000000000000000e+00 9.358407100649792199e+00 -4.334616984079540936e-02 2.896294984742672796e+01 3.000000000000000000e+01 0.000000000000000000e+00 5.281046400655487361e+00 2.237853473297994356e+01 3.000000000000000000e+01 0.000000000000000000e+00 0.000000000000000000e+00 2.201390243663842483e+01 2.603493766951952182e+01 2.047117647253382344e+01 0.000000000000000000e+00 0.000000000000000000e+00 2.651846256132705193e+01 2.874318960663512001e+01 2.810647677657953736e+01 1.545046979506416740e+01 0.000000000000000000e+00
1.885003376900972327e+01 2.809591137003146599e+01 3.851131984156737964e+00 1.778232172908238340e+01 0.000000000000000000e+00 -1.589264634600535331e+01 -1.895517202376733223e+01 1.767641840928592956e+01 1.647903166634737460e+01 0.000000000000000000e+00 -1.475316331343278797e+01 2.970854527304072956e+00 3.000000000000000000e+01 0.000000000000000000e+00 0.000000000000000000e+00 1.439619451822327356e+01 9.793465634369992401e+00 1.014571757789863860e+01 -2.488146715251878138e+00 0.000000000000000000e+00 2.756494721680102700e+01 2.865763634633922763e+01 1.880465960325411956e+01 5.642219661090708271e-01 0.000000000000000000e+00
1.677529868472858610e+01 1.661782400900758461e+01 -1.492211852001332595e+01 1.908744433340095625e+01 0.000000000000000000e+00 2.879790452121602229e+01 2.899747756348087435e+01 3.813672832523031353e+00 6.807132678565491091e+00 0.000000000000000000e+00 2.932260599973130866e+01 -1.944469162313716248e+00 2.105154143446314663e+01 0.000000000000000000e+00 0.000000000000000000e+00 -9.490574658039585998e+00 1.031819678984719779e+01 -1.072041779396879413e+01 -1.527167650078383510e+01 0.000000000000000000e+00 -3.000000000000000000e+01 6.264863733658382117e+00 1.170217548883707792e+01 -6.852738716370990746e-01 0.000000000000000000e+00
1.303325381953864159e+01 2.591768813691170514e+00 -2.724949770960963491e+01 1.284696963324312691e+01 0.000000000000000000e+00 1.429137638298031376e+01 -3.865904562126411537e-01 4.096266823571462212e-04 2.717014099767747770e-02 0.000000000000000000e+00 2.899845074317623883e+01 -2.221573615265240065e+01 2.513591458913996490e+01 0.000000000000000000e+00 0.000000000000000000e+00 -1.665084410410033300e+01 -2.086466534105412940e+00 1.989330882733526451e+01 -2.407861243774409843e+01 0.000000000000000000e+00 3.000000000000000000e+01 -2.043179239482802600e+01 1.354127825325174062e+00 -1.083709176308855149e+01 0.000000000000000000e+00
7.247820977641128870e+00 6.061475689462172411e-01 2.531242030692898481e+01 3.367976564249421045e+00 0.000000000000000000e+00 -1.766159446811463596e+01 -2.148441235439469921e+01 0.000000000000000000e+00 0.000000000000000000e+00 0.000000000000000000e+00 1.548793972215333525e+01 -1.215545161225411519e+01 7.252185660336845530e+00 0.000000000000000000e+00 0.000000000000000000e+00 -3.000000000000000000e+01 -1.777620776420542370e+01 -1.828814832087195530e+00 3.000000000000000000e+01 0.000000000000000000e+00 9.820077147344129287e+00 2.276864979190045801e+01 -1.281924607311172792e+01 -1.925112369484821073e+01 0.000000000000000000e+00
0.000000000000000000e+00 -7.697446744135590935e-01 8.110060302831019641e+00 0.000000000000000000e+00 0.000000000000000000e+00 3.000000000000000000e+01 3.000000000000000000e+01 0.000000000000000000e+00 0.000000000000000000e+00 0.000000000000000000e+00 -1.347277923559701662e+01 -3.000000000000000000e+01 6.145248981419684231e-01 0.000000000000000000e+00 0.000000000000000000e+00 -2.927007497765637467e+01 1.840965607078928912e+01 -1.755173529924902454e+01 1.956626990025182167e+01 0.000000000000000000e+00 -1.209245630212349276e+01 -2.038655427588037128e+01 -2.023465511490438473e+01 3.000000000000000000e+01 0.000000000000000000e+00
0.000000000000000000e+00 0.000000000000000000e+00 -2.376945856544541158e+01 0.000000000000000000e+00 0.000000000000000000e+00 1.326567111445666924e+01 -3.000000000000000000e+01 0.000000000000000000e+00 0.000000000000000000e+00 0.000000000000000000e+00 2.462955422800605731e+01 -3.000000000000000000e+01 -1.735159562576997772e+01 0.000000000000000000e+00 0.000000000000000000e+00 3.000000000000000000e+01 -1.011913467462505167e+01 -3.000000000000000000e+01 4.600342738075011262e+00 0.000000000000000000e+00 -2.262170148730185559e+01 2.959662214173024353e+01 -2.543072195204813468e+01 1.685909670414153183e+01 0.000000000000000000e+00
0.000000000000000000e+00 0.000000000000000000e+00 -1.888088033336673988e+01 0.000000000000000000e+00 0.000000000000000000e+00 -1.514534788280897004e+01 3.000000000000000000e+01 0.000000000000000000e+00 0.000000000000000000e+00 0.000000000000000000e+00 7.514342302381688654e+00 3.000000000000000000e+01 2.196087530333169724e+01 0.000000000000000000e+00 0.000000000000000000e+00 1.925194524412367869e+01 -1.555604198787068349e-01 2.306226536220322032e+01 -4.879489384865074442e+00 0.000000000000000000e+00 -2.441944069170669707e+01 2.369041480346457718e+01 2.450330769504603623e+01 1.577118502518913346e+01 0.000000000000000000e+00
0.000000000000000000e+00 0.000000000000000000e+00 -2.571116143303000001e+01 0.000000000000000000e+00 0.000000000000000000e+00 2.885330403759661522e+01 1.566931605976316000e+01 0.000000000000000000e+00 0.000000000000000000e+00 0.000000000000000000e+00 -1.154368004866831043e+01 3.000000000000000000e+01 -1.869656823803603984e+01 0.000000000000000000e+00 0.000000000000000000e+00 1.754756658714034501e+01 1.387839858010031158e+01 2.753843003353144070e+01 -2.190018854651814806e+01 0.000000000000000000e+00 -2.767126373594404853e+01 1.486672068055691120e+01 1.614066147486060032e+01 -2.733335245316271145e+00 0.000000000000000000e+00
0.000000000000000000e+00 0.000000000000000000e+00 2.933640775411113566e+01 0.000000000000000000e+00 0.000000000000000000e+00 2.238777069935381903e+01 -1.158136021350947154e+01 0.000000000000000000e+00 0.000000000000000000e+00 0.000000000000000000e+00 -2.223580822144659308e+01 2.783752218599245154e+01 2.389367943084769408e+01 0.000000000000000000e+00 0.000000000000000000e+00 2.367169016878325483e+00 -1.653952554859310453e+01 1.069892710733545194e+01 2.921499837169310965e+01 0.000000000000000000e+00 -2.240868087853297297e+01 3.321950206322595189e+00 -2.051483040540398317e+00 -1.707054878618532712e+01 0.000000000000000000e+00
0.000000000000000000e+00 0.000000000000000000e+00 2.461537059114602854e+01 0.000000000000000000e+00 0.000000000000000000e+00 1.624562776708136624e+01 -2.805782656649563123e+01 0.000000000000000000e+00 0.000000000000000000e+00 0.000000000000000000e+00 1.735995147101171909e+01 1.060732554338671996e+01 1.643613676951922287e+01 0.000000000000000000e+00 0.000000000000000000e+00 -5.082501798662398151e+00 2.382812241624932881e+01 -1.507860599173751481e+01 9.421176669564456319e+00 0.000000000000000000e+00 2.893742522091616820e+01 -5.798252304620898911e-01 -1.808304568957591840e+01 2.443447082614277832e+01 0.000000000000000000e+00
0.000000000000000000e+00 0.000000000000000000e+00 1.338305909641379365e+01 0.000000000000000000e+00 0.000000000000000000e+00 3.655851150814319883e+00 1.997397514927437356e+01 0.000000000000000000e+00 0.000000000000000000e+00 -9.337245845952510948e-01 -7.014309051747108725e+00 1.085596452918925703e+00 2.431500038189081392e-01 0.000000000000000000e+00 0.000000000000000000e+00 -1.947996006755985121e+01 -2.281280740416465136e+01 -2.367293133089665602e+01 2.842576370653400630e+01 0.000000000000000000e+00 3.000000000000000000e+01 -1.490858593686573386e+01 1.988117103483002168e+01 1.015904823770462961e+01 -1.403030755285987530e+00
0.000000000000000000e+00 0.000000000000000000e+00 7.705037208668587212e+00 0.000000000000000000e+00 0.000000000000000000e+00 -1.110565789457955788e+01 6.461678847676965987e+00 0.000000000000000000e+00 0.000000000000000000e+00 -1.302356174343504236e+01 -2.464396231945629623e+01 -3.940650864918998852e+00 -1.143810690744292735e+01 0.000000000000000000e+00 0.000000000000000000e+00 5.929120939537814827e+00 2.322687971689446940e+01 1.430183497939820647e+01 9.340432335383217932e+00 -3.368440145626221849e+00 3.000000000000000000e+01 1.786184700272916359e+01 1.021057041559856238e+01 -6.548122351954003051e+00 -1.012464372750952357e+01
0.000000000000000000e+00 0.000000000000000000e+00 -4.161759653704359962e+00 0.000000000000000000e+00 0.000000000000000000e+00 -1.651765864326435462e+01 0.000000000000000000e+00 0.000000000000000000e+00 0.000000000000000000e+00 -1.115401799129920413e+01 2.511134701005207859e+01 -1.888113904306532831e+01 -2.412579626346019879e+01 -4.831550551325926257e+00 -4.939347955095989562e+00 -1.756951475441978872e+01 -1.095359799800324652e+01 -2.973971685845094637e+00 0.000000000000000000e+00 -1.459015199660037965e+01 2.395338030762057713e+01 -3.184715212205067481e+00 2.519415545570976889e+01 1.381986960731229175e+01 -1.514825551970980833e+01
0.000000000000000000e+00 0.000000000000000000e+00 -1.205398774150804719e+01 0.000000000000000000e+00 0.000000000000000000e+00 -1.794548372680522519e+01 0.000000000000000000e+00 0.000000000000000000e+00 0.000000000000000000e+00 -1.734033624716678190e+01 -1.141968111996217949e+01 2.898525839419164996e+01 2.954164482446585538e+01 -1.340475184373960360e+01 -1.820448575405449532e+01 -2.711401020082229962e+01 -2.892119019752967191e+01 -1.180476825663688345e+01 -2.583347662206414874e+00 -2.006162611133111895e+01 1.554036969835230986e+00 1.314444584691173112e+01 1.267647708075907076e+01 -5.441587882121128317e+00 -1.654663809419359666e+01
0.000000000000000000e+00 0.000000000000000000e+00 -1.927099271310541084e+01 0.000000000000000000e+00 0.000000000000000000e+00 -2.420159151148571652e+01 -8.758823960129218100e-02 0.000000000000000000e+00 0.000000000000000000e+00 -2.934558169835080932e+01 -3.000000000000000000e+01 1.257948817720035883e+01 1.374350136010823320e+01 -2.305785598560385097e+01 -2.657500178066870333e+01 -1.047253982754662438e+01 2.502628605800502015e+01 -2.754170414196436312e+01 -2.344395218179903750e+01 -2.809751139651822172e+01 -1.894450582582506470e+01 -2.160602404734753179e+01 -6.573215337266161029e+00 -1.251606714586140257e+01 -1.990270265425138518e+01
0.000000000000000000e+00 0.000000000000000000e+00 -2.019154006217646113e+01 0.000000000000000000e+00 0.000000000000000000e+00 -3.000000000000000000e+01 -1.261985265122221378e+01 0.000000000000000000e+00 0.000000000000000000e+00 -3.000000000000000000e+01 -3.000000000000000000e+01 -5.269749459528063618e-01 -3.371201914836430724e+00 -3.000000000000000000e+01 -3.000000000000000000e+01 -2.840355617597622384e+01 2.377550526638028572e+01 -1.094946640880076316e+01 2.366249068286300883e+01 -3.000000000000000000e+01 -1.774996042314007738e+01 -3.000000000000000000e+01 -1.373000500197558083e+01 -2.573421133926867554e+01 -2.619272630497854948e+01
