# yaw
0.000000000000000000e+00 0.000000000000000000e+00 0.000000000000000000e+00 0.000000000000000000e+00 0.000000000000000000e+00 3.000000000000000000e+01 -3.000000000000000000e+01 0.000000000000000000e+00 0.000000000000000000e+00 3.000000000000000000e+01 3.000000000000000000e+01 -2.437352977920144070e+01 -2.400646028982068003e+01 3.000000000000000000e+01 3.000000000000000000e+01 3.000000000000000000e+01 4.758927198979928441e+00 -5.568246054341635443e+00 -3.000000000000000000e+01 3.000000000000000000e+01 3.000000000000000000e+01 3.000000000000000000e+01 -7.108813393678904191e+00 -1.686678839288964937e+01 3.000000000000000000e+01
0.000000000000000000e+00 0.000000000000000000e+00 0.000000000000000000e+00 0.000000000000000000e+00 0.000000000000000000e+00 3.000000000000000000e+01 3.000000000000000000e+01 0.000000000000000000e+00 0.000000000000000000e+00 3.000000000000000000e+01 3.000000000000000000e+01 3.000000000000000000e+01 3.000000000000000000e+01 3.000000000000000000e+01 3.000000000000000000e+01 3.000000000000000000e+01 -1.680389186860524831e+01 1.776716920624913243e+01 3.000000000000000000e+01 3.000000000000000000e+01 1.756789230656921319e+01 -8.158010686127360245e+00 1.855292632152109533e+01 3.000000000000000000e+01 -3.000000000000000000e+01
0.000000000000000000e+00 0.000000000000000000e+00 0.000000000000000000e+00 0.000000000000000000e+00 0.000000000000000000e+00 2.150971036308289897e+01 3.000000000000000000e+01 0.000000000000000000e+00 0.000000000000000000e+00 1.780431719097473220e+01 1.522159557263218588e+01 1.890849799071489201e+01 1.191070764210681787e+01 3.000000000000000000e+01 2.733620870984630358e+01 2.224582449406149465e+01 -3.000000000000000000e+01 -4.742835196005890985e+00 3.000000000000000000e+01 3.000000000000000000e+01 6.910893113214517491e+00 -2.877382763831358048e+01 -6.763465429958746888e+00 2.946070153663403701e+01 2.312889988734613667e+01
0.000000000000000000e+00 0.000000000000000000e+00 0.000000000000000000e+00 0.000000000000000000e+00 0.000000000000000000e+00 1.290258793221621048e+01 2.377517829515115011e+01 0.000000000000000000e+00 0.000000000000000000e+00 7.504193280803450605e+00 1.723533145968505664e+01 3.775283207659227092e+00 -1.176114631135673072e+01 2.523562299281117305e+01 3.000000000000000000e+01 1.490363744787064348e+01 3.000000000000000000e+01 -2.609618266361373173e+01 3.000000000000000000e+01 1.733539083926078916e+01 0.000000000000000000e+00 3.000000000000000000e+01 1.609138311545251909e+01 2.362533326210551721e+01 2.329517267414182058e+01
0.000000000000000000e+00 0.000000000000000000e+00 0.000000000000000000e+00 0.000000000000000000e+00 0.000000000000000000e+00 3.226011284546328461e+00 1.444275434300190852e+01 0.000000000000000000e+00 0.000000000000000000e+00 -8.635724487790266579e+00 1.314737869195752529e+00 -2.100735284402480119e+01 2.647225438805709175e+01 1.243143000691070377e+01 2.572885157050104610e+01 1.806351319113037945e+01 2.976593124395041912e+01 2.976584531601610450e+01 4.244122560287446611e+00 1.842829698493461876e+01 0.000000000000000000e+00 2.976684921273681894e+01 -8.810519724446624679e+00 2.845529669411556384e+01 1.597439066015679288e+01
0.000000000000000000e+00 0.000000000000000000e+00 0.000000000000000000e+00 0.000000000000000000e+00 0.000000000000000000e+00 7.462856910792280141e-02 4.131540636084809925e+00 0.000000000000000000e+00 0.000000000000000000e+00 -1.953692376516695361e+01 0.000000000000000000e+00 2.951116552110112323e+01 1.034504689634933960e+01 1.989133148603528412e+01 8.186802216113733266e+00 1.144354252516087911e+01 3.000000000000000000e+01 2.352473309890610409e+01 2.422354899814624218e+01 4.907051006748385014e+00 0.000000000000000000e+00 2.520377613945319695e+01 2.235794790429961409e+01 1.599871379004791727e+01 -1.354203543819927802e+01
0.000000000000000000e+00 0.000000000000000000e+00 0.000000000000000000e+00 0.000000000000000000e+00 0.000000000000000000e+00 0.000000000000000000e+00 -1.094113295731465207e+01 0.000000000000000000e+00 0.000000000000000000e+00 2.852466357418119358e+01 0.000000000000000000e+00 -2.127556287504136634e+01 -1.964269054906700873e+01 1.524361275408822003e+01 -1.282792461886181812e+01 7.837489049454643419e-02 2.838375670357642377e+01 -6.588069801082393484e-01 -1.579676137105520961e-01 1.000962989359358701e+01 0.000000000000000000e+00 1.663012621111941769e+01 -4.653842293201313929e+00 2.128175071867778456e+01 -1.461371923989518784e+01
0.000000000000000000e+00 0.000000000000000000e+00 0.000000000000000000e+00 0.000000000000000000e+00 0.000000000000000000e+00 0.000000000000000000e+00 -2.382831702406804553e+01 0.000000000000000000e+00 0.000000000000000000e+00 2.270971907359205844e+01 0.000000000000000000e+00 3.000000000000000000e+01 2.403877495516381657e+01 -1.509974410549524038e+01 2.689983267720889160e+01 0.000000000000000000e+00 2.071798781980427862e+01 2.681247294219598842e+01 1.677823119765289306e+01 -6.608105861906388157e+00 0.000000000000000000e+00 1.377884579288039646e+01 2.653446968058578292e+01 1.981345467960311879e+01 1.804408361963314533e+01
0.000000000000000000e+00 0.000000000000000000e+00 0.000000000000000000e+00 0.000000000000000000e+00 0.000000000000000000e+00 0.000000000000000000e+00 3.000000000000000000e+01 0.000000000000000000e+00 0.000000000000000000e+00 1.019711418953950854e+01 0.000000000000000000e+00 2.330934348136300471e+01 1.645879285127758163e-01 1.329786573121752369e+01 6.535877264651544394e+00 0.000000000000000000e+00 3.896977807556976980e+00 -3.116230417494878058e+00 1.937482559548774930e+01 -2.659054228170214529e+01 0.000000000000000000e+00 6.816206496516216795e+00 5.925211183648467106e+00 -5.322617096149123483e+00 3.119935706430646327e+00
0.000000000000000000e+00 0.000000000000000000e+00 0.000000000000000000e+00 0.000000000000000000e+00 0.000000000000000000e+00 0.000000000000000000e+00 2.512624097708120274e+01 0.000000000000000000e+00 0.000000000000000000e+00 -1.113206235498954300e+01 0.000000000000000000e+00 1.301370737724638005e+01 2.642763836338519567e+01 -1.748399468795799550e+01 -1.901957666840669603e+01 0.000000000000000000e+00 0.000000000000000000e+00 -2.267088652150651740e+01 -1.025735893578773927e+00 2.639482194517570335e+01 0.000000000000000000e+00 3.590936972273754968e-01 2.224742407602473904e+01 2.340219088756217047e+01 -1.915214773778933477e+01
0.000000000000000000e+00 0.000000000000000000e+00 0.000000000000000000e+00 0.000000000000000000e+00 0.000000000000000000e+00 0.000000000000000000e+00 1.128227085870247670e+01 0.000000000000000000e+00 0.000000000000000000e+00 2.671714270505290045e+01 0.000000000000000000e+00 1.382000082130396823e-02 -4.594040089997159626e+00 -5.348192273030413446e+00 1.341355432385797286e+01 0.000000000000000000e+00 0.000000000000000000e+00 -3.249278575797081015e+00 -1.768508217597946341e+01 2.501279238258350190e+01 0.000000000000000000e+00 0.000000000000000000e+00 -2.376982054578357317e+00 4.800594318346379730e+00 -1.989463929876097126e+01
0.000000000000000000e+00 0.000000000000000000e+00 0.000000000000000000e+00 0.000000000000000000e+00 0.000000000000000000e+00 0.000000000000000000e+00 3.039686594905872674e-01 0.000000000000000000e+00 0.000000000000000000e+00 2.524228405204883430e+01 0.000000000000000000e+00 -6.568317773013640171e+00 1.105579237633846468e+00 -1.071576863928199286e+00 2.160839331811309094e+01 0.000000000000000000e+00 0.000000000000000000e+00 -1.915595510025291404e+01 -2.937572418222127268e+01 7.318414485891407972e-01 0.000000000000000000e+00 0.000000000000000000e+00 1.888492433868452736e+01 1.066171903996601600e+01 -2.325919081344377304e+01
0.000000000000000000e+00 -2.545423778881945154e+00 -1.118673810467917029e+00 -1.182856106850818767e+00 -6.717505089702304311e+00 0.000000000000000000e+00 -7.434691324573996951e+00 -4.775607256992198124e+00 -6.393545184186682384e+00 2.986110019683214034e+01 0.000000000000000000e+00 -9.898540449233806271e+00 2.781906767918291834e+01 -1.821152733209726549e+01 1.059953107370474257e+01 0.000000000000000000e+00 0.000000000000000000e+00 2.902672614816832208e+01 2.442550062994568094e+01 -2.479533528135056564e+00 0.000000000000000000e+00 -6.847561338881320125e+00 -3.036177698180528406e+00 -1.663220292098767317e+01 2.580344299930452934e+01
0.000000000000000000e+00 -6.584373234153169996e+00 -1.404982162178524696e+01 -1.068328685255773713e+01 -1.071867079487220487e+01 0.000000000000000000e+00 -1.240645694088151174e+01 -4.964984375369692060e+00 -1.265869780817353352e+01 2.191535433500584418e+01 0.000000000000000000e+00 -2.362555493493136538e+01 1.994651643442261957e+01 3.000000000000000000e+01 1.181579475645177268e+01 0.000000000000000000e+00 0.000000000000000000e+00 1.785315075665806717e+01 1.482896715035930013e+00 -5.081447941061844276e+00 0.000000000000000000e+00 -1.141563083744769713e+01 -1.747154038159622047e+01 -2.927224989515205600e+00 2.150040320596336230e+01
0.000000000000000000e+00 -1.932965928776439668e+01 -1.162150586680375142e+01 -1.671537964066986603e+01 -1.430783513804590434e+01 0.000000000000000000e+00 -2.202629048482782892e+01 -1.618925164044104648e+01 -1.718034161916958880e+01 1.547359427611178795e+01 0.000000000000000000e+00 -2.153773596665628531e+01 8.947288376658580900e-01 2.771084415969885839e+01 -1.251644268967109674e+01 0.000000000000000000e+00 0.000000000000000000e+00 -6.651341289595911199e-01 -1.686785272723460594e+01 7.477809252893386827e+00 0.000000000000000000e+00 -1.472533401665426211e+01 -3.000000000000000000e+01 -1.413142417385063609e+01 5.476752461604082356e+00
0.000000000000000000e+00 -2.219438112005784447e+01 -2.101589280133016757e+01 -2.141420026259750031e+01 -1.578603858572150465e+01 0.000000000000000000e+00 -2.428896258138651731e+01 -2.519506526387743506e+01 -2.456184852364424742e+01 1.006556938683403857e+01 0.000000000000000000e+00 2.962212965590770963e+01 -5.073469768282786063e+00 2.963223641579395817e+01 1.753828158348314403e+01 0.000000000000000000e+00 0.000000000000000000e+00 -1.465053510761181599e+01 9.977986556639230287e+00 -1.846989156002717181e+01 0.000000000000000000e+00 -2.231729537271771946e+01 -2.963085768025810651e+01 -2.737125041195255193e+01 -1.153769719155404339e+01
0.000000000000000000e+00 -3.000000000000000000e+01 -3.000000000000000000e+01 -3.000000000000000000e+01 -1.817611512027626475e+01 0.000000000000000000e+00 3.000000000000000000e+01 -3.000000000000000000e+01 -3.000000000000000000e+01 -5.920820343420654552e+00 0.000000000000000000e+00 2.895708129849899493e+01 -2.356039527422197111e+01 1.839373886593867624e+01 7.081096619277994775e-02 0.000000000000000000e+00 0.000000000000000000e+00 -2.407377123400961239e+01 0.000000000000000000e+00 -1.670341007818789691e+01 0.000000000000000000e+00 -3.000000000000000000e+01 -3.000000000000000000e+01 -3.000000000000000000e+01 -2.274593214290021947e+01
0.000000000000000000e+00 -3.000000000000000000e+01 -3.000000000000000000e+01 -3.000000000000000000e+01 -2.422881561147840301e+01 0.000000000000000000e+00 3.000000000000000000e+01 -3.000000000000000000e+01 -3.000000000000000000e+01 2.492712127533459210e+01 0.000000000000000000e+00 2.416943302821866624e+01 2.474172080993688283e+01 -9.515152166383900934e+00 -6.723866622756368372e+00 0.000000000000000000e+00 0.000000000000000000e+00 -3.000000000000000000e+01 -1.603489329584874312e+01 -2.172906270146129160e+01 0.000000000000000000e+00 -3.000000000000000000e+01 3.000000000000000000e+01 -3.000000000000000000e+01 -2.543660188153952717e+01
0.000000000000000000e+00 0.000000000000000000e+00 2.165647162924061675e+00 3.000000000000000000e+01 3.000000000000000000e+01 0.000000000000000000e+00 2.394448982194208142e+01 3.000000000000000000e+01 3.000000000000000000e+01 1.007973056566080849e+01 0.000000000000000000e+00 1.492748315489483524e+01 2.575150230019386477e+00 5.997811406477560503e+00 -3.000000000000000000e+01 0.000000000000000000e+00 0.000000000000000000e+00 3.000000000000000000e+01 3.000000000000000000e+01 3.000000000000000000e+01 0.000000000000000000e+00 3.000000000000000000e+01 3.000000000000000000e+01 3.000000000000000000e+01 3.000000000000000000e+01
0.000000000000000000e+00 3.000000000000000000e+01 3.000000000000000000e+01 3.000000000000000000e+01 2.636661675215189860e+01 0.000000000000000000e+00 1.638525413330688352e+01 3.000000000000000000e+01 3.000000000000000000e+01 -8.531935294409379367e+00 0.000000000000000000e+00 5.328683107939538921e+00 3.000000000000000000e+01 0.000000000000000000e+00 -2.711201309258406411e+01 0.000000000000000000e+00 0.000000000000000000e+00 3.000000000000000000e+01 1.604078531896130499e+01 2.421990066993107149e+01 0.000000000000000000e+00 3.000000000000000000e+01 3.000000000000000000e+01 3.000000000000000000e+01 2.293956871340991555e+01
0.000000000000000000e+00 3.000000000000000000e+01 2.808009536054307631e+01 3.000000000000000000e+01 3.000000000000000000e+01 0.000000000000000000e+00 5.574697040577370366e+00 2.802327596352737515e+01 3.000000000000000000e+01 9.572767602405320986e+00 0.000000000000000000e+00 -1.176077223805917171e+01 1.330317633819714018e+01 -1.629457511005244896e+01 3.000000000000000000e+01 0.000000000000000000e+00 0.000000000000000000e+00 1.834360708058524381e+01 -1.447562609755889262e+01 3.000000000000000000e+01 0.000000000000000000e+00 2.511525301257562504e+01 2.331529907376921784e+01 2.462326237887278069e+01 1.812659211672431780e+01
0.000000000000000000e+00 2.948354555418573497e+01 2.704208749698887004e+01 3.000000000000000000e+01 3.000000000000000000e+01 0.000000000000000000e+00 8.946509301752865462e-02 3.000000000000000000e+01 3.000000000000000000e+01 3.000000000000000000e+01 0.000000000000000000e+00 -1.835584420447229093e+01 0.000000000000000000e+00 2.154255214534700258e+01 3.000000000000000000e+01 0.000000000000000000e+00 0.000000000000000000e+00 5.427671112572285850e+00 2.838363958804418985e+01 8.514873295415632981e+00 0.000000000000000000e+00 3.000000000000000000e+01 1.531425077591241468e+01 1.251133029716029021e+01 1.088075613793717977e+01
0.000000000000000000e+00 1.408723653180878621e+01 1.999714973935203943e+01 2.727207454207405135e+01 1.447754714939105192e+01 0.000000000000000000e+00 0.000000000000000000e+00 3.000000000000000000e+01 2.524582812890939820e+01 6.278459151572929109e+00 0.000000000000000000e+00 -2.265096100976297322e+01 -9.231534812763355635e-01 -1.832466237014476818e+01 3.000000000000000000e+01 0.000000000000000000e+00 0.000000000000000000e+00 1.119804581729139797e-01 2.181929948174302325e+01 -2.904705014930938134e+01 0.000000000000000000e+00 7.858462836194956225e+00 8.433538906746493424e+00 5.828392672971079769e+00 7.108595995902144971e-01
0.000000000000000000e+00 0.000000000000000000e+00 0.000000000000000000e+00 0.000000000000000000e+00 0.000000000000000000e+00 0.000000000000000000e+00 0.000000000000000000e+00 0.000000000000000000e+00 0.000000000000000000e+00 0.000000000000000000e+00 0.000000000000000000e+00 0.000000000000000000e+00 0.000000000000000000e+00 0.000000000000000000e+00 0.000000000000000000e+00 0.000000000000000000e+00 0.000000000000000000e+00 0.000000000000000000e+00 0.000000000000000000e+00 0.000000000000000000e+00 0.000000000000000000e+00 0.000000000000000000e+00 0.000000000000000000e+00 0.000000000000000000e+00 0.000000000000000000e+00
0.000000000000000000e+00 0.000000000000000000e+00 0.000000000000000000e+00 0.000000000000000000e+00 0.000000000000000000e+00 0.000000000000000000e+00 0.000000000000000000e+00 0.000000000000000000e+00 0.000000000000000000e+00 0.000000000000000000e+00 0.000000000000000000e+00 0.000000000000000000e+00 0.000000000000000000e+00 0.000000000000000000e+00 0.000000000000000000e+00 0.000000000000000000e+00 0.000000000000000000e+00 0.000000000000000000e+00 0.000000000000000000e+00 0.000000000000000000e+00 0.000000000000000000e+00 0.000000000000000000e+00 0.000000000000000000e+00 0.000000000000000000e+00 0.000000000000000000e+00
0.000000000000000000e+00 0.000000000000000000e+00 0.000000000000000000e+00 0.000000000000000000e+00 0.000000000000000000e+00 0.000000000000000000e+00 0.000000000000000000e+00 0.000000000000000000e+00 0.000000000000000000e+00 0.000000000000000000e+00 0.000000000000000000e+00 0.000000000000000000e+00 0.000000000000000000e+00 0.000000000000000000e+00 0.000000000000000000e+00 0.000000000000000000e+00 0.000000000000000000e+00 0.000000000000000000e+00 0.000000000000000000e+00 0.000000000000000000e+00 0.000000000000000000e+00 0.000000000000000000e+00 0.000000000000000000e+00 0.000000000000000000e+00 0.000000000000000000e+00
0.000000000000000000e+00 -1.874776713285104179e+01 1.573964929493062215e+00 -1.276406649914196123e+01 -8.018932110746025188e+00 0.000000000000000000e+00 -2.236804401634992701e+01 2.623075803530807804e+01 1.612465679690885167e+01 3.000000000000000000e+01 0.000000000000000000e+00 1.230732659128450734e+01 3.000000000000000000e+01 3.000000000000000000e+01 -1.558978590242907458e+01 0.000000000000000000e+00 -2.096414588668662304e+01 0.000000000000000000e+00 -2.012417962573524832e+01 2.376894368979392169e+01 0.000000000000000000e+00 0.000000000000000000e+00 0.000000000000000000e+00 0.000000000000000000e+00 0.000000000000000000e+00
0.000000000000000000e+00 -2.518698926654991155e+01 -1.251708108123395924e+01 2.948468153261267943e+01 1.194542432435666157e+01 0.000000000000000000e+00 3.000000000000000000e+01 1.217882601528331998e-01 -1.766337047435379892e+00 1.965233521950401752e+01 0.000000000000000000e+00 5.219744019161052684e+00 1.639327191971872111e+01 5.394972660462397762e+00 9.518726262029689522e+00 0.000000000000000000e+00 -2.560234231236841396e+01 0.000000000000000000e+00 -3.000000000000000000e+01 9.248566042167309931e+00 0.000000000000000000e+00 0.000000000000000000e+00 0.000000000000000000e+00 0.000000000000000000e+00 0.000000000000000000e+00
0.000000000000000000e+00 2.866721535011216915e+01 -2.513555838497009276e+01 1.220160079000299724e+01 4.112930765970107316e+00 0.000000000000000000e+00 2.408729868637656324e+01 2.263229001220352288e+01 1.694693207949056557e+01 2.316682009583920632e+01 0.000000000000000000e+00 0.000000000000000000e+00 -2.060449670868007566e+00 -2.102389245386206795e+01 -2.240157058996959094e+01 0.000000000000000000e+00 -2.943770844155488575e+01 0.000000000000000000e+00 2.964331881905671295e+01 4.273792037429242074e-01 0.000000000000000000e+00 0.000000000000000000e+00 0.000000000000000000e+00 0.000000000000000000e+00 0.000000000000000000e+00
0.000000000000000000e+00 2.319980067199597329e+01 -2.826083316546338509e+01 -1.585740980336007055e+01 -1.538685815287124647e+01 0.000000000000000000e+00 -2.581728578403149399e+01 -1.690844955736890398e+01 4.394772182895198220e+00 -1.375303888978887668e-01 0.000000000000000000e+00 0.000000000000000000e+00 -2.089324736472755717e+01 2.897176578037514361e+01 2.385489243422371786e+01 0.000000000000000000e+00 2.961690345039073335e+01 0.000000000000000000e+00 2.492140654666252786e+01 0.000000000000000000e+00 0.000000000000000000e+00 0.000000000000000000e+00 0.000000000000000000e+00 0.000000000000000000e+00 0.000000000000000000e+00
0.000000000000000000e+00 1.049032502471066586e+01 3.000000000000000000e+01 2.802785928413469296e-01 2.443696768445376932e+01 0.000000000000000000e+00 3.000000000000000000e+01 2.551773484966637540e+01 1.287450573999644909e+00 -1.513545099602341182e+01 -6.245804865657028637e-01 -1.937666795362714023e+00 2.637570428428853830e+01 1.155037550136456659e+01 -4.871941815982935964e+00 0.000000000000000000e+00 2.217287313268184690e+01 0.000000000000000000e+00 1.253426934064813203e+01 -6.099491596244103420e+00 0.000000000000000000e+00 0.000000000000000000e+00 0.000000000000000000e+00 0.000000000000000000e+00 0.000000000000000000e+00
-3.048142204448975434e+00 -4.256536648469642969e+00 1.583804943946039856e+01 1.170234463809265790e+01 1.941473573545964371e+01 0.000000000000000000e+00 2.387068687548664769e+01 1.819336484136243826e+01 -1.017651492783777911e+01 2.429886933767781088e+01 -9.905151667542760663e+00 -1.695587667893334682e+01 4.045001678890956853e+00 -5.077136214546314363e+00 -2.895418795575788451e+01 0.000000000000000000e+00 1.255340385532080383e+01 0.000000000000000000e+00 4.526703447991045515e+00 -1.167220136358819715e+01 0.000000000000000000e+00 0.000000000000000000e+00 0.000000000000000000e+00 0.000000000000000000e+00 0.000000000000000000e+00
-1.293795799239483202e+01 3.000000000000000000e+01 2.547658526836625725e+01 -1.333873895394214748e-01 -7.166924474950087998e+00 -3.339392121535770919e+00 3.483811458125541272e+00 -2.958226695445384191e+00 -9.024060484622459910e+00 -2.089918418937672584e+01 -1.151283988759135291e+01 -3.000000000000000000e+01 -1.519656694442622147e+01 -1.511442638893332280e+01 -7.984880705645757359e+00 0.000000000000000000e+00 3.753320696630016773e+00 0.000000000000000000e+00 -3.327008027890064223e+00 -1.621200109773095477e+01 0.000000000000000000e+00 0.000000000000000000e+00 0.000000000000000000e+00 0.000000000000000000e+00 0.000000000000000000e+00
-1.644378766249247192e+01 1.284362900949131792e+01 2.842803856269417295e+01 6.866517830755151763e+00 7.608815071292807986e+00 -1.564885249397837441e+01 -1.702692026475434384e+00 4.236289049888330993e+00 2.571131943184923685e+01 -1.945378759185031470e+01 -1.449110881590557831e+01 1.538528277142125367e+00 2.996619105989818976e+01 -1.990538743341310735e+01 -2.089964315484400004e+01 0.000000000000000000e+00 -5.887026368010864985e+00 0.000000000000000000e+00 -6.627137275418261808e+00 -2.239655992284711772e+01 0.000000000000000000e+00 0.000000000000000000e+00 0.000000000000000000e+00 0.000000000000000000e+00 0.000000000000000000e+00
-1.710237495992833345e+01 -1.693605841512282240e+01 1.691582873964302536e+01 2.888884376656917219e+00 -1.510941281830076477e+01 -2.605081555901231383e+01 -2.129610275171053146e+01 -3.795629825185194317e+00 2.252243399587648653e+01 -2.269234496266047429e+01 -2.453455000894974702e+01 2.884932782470933788e+01 1.675955913769314165e+01 -2.528718353042583189e+01 -2.815509134395929181e+01 -6.729854058239467030e+00 -4.755587665112217977e+00 0.000000000000000000e+00 -1.978628802324027802e+01 -2.890722747998035658e+01 0.000000000000000000e+00 0.000000000000000000e+00 0.000000000000000000e+00 0.000000000000000000e+00 0.000000000000000000e+00
-2.259637054916366949e+01 -1.923717349895906636e+01 3.446237874359041609e-01 -1.359904670226662837e+01 -2.242967214362393946e+01 -3.000000000000000000e+01 -3.000000000000000000e+01 1.609336573743023990e+01 1.424840612399582263e+01 -3.000000000000000000e+01 -3.000000000000000000e+01 2.397037019098353738e+01 -1.106492066942027996e+01 -3.000000000000000000e+01 -3.000000000000000000e+01 -3.000000000000000000e+01 -1.297860948864886588e+01 0.000000000000000000e+00 -2.111491827609220451e+01 -3.000000000000000000e+01 0.000000000000000000e+00 0.000000000000000000e+00 0.000000000000000000e+00 0.000000000000000000e+00 0.000000000000000000e+00
3.000000000000000000e+01 3.000000000000000000e+01 -6.214114747164287245e+00 -1.640050181974001475e+01 3.000000000000000000e+01 3.000000000000000000e+01 3.000000000000000000e+01 -3.134160956427342715e+00 6.976202722044894111e-02 3.000000000000000000e+01 3.000000000000000000e+01 1.180775049962970691e+01 -2.373714924251760650e+01 3.000000000000000000e+01 3.000000000000000000e+01 3.000000000000000000e+01 -1.557089740221120877e+01 0.000000000000000000e+00 -3.000000000000000000e+01 3.000000000000000000e+01 0.000000000000000000e+00 0.000000000000000000e+00 0.000000000000000000e+00 0.000000000000000000e+00 0.000000000000000000e+00
3.000000000000000000e+01 3.000000000000000000e+01 1.810728365488645153e+01 2.216758818077683912e+01 1.895715441677800683e+01 3.000000000000000000e+01 3.000000000000000000e+01 1.641177649626422408e+01 -2.768235281623105060e+00 3.000000000000000000e+01 3.000000000000000000e+01 4.427421077240254604e-02 3.000000000000000000e+01 3.000000000000000000e+01 3.000000000000000000e+01 2.408592403558547090e+01 -3.000000000000000000e+01 0.000000000000000000e+00 3.000000000000000000e+01 3.000000000000000000e+01 0.000000000000000000e+00 0.000000000000000000e+00 0.000000000000000000e+00 0.000000000000000000e+00 0.000000000000000000e+00
1.947900816016741388e+01 2.922253571288289109e+01 -7.790928334554435786e+00 8.964863192071568676e+00 1.453304755010021942e+01 2.918071260994224758e+01 3.000000000000000000e+01 -2.035873439124810336e+00 -1.730399088293188115e+01 1.948375097984296289e+01 3.000000000000000000e+01 -5.573416793287318260e-02 2.196535127136331411e+01 1.707837102895108217e+01 2.304913096296799324e+01 6.913901025067853645e+00 -3.000000000000000000e+01 0.000000000000000000e+00 3.000000000000000000e+01 2.220320285398926785e+01 0.000000000000000000e+00 0.000000000000000000e+00 0.000000000000000000e+00 0.000000000000000000e+00 0.000000000000000000e+00
6.768062338541223966e+00 2.071771969314425732e+01 1.490739251825725376e+01 -3.792564042215608389e+00 7.187078119949972255e+00 1.299104652102181845e+01 2.489469107604970688e+01 -2.503597291873429853e+01 -2.905076158804099506e+01 1.163865060076867408e+01 2.988105985744626025e+01 -7.687619048203607086e+00 8.914723911616066587e+00 1.337168111704379569e+01 1.150390380700027038e+01 -1.076382453091934899e+01 2.987843072331542515e+01 0.000000000000000000e+00 2.478074161870661385e+01 1.797671023854260142e+01 0.000000000000000000e+00 0.000000000000000000e+00 0.000000000000000000e+00 0.000000000000000000e+00 0.000000000000000000e+00
-9.353343627010987760e+00 2.307767385523256820e+01 -7.801112252271526160e+00 1.831139368780694454e+01 0.000000000000000000e+00 2.102450741393513400e+00 2.481529040679538944e+00 2.526775910873128339e+01 -3.000000000000000000e+01 2.028279693215861101e+00 1.849917411401966660e+01 3.000000000000000000e+01 5.269537653223627771e+00 2.488975186129783079e+00 1.147995533964610360e+01 -2.613447130237975458e+01 2.651784275206937380e+01 0.000000000000000000e+00 1.701957760698488897e+01 1.301284254337245727e+01 0.000000000000000000e+00 0.000000000000000000e+00 0.000000000000000000e+00 0.000000000000000000e+00 0.000000000000000000e+00
2.213982009786009542e+01 5.313222351461790893e+00 1.698059696715804634e+01 1.762184777246857692e+01 0.000000000000000000e+00 -1.308456799421337813e+01 -1.757523701343815503e+01 1.945957573895206849e+01 3.000000000000000000e+01 4.013122264810132234e-01 6.652759878409819194e+00 1.376398473650040266e+01 -4.549258472756823934e+00 7.055006458936914637e-02 1.284442374289442856e+00 3.000000000000000000e+01 2.765859443496142234e+01 0.000000000000000000e+00 1.669581641323757282e+01 2.279288539535663460e+00 0.000000000000000000e+00 0.000000000000000000e+00 0.000000000000000000e+00 0.000000000000000000e+00 0.000000000000000000e+00
-2.123177443123906372e+01 -5.569027252235913217e+00 -1.017668962648305531e+01 2.671863451399986644e+01 0.000000000000000000e+00 -1.668789266379027580e+00 3.291071135030849693e+00 8.015928632985108493e+00 2.899959556279744177e+01 0.000000000000000000e+00 -2.470998367455160327e+00 -9.747320752638728436e+00 -2.339831355707250893e+01 0.000000000000000000e+00 1.594592125226923507e-02 2.085794222431074729e+01 2.210926161670232659e+01 0.000000000000000000e+00 3.569414250331382821e+00 1.178080684895899816e-02 0.000000000000000000e+00 0.000000000000000000e+00 0.000000000000000000e+00 0.000000000000000000e+00 0.000000000000000000e+00
-2.048555297881849668e+01 1.437667501086498945e+01 2.367779550752653250e+01 2.421004031282535607e+01 0.000000000000000000e+00 2.936080938517901728e+01 2.600912253813208608e+01 -1.290095628507283365e+01 2.164408388724584142e+01 0.000000000000000000e+00 2.193390336474750058e+01 2.897948991414005349e+01 2.674544411539405431e+01 0.000000000000000000e+00 0.000000000000000000e+00 1.658974080462211731e+01 1.537799914167382731e+01 0.000000000000000000e+00 2.521705651102261192e-01 0.000000000000000000e+00 0.000000000000000000e+00 0.000000000000000000e+00 0.000000000000000000e+00 0.000000000000000000e+00 0.000000000000000000e+00
2.830385905282717829e+01 -9.822381905284281345e+00 8.660378509375314948e+00 5.367886024285081881e+00 0.000000000000000000e+00 2.714156333755809314e+01 2.859060909644366433e+01 1.388996281271524147e+01 1.073502113552016368e+01 0.000000000000000000e+00 9.574225385735992688e-01 6.178089271592321019e+00 -1.632812406324021737e+01 0.000000000000000000e+00 0.000000000000000000e+00 2.443551134344512654e+00 7.872175104275821234e+00 0.000000000000000000e+00 -2.252726411586677274e-02 0.000000000000000000e+00 0.000000000000000000e+00 0.000000000000000000e+00 0.000000000000000000e+00 0.000000000000000000e+00 0.000000000000000000e+00
2.336787528086969701e+01 2.140088972883427942e+01 -1.545304511025372385e+01 -1.873097774049774245e+01 0.000000000000000000e+00 1.393767346242828431e+01 1.457183957456882162e+01 -1.827557846793787277e+01 4.163328633942613433e-01 0.000000000000000000e+00 2.017184525873472012e+01 2.210746865257505434e+01 2.881698971719038838e+01 0.000000000000000000e+00 0.000000000000000000e+00 2.487557327339375846e+01 1.101725586066603757e+00 0.000000000000000000e+00 -5.823806635250892150e+00 0.000000000000000000e+00 0.000000000000000000e+00 0.000000000000000000e+00 0.000000000000000000e+00 0.000000000000000000e+00 0.000000000000000000e+00
2.647639601860196734e+01 -5.084888342907613712e+00 -6.403357369915276820e-01 2.692126324961147077e+01 0.000000000000000000e+00 1.348736025216294543e+01 -6.715594482618077343e+00 1.166335287678380261e+01 0.000000000000000000e+00 0.000000000000000000e+00 -6.215868822994253584e+00 -1.673463254991062188e+00 1.412848628911673288e+01 0.000000000000000000e+00 0.000000000000000000e+00 4.577884188441092128e+00 -9.256272038114577327e+00 0.000000000000000000e+00 -1.815447466580436853e+01 0.000000000000000000e+00 0.000000000000000000e+00 0.000000000000000000e+00 0.000000000000000000e+00 0.000000000000000000e+00 0.000000000000000000e+00
9.003237188848066452e+00 3.844627687544979189e+00 1.760927061428337836e+01 1.248664388363048339e+01 0.000000000000000000e+00 -6.197590258953197484e+00 -1.456721836893305166e+01 -8.324334599431573167e+00 0.000000000000000000e+00 0.000000000000000000e+00 3.165006754853948223e+00 2.630193269590587235e+01 -8.918261316752896795e-01 0.000000000000000000e+00 0.000000000000000000e+00 2.267404746607794408e+01 -2.042432329185708184e+01 0.000000000000000000e+00 -2.752414550997139031e+01 0.000000000000000000e+00 0.000000000000000000e+00 0.000000000000000000e+00 0.000000000000000000e+00 0.000000000000000000e+00 0.000000000000000000e+00
-3.210315952454464217e+00 -1.447055027764329083e+01 -4.841330358216274554e+00 -6.105328283569509296e+00 0.000000000000000000e+00 -1.119158628173176595e+01 2.687439629603838043e+01 -2.250313583851545829e+01 -7.338914496223247319e+00 0.000000000000000000e+00 -2.596735327226985390e+01 5.250085737620547199e+00 -1.259064628125027951e+01 0.000000000000000000e+00 0.000000000000000000e+00 1.590184265446873546e+01 -2.224647627873953581e+01 -8.064813935831383063e+00 2.916370995628570384e+01 0.000000000000000000e+00 -7.276780038640820791e+00 0.000000000000000000e+00 -6.876971653818688690e-01 0.000000000000000000e+00 0.000000000000000000e+00
-1.613995309091398056e+01 -9.315502529837031531e+00 -1.969228785279663185e+01 -1.287656759588979583e+01 0.000000000000000000e+00 -2.721116029291256666e+01 7.448333612055238362e+00 3.236333543799660095e+00 -1.234423547712085067e+01 0.000000000000000000e+00 -1.537717351184185155e+01 2.604583536344259898e+01 -2.276417532546355105e+01 0.000000000000000000e+00 0.000000000000000000e+00 2.829068474562469238e+00 3.000000000000000000e+01 -4.441902706650335375e+00 1.614278934802976906e+01 0.000000000000000000e+00 -1.092772667242531348e+01 0.000000000000000000e+00 -9.719910950612666412e+00 0.000000000000000000e+00 0.000000000000000000e+00
-1.289025981504373064e+01 -2.255409424249522132e+01 -2.788044370128165284e+01 -1.676181382893303606e+01 0.000000000000000000e+00 -1.298199371063612872e+01 -2.007337131239327732e+01 -1.560766206194275441e+01 -1.814414087837946354e+01 0.000000000000000000e+00 2.772423173915284167e+01 9.301537832422669183e+00 2.862206754048991186e+01 0.000000000000000000e+00 0.000000000000000000e+00 1.941802372156742251e+01 2.938383007514908840e+01 -8.750807316522321244e+00 7.062959363264096346e+00 0.000000000000000000e+00 -1.571923996854852312e+01 -5.677924324192801464e+00 -1.658982390759800651e+01 -3.732573810841419260e+00 0.000000000000000000e+00
-2.110124280637201366e+01 -2.937683984816585081e+01 -1.990951559511491098e+01 -2.136374015048863839e+01 0.000000000000000000e+00 -2.937343194639509392e+01 1.518455004350215987e+01 -2.282807457635412618e+01 -2.450018122266459031e+01 0.000000000000000000e+00 -2.137872106913780712e+01 -1.883185128732731073e+01 2.013549950154660806e+01 0.000000000000000000e+00 0.000000000000000000e+00 1.925295328832624264e+01 2.040681193701222185e+01 -1.793654607516889499e+01 -6.555375641134022047e+00 0.000000000000000000e+00 -1.647180642707557396e+01 -1.781528860150460147e+01 -1.765324614382749857e+01 -1.501168380412373438e+01 0.000000000000000000e+00
-1.691181342320716041e+01 -3.000000000000000000e+01 -2.984214775932411357e+01 -2.973843951363314630e+01 0.000000000000000000e+00 -4.124032918443808704e+00 -8.348836949187239398e+00 -2.967707728255952659e+01 -3.000000000000000000e+01 0.000000000000000000e+00 3.000000000000000000e+01 3.000000000000000000e+01 1.595549891656306940e+01 0.000000000000000000e+00 0.000000000000000000e+00 2.251253105229926721e+00 1.174900878962045603e+01 -2.484626527628657655e+01 -1.795022434361964869e+01 0.000000000000000000e+00 -1.720756469539799483e+01 -2.857352279682378438e+01 -3.000000000000000000e+01 -2.197119354395227830e+01 0.000000000000000000e+00
-2.374788567630629998e+01 -3.000000000000000000e+01 -3.000000000000000000e+01 -3.000000000000000000e+01 0.000000000000000000e+00 2.774288062031358493e+01 3.000000000000000000e+01 -3.000000000000000000e+01 -3.000000000000000000e+01 0.000000000000000000e+00 2.795017799338813802e+01 3.000000000000000000e+01 -4.697080077307216328e-01 0.000000000000000000e+00 0.000000000000000000e+00 -1.298886885836049210e+01 -1.252949947348245274e+01 -3.000000000000000000e+01 -2.432349586857025514e+01 0.000000000000000000e+00 -2.401695169264278817e+01 -3.000000000000000000e+01 -3.000000000000000000e+01 -3.000000000000000000e+01 0.000000000000000000e+00
3.000000000000000000e+01 3.000000000000000000e+01 3.000000000000000000e+01 3.000000000000000000e+01 0.000000000000000000e+00 1.961158155546508652e+01 1.304183793361353771e+01 3.000000000000000000e+01 3.000000000000000000e+01 0.000000000000000000e+00 1.542991403648912829e+01 2.129811763794734958e+01 -1.073966228540819046e+01 0.000000000000000000e+00 0.000000000000000000e+00 6.791980503914847311e-01 2.618904984043486195e+01 3.000000000000000000e+01 3.000000000000000000e+01 0.000000000000000000e+00 3.000000000000000000e+01 3.000000000000000000e+01 3.000000000000000000e+01 3.000000000000000000e+01 0.000000000000000000e+00
2.593116061548596107e+01 3.000000000000000000e+01 3.000000000000000000e+01 3.000000000000000000e+01 0.000000000000000000e+00 1.634633365159447749e+01 0.000000000000000000e+00 3.000000000000000000e+01 3.000000000000000000e+01 0.000000000000000000e+00 3.279004249619520195e+00 2.643937901885720976e+00 -2.776729122013015427e+01 0.000000000000000000e+00 0.000000000000000000e+00 -1.953167504810589250e+01 1.059433569302215261e+01 3.000000000000000000e+01 2.420880433290883360e+01 0.000000000000000000e+00 2.744631129386791457e+01 3.000000000000000000e+01 3.000000000000000000e+01 3.000000000000000000e+01 0.000000000000000000e+00
1.948119376566409500e+01 2.822718101540169755e+01 2.689620165753812131e+01 2.248973909570880991e+01 0.000000000000000000e+00 1.200151677208617507e+01 -9.847200532276473295e-01 2.471400151316808547e+01 2.646776517749101032e+01 0.000000000000000000e+00 1.223615161203383117e+01 -8.496561587355463629e+00 3.077078874341398151e+00 0.000000000000000000e+00 0.000000000000000000e+00 4.093808450227522377e-01 -1.414994291599054321e+01 2.578516083335889419e+01 1.316687080397491805e+01 0.000000000000000000e+00 3.000000000000000000e+01 3.000000000000000000e+01 2.756764717829673117e+01 2.220435001073812842e+01 0.000000000000000000e+00
1.575476230976056868e+01 2.040427776097291712e+01 1.253862777079324076e+01 2.123532580873866493e+01 0.000000000000000000e+00 1.341281199027871551e+01 -1.604391127277722973e+01 1.317753330455315819e+01 1.353767821137264349e+01 0.000000000000000000e+00 0.000000000000000000e+00 2.033642192186653475e+01 2.372012253015465788e+01 0.000000000000000000e+00 0.000000000000000000e+00 -1.719006804694794255e+01 1.399417251179036725e+01 2.818670272894562956e+01 2.367620000567957739e+00 0.000000000000000000e+00 1.843281915529334825e+01 2.793466022263734416e+01 2.989855960921050837e+01 1.073760066011306158e+01 0.000000000000000000e+00
1.156269266180832389e+01 1.327322238450180514e+01 6.148838048592760508e+00 1.187921172413209447e+01 0.000000000000000000e+00 -2.435907717818144391e+01 2.560271314767823370e+01 6.799857144614373183e+00 1.128314744141324510e+01 0.000000000000000000e+00 -6.280616040388901311e+00 1.031404567940284789e+00 1.251040153098796104e+01 0.000000000000000000e+00 0.000000000000000000e+00 -2.833280031960996226e+01 -9.906997143027370001e+00 1.246831914426876509e+01 -1.154364720753209422e-01 0.000000000000000000e+00 1.881435480541486882e+01 5.367642764440871961e-01 3.000000000000000000e+01 -2.394842181927829827e+00 0.000000000000000000e+00
6.911412782491062501e+00 1.066797618306664308e+00 6.540328764170097564e+00 3.087390086161295066e+00 0.000000000000000000e+00 3.000000000000000000e+01 -1.800077585841003724e+01 7.747697510011084532e-01 5.830367783756128297e+00 0.000000000000000000e+00 1.548245309422598837e+01 -1.466309712490201589e+00 2.431413876899979065e-01 0.000000000000000000e+00 0.000000000000000000e+00 -2.320299852208164282e+01 -2.231321373653457130e+01 3.000000000000000000e+01 -1.154103767285159243e+01 0.000000000000000000e+00 3.010124887167818120e+00 1.363242575954081026e+01 1.483245074402931607e+01 -1.303878115310896213e+01 0.000000000000000000e+00
1.232319353246929650e+00 0.000000000000000000e+00 0.000000000000000000e+00 0.000000000000000000e+00 0.000000000000000000e+00 -2.433129828845315856e+01 -2.151314475062572740e+01 0.000000000000000000e+00 0.000000000000000000e+00 0.000000000000000000e+00 -8.334169906052775190e+00 2.780482014514835853e+01 -9.164269236300203403e+00 0.000000000000000000e+00 0.000000000000000000e+00 2.952672005854149262e+01 2.512874863918571577e+01 2.836363921758253426e+01 -2.110660293576703950e+01 0.000000000000000000e+00 -8.003513116247914283e+00 -7.754140238202888114e+00 -4.013741865297241418e+00 -2.153897656053690213e+01 0.000000000000000000e+00
0.000000000000000000e+00 0.000000000000000000e+00 0.000000000000000000e+00 0.000000000000000000e+00 0.000000000000000000e+00 2.513572640182199081e+01 3.000000000000000000e+01 0.000000000000000000e+00 0.000000000000000000e+00 0.000000000000000000e+00 -1.349433600583050286e+01 2.534367684658711894e+01 -2.228696644091384726e+01 0.000000000000000000e+00 0.000000000000000000e+00 2.448092039532676623e+01 4.601890383101338244e+00 8.888862626502255893e+00 3.000000000000000000e+01 0.000000000000000000e+00 -2.363095834430003350e+01 8.271242313530159151e+00 -1.349915093098977970e+01 2.628363149141883071e+01 0.000000000000000000e+00
0.000000000000000000e+00 0.000000000000000000e+00 0.000000000000000000e+00 0.000000000000000000e+00 0.000000000000000000e+00 -1.329861339622910066e+01 1.808718356311165820e+01 0.000000000000000000e+00 0.000000000000000000e+00 0.000000000000000000e+00 -3.000000000000000000e+01 1.341439162703683152e+01 3.000000000000000000e+01 0.000000000000000000e+00 0.000000000000000000e+00 2.373694643831285234e+01 -9.741559338003398238e+00 -1.672833427193879530e+01 2.133543924869213981e+01 0.000000000000000000e+00 -1.769893819049216077e+01 2.024578266593827891e+01 -3.000000000000000000e+01 1.866514192143180395e+01 0.000000000000000000e+00
0.000000000000000000e+00 0.000000000000000000e+00 0.000000000000000000e+00 0.000000000000000000e+00 0.000000000000000000e+00 -2.261256203436791523e+01 -2.777191973597793506e+01 0.000000000000000000e+00 0.000000000000000000e+00 0.000000000000000000e+00 -2.606853560927526559e+01 2.227329063192873804e+01 1.878524677811878263e+01 0.000000000000000000e+00 0.000000000000000000e+00 6.820858147053276532e+00 8.852776329295585001e+00 5.507810829877581860e+00 1.589547532248140982e+01 0.000000000000000000e+00 -2.696583417729718590e+01 1.120157348823709320e+01 3.000000000000000000e+01 7.468541842464258451e+00 0.000000000000000000e+00
0.000000000000000000e+00 0.000000000000000000e+00 0.000000000000000000e+00 0.000000000000000000e+00 0.000000000000000000e+00 2.777249835299377878e+01 -1.831722608137435770e+01 0.000000000000000000e+00 0.000000000000000000e+00 0.000000000000000000e+00 3.000000000000000000e+01 1.294028313666283303e+01 1.674654148059969705e+00 0.000000000000000000e+00 0.000000000000000000e+00 1.776562839088401446e+01 2.335038421814747167e+01 -1.724497484410542825e+01 -2.137028241960787867e+01 0.000000000000000000e+00 3.000000000000000000e+01 4.895403837526735913e+00 3.000000000000000000e+01 -1.093646633645989930e+01 0.000000000000000000e+00
0.000000000000000000e+00 0.000000000000000000e+00 0.000000000000000000e+00 0.000000000000000000e+00 0.000000000000000000e+00 2.213815676877486993e+01 -2.989213073620574335e+01 0.000000000000000000e+00 0.000000000000000000e+00 0.000000000000000000e+00 1.381970591859898079e+01 -1.652049730841951103e+01 -1.740267878105161614e+01 0.000000000000000000e+00 0.000000000000000000e+00 -9.746679557374832825e+00 -1.881612158130052137e+01 -1.608932667709690278e+01 3.000000000000000000e+01 0.000000000000000000e+00 3.000000000000000000e+01 -1.137272492089575771e+01 2.376007010657288632e+01 2.865540393368262073e+01 0.000000000000000000e+00
0.000000000000000000e+00 0.000000000000000000e+00 0.000000000000000000e+00 0.000000000000000000e+00 0.000000000000000000e+00 1.226288011301032554e+01 2.930339381909213969e+01 0.000000000000000000e+00 0.000000000000000000e+00 0.000000000000000000e+00 -4.699110561930981866e+00 2.106444059817358294e+01 2.758753360487876094e+01 -9.609292627950448695e-01 0.000000000000000000e+00 -2.683614459785616901e+01 5.929029346661200961e+00 2.340457648153619630e+01 -4.285348927339412306e+00 0.000000000000000000e+00 2.929503526543193104e+01 1.579251139000537263e+00 2.229748353764250623e+01 2.427116663222849269e+01 -6.171446874203081023e+00
0.000000000000000000e+00 0.000000000000000000e+00 0.000000000000000000e+00 0.000000000000000000e+00 0.000000000000000000e+00 -4.582410656660750092e+00 2.372470135659253643e+01 0.000000000000000000e+00 0.000000000000000000e+00 0.000000000000000000e+00 -2.380367941331972048e+01 2.678775345024820176e+00 6.726978636327075378e+00 -4.787092267006742397e+00 -2.489826794997991311e+00 2.206170917175027668e+01 -1.654940528802286437e+01 1.666017868139522307e+01 2.144675578065369947e+01 -7.091296464982264069e+00 3.000000000000000000e+01 1.186105960373611268e+01 -6.953621898118721445e-01 2.174512005218659993e+01 -1.119641434354289800e+01
0.000000000000000000e+00 0.000000000000000000e+00 0.000000000000000000e+00 0.000000000000000000e+00 0.000000000000000000e+00 -1.358483869779532682e+01 9.773871444982626500e+00 0.000000000000000000e+00 0.000000000000000000e+00 -1.255949587158878555e-01 -2.232474087036071353e+01 -1.676817034107212834e+01 -1.631505185907182565e+01 -1.348568405616491717e+01 -6.146705338730929391e+00 -6.975705047081842025e+00 -1.376768109481239399e+01 1.501032455950890299e+00 -1.185060333742574556e+01 -1.517510690469523027e+01 2.372719541682797839e+01 -1.050281786493344427e+01 -1.384819219237253485e+01 1.544308641453866704e+00 -1.456588341160155764e+01
0.000000000000000000e+00 0.000000000000000000e+00 0.000000000000000000e+00 0.000000000000000000e+00 0.000000000000000000e+00 -2.113738548650889371e+01 7.464310276310226477e-03 0.000000000000000000e+00 0.000000000000000000e+00 -6.145690993932941382e+00 -1.457909271630667369e+01 -3.000000000000000000e+01 3.000000000000000000e+01 -2.148929781788856630e+01 -1.994354975474848501e+01 -3.000000000000000000e+01 3.000000000000000000e+01 1.132438341496790990e+01 5.436363344877432446e+00 -2.376399977433655408e+01 6.417806843498879310e+00 1.724617127774950021e+00 2.771846251199936972e+01 -2.061579683867234181e+01 -1.444131029355983742e+01
0.000000000000000000e+00 0.000000000000000000e+00 0.000000000000000000e+00 0.000000000000000000e+00 0.000000000000000000e+00 -2.750829958804669673e+01 -1.178152888595563397e+01 0.000000000000000000e+00 0.000000000000000000e+00 -2.374943599022987684e+01 -2.919393880035744004e+01 1.206986946171971731e+01 1.369523572186716898e+01 -2.873880828687994438e+01 -2.897014349171994851e+01 -1.198597579955286996e+01 2.809101408676949063e+01 -3.319161763235312534e+00 -1.724336044409767155e+01 -2.911643441563952805e+01 -1.564308506918913899e+01 -2.392565269771371561e+01 1.987091765289795120e+01 -1.427573593112548878e+01 -1.949411200744044947e+01
0.000000000000000000e+00 0.000000000000000000e+00 0.000000000000000000e+00 0.000000000000000000e+00 0.000000000000000000e+00 3.000000000000000000e+01 -2.148386242167164895e+01 0.000000000000000000e+00 0.000000000000000000e+00 -3.000000000000000000e+01 -3.000000000000000000e+01 -1.536671089526102207e+01 -1.910789880985898304e+00 -3.000000000000000000e+01 -3.000000000000000000e+01 -3.000000000000000000e+01 2.149712373651159325e+01 1.634081845096905994e+01 -3.000000000000000000e+01 -3.000000000000000000e+01 -1.871822772817375480e+01 -3.000000000000000000e+01 1.749682507731989034e+01 -2.110975254130085688e+01 -2.462775310139454277e+01
