# yaw
0.000000000000000000e+00 0.000000000000000000e+00 0.000000000000000000e+00 0.000000000000000000e+00 0.000000000000000000e+00 2.184934500031473092e+01 -3.978963228971456267e+00 -1.018143250524384769e+01 -2.029026520140604006e+01 2.429241847777176488e+01 3.000000000000000000e+01 1.999254713076949841e+01 -1.643161498428083434e+01 -1.274170491988557075e+01 2.431126751408558917e+01 2.508436606123192547e+01 2.629998964061005040e+01 -3.756339179192901057e+00 -1.986339611761718515e+01 2.292635087644665148e+01 2.482057342065120054e+01 -1.553814277989003401e+01 1.642903304579933987e+01 -1.561564657118082877e+01 2.492524111107839246e+01
0.000000000000000000e+00 0.000000000000000000e+00 0.000000000000000000e+00 0.000000000000000000e+00 0.000000000000000000e+00 1.375687177413557061e+00 -1.977159491180773543e+01 2.645885876421391458e+01 1.609046009976807312e+01 7.986072310606511238e+00 1.932576528246920589e+01 1.341377559934523589e+01 2.113904638792007873e+01 2.692673070347523989e+01 8.195413579503501467e+00 7.155824878923643162e+00 9.849875381544448416e+00 1.086461011809056920e+01 1.559232087276723178e+01 5.219456460111631557e+00 7.594096843957371057e+00 1.967665431332350678e+01 5.446883250211113081e-01 1.827648953029466128e+01 1.459903169909613041e+01
0.000000000000000000e+00 0.000000000000000000e+00 0.000000000000000000e+00 0.000000000000000000e+00 0.000000000000000000e+00 0.000000000000000000e+00 1.831984797302897050e+01 1.119589700222159223e+01 0.000000000000000000e+00 0.000000000000000000e+00 2.760097230464500395e+00 0.000000000000000000e+00 2.178695762017734516e+00 1.121518093696020379e+01 0.000000000000000000e+00 0.000000000000000000e+00 0.000000000000000000e+00 0.000000000000000000e+00 4.147077768129443509e-01 0.000000000000000000e+00 0.000000000000000000e+00 1.325457735405493054e+00 0.000000000000000000e+00 1.113147203943266383e+00 8.263803476460873654e-01
0.000000000000000000e+00 0.000000000000000000e+00 0.000000000000000000e+00 0.000000000000000000e+00 0.000000000000000000e+00 0.000000000000000000e+00 0.000000000000000000e+00 0.000000000000000000e+00 0.000000000000000000e+00 0.000000000000000000e+00 0.000000000000000000e+00 0.000000000000000000e+00 0.000000000000000000e+00 0.000000000000000000e+00 0.000000000000000000e+00 0.000000000000000000e+00 0.000000000000000000e+00 0.000000000000000000e+00 0.000000000000000000e+00 0.000000000000000000e+00 0.000000000000000000e+00 0.000000000000000000e+00 0.000000000000000000e+00 0.000000000000000000e+00 0.000000000000000000e+00
0.000000000000000000e+00 0.000000000000000000e+00 0.000000000000000000e+00 0.000000000000000000e+00 0.000000000000000000e+00 0.000000000000000000e+00 0.000000000000000000e+00 0.000000000000000000e+00 0.000000000000000000e+00 0.000000000000000000e+00 0.000000000000000000e+00 0.000000000000000000e+00 0.000000000000000000e+00 0.000000000000000000e+00 0.000000000000000000e+00 0.000000000000000000e+00 9.984889337539339937e-01 -3.773861482021089175e-01 -6.072650260725827032e-01 8.521845939507306511e-01 0.000000000000000000e+00 -7.671374120495784155e-01 9.365982847341848272e-01 2.465071818347825683e-01 2.144324194020972019e-01
0.000000000000000000e+00 0.000000000000000000e+00 0.000000000000000000e+00 0.000000000000000000e+00 0.000000000000000000e+00 0.000000000000000000e+00 0.000000000000000000e+00 0.000000000000000000e+00 0.000000000000000000e+00 0.000000000000000000e+00 0.000000000000000000e+00 0.000000000000000000e+00 0.000000000000000000e+00 0.000000000000000000e+00 0.000000000000000000e+00 0.000000000000000000e+00 0.000000000000000000e+00 0.000000000000000000e+00 0.000000000000000000e+00 0.000000000000000000e+00 0.000000000000000000e+00 0.000000000000000000e+00 0.000000000000000000e+00 0.000000000000000000e+00 0.000000000000000000e+00
0.000000000000000000e+00 0.000000000000000000e+00 0.000000000000000000e+00 0.000000000000000000e+00 0.000000000000000000e+00 0.000000000000000000e+00 0.000000000000000000e+00 0.000000000000000000e+00 0.000000000000000000e+00 0.000000000000000000e+00 0.000000000000000000e+00 7.569629178439087891e-01 -8.400583923591407043e-01 3.370886840189201150e-01 8.395120656350955057e-01 0.000000000000000000e+00 -9.033679887717240842e-01 1.332025088888772801e+00 1.241078200587113489e+00 7.517971157525520087e-02 0.000000000000000000e+00 1.290067321721174665e+00 9.000438810645181587e-01 1.384350798989027354e+00 1.002649485453476208e-01
0.000000000000000000e+00 0.000000000000000000e+00 0.000000000000000000e+00 0.000000000000000000e+00 0.000000000000000000e+00 0.000000000000000000e+00 0.000000000000000000e+00 0.000000000000000000e+00 0.000000000000000000e+00 0.000000000000000000e+00 0.000000000000000000e+00 0.000000000000000000e+00 0.000000000000000000e+00 0.000000000000000000e+00 0.000000000000000000e+00 0.000000000000000000e+00 0.000000000000000000e+00 0.000000000000000000e+00 0.000000000000000000e+00 0.000000000000000000e+00 0.000000000000000000e+00 0.000000000000000000e+00 0.000000000000000000e+00 0.000000000000000000e+00 0.000000000000000000e+00
0.000000000000000000e+00 0.000000000000000000e+00 0.000000000000000000e+00 0.000000000000000000e+00 0.000000000000000000e+00 0.000000000000000000e+00 0.000000000000000000e+00 0.000000000000000000e+00 -7.115829325011437945e-01 -7.189151953078483093e-01 0.000000000000000000e+00 0.000000000000000000e+00 6.418237073833226169e-01 0.000000000000000000e+00 -1.993754786403718615e-01 0.000000000000000000e+00 -8.161099016024336850e-01 0.000000000000000000e+00 -6.182283114640881649e+00 8.087229801442774146e+00 0.000000000000000000e+00 -7.004179699684913718e-01 1.099176243645595852e+00 8.840972692635773456e-01 -6.772375222191987731e+00
0.000000000000000000e+00 0.000000000000000000e+00 0.000000000000000000e+00 0.000000000000000000e+00 0.000000000000000000e+00 0.000000000000000000e+00 -1.166780769014703090e+01 -1.952711275997454365e-01 2.007062790270441610e+01 7.451483961984422422e+00 0.000000000000000000e+00 0.000000000000000000e+00 6.874974733886062950e+00 6.830890872265592328e+00 8.974464272670010345e+00 0.000000000000000000e+00 2.382696255083701331e+01 -1.134259686078854656e+01 2.163072135237116456e+01 9.766131601491577774e-01 0.000000000000000000e+00 7.308379038411912276e+00 8.184198763154238776e+00 2.345399185315036661e+00 1.858832457253606307e+01
0.000000000000000000e+00 0.000000000000000000e+00 0.000000000000000000e+00 0.000000000000000000e+00 0.000000000000000000e+00 0.000000000000000000e+00 1.190067471181394154e+01 4.010454141045695309e+00 1.369164875914965274e+00 8.222796967392658196e-01 0.000000000000000000e+00 0.000000000000000000e+00 5.083687582872072896e-01 3.313214219077517786e+00 1.953525863440330745e+00 0.000000000000000000e+00 3.175891892895190249e+00 8.648141311653576579e+00 6.905028526170707837e-01 -1.707765281593764672e-01 0.000000000000000000e+00 2.300793069978088745e+00 2.763319083457598246e+00 2.304831140703679448e+00 2.325539551113702252e+00
0.000000000000000000e+00 0.000000000000000000e+00 0.000000000000000000e+00 0.000000000000000000e+00 0.000000000000000000e+00 0.000000000000000000e+00 0.000000000000000000e+00 1.855902040087433980e+00 0.000000000000000000e+00 0.000000000000000000e+00 0.000000000000000000e+00 -1.098072975685947661e+01 0.000000000000000000e+00 -2.000447000949888476e+00 -2.070377715254609008e+00 0.000000000000000000e+00 0.000000000000000000e+00 4.006278689930933834e-01 0.000000000000000000e+00 -1.916483309281165726e+00 0.000000000000000000e+00 0.000000000000000000e+00 0.000000000000000000e+00 0.000000000000000000e+00 -2.334737788459581687e+00
0.000000000000000000e+00 0.000000000000000000e+00 0.000000000000000000e+00 0.000000000000000000e+00 0.000000000000000000e+00 0.000000000000000000e+00 0.000000000000000000e+00 -1.917926805624210196e-01 -2.228670626285776946e-01 -2.316521364456131771e+00 0.000000000000000000e+00 1.361025918913069432e+01 0.000000000000000000e+00 -5.179621756256380216e+00 2.693471474270499488e+00 0.000000000000000000e+00 0.000000000000000000e+00 0.000000000000000000e+00 -2.925535253403137137e+00 7.210434041422668194e+00 0.000000000000000000e+00 0.000000000000000000e+00 -4.252567923862998533e+00 -2.304354058367026059e-01 -3.951307217121333704e+00
0.000000000000000000e+00 0.000000000000000000e+00 0.000000000000000000e+00 0.000000000000000000e+00 0.000000000000000000e+00 0.000000000000000000e+00 0.000000000000000000e+00 2.066404313541184923e+00 6.523662939642326464e+00 6.163472145425830107e+00 0.000000000000000000e+00 0.000000000000000000e+00 0.000000000000000000e+00 2.109569480497686111e+00 2.898200899720341783e-01 0.000000000000000000e+00 0.000000000000000000e+00 2.008971490973256557e+00 5.832740266750284341e+00 7.354336408567485606e-01 0.000000000000000000e+00 0.000000000000000000e+00 4.886823440195001922e+00 1.869809079883188119e+00 7.513293112262460660e+00
0.000000000000000000e+00 0.000000000000000000e+00 0.000000000000000000e+00 0.000000000000000000e+00 0.000000000000000000e+00 0.000000000000000000e+00 0.000000000000000000e+00 0.000000000000000000e+00 5.242109277351230112e-01 -1.177659009279107050e+00 0.000000000000000000e+00 0.000000000000000000e+00 -1.769070556432913000e+00 0.000000000000000000e+00 1.843972935753945830e+00 0.000000000000000000e+00 0.000000000000000000e+00 0.000000000000000000e+00 -1.215899415580609322e+00 1.558718727077463395e+00 0.000000000000000000e+00 0.000000000000000000e+00 0.000000000000000000e+00 -1.171217813167064303e+00 -7.392506149737735344e-01
0.000000000000000000e+00 0.000000000000000000e+00 0.000000000000000000e+00 0.000000000000000000e+00 0.000000000000000000e+00 0.000000000000000000e+00 0.000000000000000000e+00 0.000000000000000000e+00 -7.105767348008141804e-01 1.356090494482506514e+00 0.000000000000000000e+00 0.000000000000000000e+00 7.102951086181757745e+00 0.000000000000000000e+00 0.000000000000000000e+00 0.000000000000000000e+00 0.000000000000000000e+00 0.000000000000000000e+00 0.000000000000000000e+00 -1.075370129835770783e+01 0.000000000000000000e+00 0.000000000000000000e+00 0.000000000000000000e+00 0.000000000000000000e+00 7.666798935011789329e-01
0.000000000000000000e+00 -7.906643163471007707e-01 0.000000000000000000e+00 0.000000000000000000e+00 0.000000000000000000e+00 0.000000000000000000e+00 0.000000000000000000e+00 -8.583672778140400084e+00 -1.259222942085594710e+01 0.000000000000000000e+00 0.000000000000000000e+00 0.000000000000000000e+00 0.000000000000000000e+00 3.064225595834011440e+00 -1.241844222405321219e+01 0.000000000000000000e+00 -5.249064902258506748e-01 0.000000000000000000e+00 -7.211716000673708216e+00 -1.695904529705765773e+00 0.000000000000000000e+00 0.000000000000000000e+00 0.000000000000000000e+00 0.000000000000000000e+00 0.000000000000000000e+00
0.000000000000000000e+00 -1.411758940170945564e+01 -1.079070993221785812e+01 -1.157354284448442705e+01 -1.064383764167535240e+01 0.000000000000000000e+00 0.000000000000000000e+00 2.639204938627321795e+01 1.929122623525870495e+01 -1.067981105840303790e+01 0.000000000000000000e+00 -2.787842415377461247e+00 -1.351195121328780502e+01 -1.452031870391646251e+01 -8.674169899292987651e+00 0.000000000000000000e+00 -1.472282430069549619e+01 -3.798845049256163620e+00 -1.771498194091909539e+01 1.579083597580929244e+01 0.000000000000000000e+00 -1.113034312469056530e+01 -1.201993698124791088e+01 -9.091279935005243118e+00 0.000000000000000000e+00
0.000000000000000000e+00 2.760259427887936923e+01 2.399046418620272192e+01 2.733639745081093508e+01 2.284416039583163993e+01 0.000000000000000000e+00 0.000000000000000000e+00 1.036499708716873869e+01 2.580755848650441386e+00 2.474074359704967918e+01 0.000000000000000000e+00 -1.933022832019712567e+01 2.202398686402478845e+01 2.499843352068530322e+01 1.080259446012092894e+01 0.000000000000000000e+00 2.166478458035062005e+01 2.518878857650406644e+01 1.382011296193487659e+01 0.000000000000000000e+00 0.000000000000000000e+00 2.513351789840304207e+01 2.611658025346276091e+01 2.295672303739930697e+01 -1.433408950063929765e+01
0.000000000000000000e+00 1.222727751821042652e+01 8.059850105970120637e+00 8.816061141890534358e+00 7.701296802790279727e+00 0.000000000000000000e+00 0.000000000000000000e+00 0.000000000000000000e+00 1.847252645794632997e+00 1.211377339324307911e+01 0.000000000000000000e+00 1.538768069585710485e+01 3.471689074039133072e+00 9.753233337057634955e+00 0.000000000000000000e+00 0.000000000000000000e+00 2.567018247653203744e+00 1.104693789734235843e+01 2.758117854584706818e-01 0.000000000000000000e+00 0.000000000000000000e+00 8.198654770769286060e+00 9.644282821949429874e+00 8.219550196619278992e+00 3.000000000000000000e+01
0.000000000000000000e+00 0.000000000000000000e+00 0.000000000000000000e+00 0.000000000000000000e+00 0.000000000000000000e+00 0.000000000000000000e+00 0.000000000000000000e+00 -5.072856860758488295e+00 0.000000000000000000e+00 0.000000000000000000e+00 0.000000000000000000e+00 5.697300672547384037e-01 0.000000000000000000e+00 0.000000000000000000e+00 0.000000000000000000e+00 0.000000000000000000e+00 0.000000000000000000e+00 0.000000000000000000e+00 0.000000000000000000e+00 -1.821694144253045877e+00 0.000000000000000000e+00 0.000000000000000000e+00 0.000000000000000000e+00 0.000000000000000000e+00 1.569456621132241381e+01
0.000000000000000000e+00 0.000000000000000000e+00 0.000000000000000000e+00 0.000000000000000000e+00 0.000000000000000000e+00 0.000000000000000000e+00 0.000000000000000000e+00 0.000000000000000000e+00 0.000000000000000000e+00 0.000000000000000000e+00 0.000000000000000000e+00 0.000000000000000000e+00 0.000000000000000000e+00 0.000000000000000000e+00 0.000000000000000000e+00 0.000000000000000000e+00 0.000000000000000000e+00 0.000000000000000000e+00 0.000000000000000000e+00 0.000000000000000000e+00 0.000000000000000000e+00 0.000000000000000000e+00 0.000000000000000000e+00 0.000000000000000000e+00 0.000000000000000000e+00
0.000000000000000000e+00 0.000000000000000000e+00 0.000000000000000000e+00 0.000000000000000000e+00 0.000000000000000000e+00 0.000000000000000000e+00 0.000000000000000000e+00 0.000000000000000000e+00 0.000000000000000000e+00 0.000000000000000000e+00 0.000000000000000000e+00 0.000000000000000000e+00 0.000000000000000000e+00 0.000000000000000000e+00 0.000000000000000000e+00 0.000000000000000000e+00 0.000000000000000000e+00 0.000000000000000000e+00 0.000000000000000000e+00 0.000000000000000000e+00 0.000000000000000000e+00 0.000000000000000000e+00 0.000000000000000000e+00 0.000000000000000000e+00 0.000000000000000000e+00
0.000000000000000000e+00 0.000000000000000000e+00 0.000000000000000000e+00 0.000000000000000000e+00 0.000000000000000000e+00 0.000000000000000000e+00 0.000000000000000000e+00 0.000000000000000000e+00 0.000000000000000000e+00 0.000000000000000000e+00 0.000000000000000000e+00 0.000000000000000000e+00 0.000000000000000000e+00 0.000000000000000000e+00 0.000000000000000000e+00 0.000000000000000000e+00 0.000000000000000000e+00 0.000000000000000000e+00 0.000000000000000000e+00 0.000000000000000000e+00 0.000000000000000000e+00 0.000000000000000000e+00 0.000000000000000000e+00 0.000000000000000000e+00 0.000000000000000000e+00
0.000000000000000000e+00 0.000000000000000000e+00 0.000000000000000000e+00 0.000000000000000000e+00 0.000000000000000000e+00 0.000000000000000000e+00 0.000000000000000000e+00 0.000000000000000000e+00 0.000000000000000000e+00 0.000000000000000000e+00 0.000000000000000000e+00 0.000000000000000000e+00 0.000000000000000000e+00 0.000000000000000000e+00 0.000000000000000000e+00 0.000000000000000000e+00 0.000000000000000000e+00 0.000000000000000000e+00 0.000000000000000000e+00 0.000000000000000000e+00 0.000000000000000000e+00 0.000000000000000000e+00 0.000000000000000000e+00 0.000000000000000000e+00 0.000000000000000000e+00
0.000000000000000000e+00 0.000000000000000000e+00 0.000000000000000000e+00 0.000000000000000000e+00 0.000000000000000000e+00 0.000000000000000000e+00 0.000000000000000000e+00 0.000000000000000000e+00 0.000000000000000000e+00 0.000000000000000000e+00 0.000000000000000000e+00 0.000000000000000000e+00 0.000000000000000000e+00 0.000000000000000000e+00 0.000000000000000000e+00 0.000000000000000000e+00 0.000000000000000000e+00 0.000000000000000000e+00 0.000000000000000000e+00 0.000000000000000000e+00 0.000000000000000000e+00 0.000000000000000000e+00 0.000000000000000000e+00 0.000000000000000000e+00 0.000000000000000000e+00
0.000000000000000000e+00 0.000000000000000000e+00 -9.425091590112520734e+00 -2.963363228627610813e+00 -3.571886441549315672e-01 0.000000000000000000e+00 0.000000000000000000e+00 -1.406449958106263942e+00 -4.364185086059277352e-01 -1.885848506471767827e+00 0.000000000000000000e+00 -2.522736854564469944e+00 -5.720180551920014622e+00 -2.082033734438426542e+00 -2.532027523664679980e-01 0.000000000000000000e+00 -4.468893731198715358e-01 -7.406817807187278113e-01 -6.823444672939649180e+00 -4.936469843853346973e+00 0.000000000000000000e+00 0.000000000000000000e+00 0.000000000000000000e+00 0.000000000000000000e+00 0.000000000000000000e+00
0.000000000000000000e+00 0.000000000000000000e+00 1.784560130528154787e+01 2.021087534198631630e+01 1.507507412969916594e+01 0.000000000000000000e+00 -2.564678620306218182e+00 2.146931499791410403e+01 2.342944167042249148e+01 2.037323078388318720e+01 0.000000000000000000e+00 2.056265300406553465e+01 1.321496781211068061e+01 2.219756195073564342e+01 -1.484364705502555459e+01 0.000000000000000000e+00 1.222203244732569516e+01 2.013908527992662556e+01 1.026902281419566343e+01 2.230288791607820897e+01 0.000000000000000000e+00 0.000000000000000000e+00 0.000000000000000000e+00 0.000000000000000000e+00 0.000000000000000000e+00
0.000000000000000000e+00 0.000000000000000000e+00 0.000000000000000000e+00 1.213441374437825848e+00 3.319365258265856156e+00 0.000000000000000000e+00 2.904699894525845316e+00 9.202521509781022013e-01 8.078031135033395316e+00 4.539672742063540767e+00 0.000000000000000000e+00 9.114536930928773817e-01 0.000000000000000000e+00 9.998147732626352369e-01 8.690671060205449550e+00 0.000000000000000000e+00 2.529455917844779744e+00 8.855093804758698006e-01 0.000000000000000000e+00 5.007632619813821684e+00 0.000000000000000000e+00 0.000000000000000000e+00 0.000000000000000000e+00 0.000000000000000000e+00 0.000000000000000000e+00
0.000000000000000000e+00 -1.035771394342514640e+01 -2.846129594601288559e+00 -1.948589523627658693e+00 -8.763407456730663014e-01 0.000000000000000000e+00 6.786278151492449728e-01 -2.659454691785657854e+00 -1.991796504272241641e+00 -3.305556814853710002e+00 0.000000000000000000e+00 0.000000000000000000e+00 0.000000000000000000e+00 0.000000000000000000e+00 0.000000000000000000e+00 0.000000000000000000e+00 0.000000000000000000e+00 0.000000000000000000e+00 0.000000000000000000e+00 0.000000000000000000e+00 0.000000000000000000e+00 0.000000000000000000e+00 0.000000000000000000e+00 0.000000000000000000e+00 0.000000000000000000e+00
0.000000000000000000e+00 8.981258520706926873e+00 -1.407110850227724086e-01 0.000000000000000000e+00 -1.833075380378347830e-01 0.000000000000000000e+00 0.000000000000000000e+00 -1.209555794184521860e+00 0.000000000000000000e+00 0.000000000000000000e+00 0.000000000000000000e+00 -2.251469533593543626e-01 -3.228379460084534358e+00 -3.928900152173349980e+00 0.000000000000000000e+00 0.000000000000000000e+00 0.000000000000000000e+00 0.000000000000000000e+00 0.000000000000000000e+00 0.000000000000000000e+00 0.000000000000000000e+00 0.000000000000000000e+00 0.000000000000000000e+00 0.000000000000000000e+00 0.000000000000000000e+00
0.000000000000000000e+00 -3.865885902226326998e+00 2.144917571019778091e+00 -2.897255998517068498e+00 3.333753594611181370e+00 0.000000000000000000e+00 1.545605358234112048e+00 4.990469189335188460e+00 1.749457962917289500e+00 1.681083312238130567e+00 0.000000000000000000e+00 5.804404017139384919e+00 3.761986202339635987e+00 3.723879823234930164e+00 -4.501301068186967846e+00 0.000000000000000000e+00 0.000000000000000000e+00 0.000000000000000000e+00 0.000000000000000000e+00 0.000000000000000000e+00 0.000000000000000000e+00 0.000000000000000000e+00 0.000000000000000000e+00 0.000000000000000000e+00 0.000000000000000000e+00
0.000000000000000000e+00 3.151614027587052558e+00 -6.341660472658203762e-01 2.877974084713589287e-01 7.280887895842771962e-02 0.000000000000000000e+00 -1.136517990554302804e+00 -1.045067428901647721e+00 -2.060573912998195922e+00 2.116312602375317597e-01 0.000000000000000000e+00 0.000000000000000000e+00 0.000000000000000000e+00 0.000000000000000000e+00 1.399823045025661017e+00 0.000000000000000000e+00 0.000000000000000000e+00 0.000000000000000000e+00 0.000000000000000000e+00 0.000000000000000000e+00 0.000000000000000000e+00 0.000000000000000000e+00 0.000000000000000000e+00 0.000000000000000000e+00 0.000000000000000000e+00
0.000000000000000000e+00 5.221038132857936276e+00 2.807115693284539581e+00 3.797006051745477340e+00 4.463110607656247453e+00 0.000000000000000000e+00 1.657154974956203786e+00 2.170443973666918769e+00 2.696864962546402511e-01 5.282105514307788852e+00 0.000000000000000000e+00 0.000000000000000000e+00 0.000000000000000000e+00 0.000000000000000000e+00 0.000000000000000000e+00 0.000000000000000000e+00 0.000000000000000000e+00 0.000000000000000000e+00 0.000000000000000000e+00 0.000000000000000000e+00 0.000000000000000000e+00 0.000000000000000000e+00 0.000000000000000000e+00 0.000000000000000000e+00 0.000000000000000000e+00
0.000000000000000000e+00 4.879890909252303510e-01 5.753571479039687464e-01 0.000000000000000000e+00 7.910525924790754448e-01 -1.767194109057761864e+00 0.000000000000000000e+00 0.000000000000000000e+00 0.000000000000000000e+00 0.000000000000000000e+00 -2.142949113907359482e-01 0.000000000000000000e+00 0.000000000000000000e+00 0.000000000000000000e+00 0.000000000000000000e+00 0.000000000000000000e+00 0.000000000000000000e+00 -6.687289713438538952e-01 0.000000000000000000e+00 -4.953831768993744444e-01 0.000000000000000000e+00 0.000000000000000000e+00 0.000000000000000000e+00 0.000000000000000000e+00 0.000000000000000000e+00
-4.995693795477288646e+00 0.000000000000000000e+00 0.000000000000000000e+00 -2.956336705026860745e+00 -9.076746752028636678e+00 -1.524325836575964388e+01 -3.931436768325484721e+00 -3.937777616241986411e-01 0.000000000000000000e+00 -1.010714640123982200e+01 -1.232375349932635977e+01 -9.045474889099137883e+00 -7.619985614033901733e+00 -2.931177163499973037e+00 -8.789165388489745823e+00 -1.007457334269409088e+01 -7.660611278414882763e-01 -1.588498225017522003e+01 -1.052810654640038424e+00 -1.493763131235149189e+01 0.000000000000000000e+00 0.000000000000000000e+00 0.000000000000000000e+00 0.000000000000000000e+00 0.000000000000000000e+00
1.839635292374665809e+01 -3.429591827224382605e+00 -8.906538970852016845e+00 -1.559914483347497516e+01 2.133925968386999017e+01 2.806341196282085093e+01 1.512356008124717199e+01 -1.279795178810752709e+01 -1.123836491282088090e+01 2.367460965388800886e+01 2.436735289032550611e+01 2.592460808620475277e+01 2.415640604199471753e+01 -1.661424973087494550e+01 2.160939240629887337e+01 2.231706273249687911e+01 -1.427757152036558352e+01 1.182046780100634109e+01 -2.068280540505151777e+01 2.764214694095121416e+01 0.000000000000000000e+00 0.000000000000000000e+00 0.000000000000000000e+00 0.000000000000000000e+00 0.000000000000000000e+00
8.796511724573441438e-01 -2.367227363133494578e+01 2.369729878634805331e+01 1.247705327360035810e+01 6.643646528013230856e+00 1.666956189184278259e+01 6.878988933885025858e+00 2.066865955786369113e+01 2.389975289820041837e+01 7.318786474062399350e+00 7.203781091718094665e+00 6.625854732199570662e+00 1.193230896620997861e+01 1.373120226581861836e+01 4.182054565224731846e+00 6.736797351652598742e+00 1.854605819207355566e+01 3.260217863311684616e-01 1.697027700397951122e+01 1.349930495134289821e+01 0.000000000000000000e+00 0.000000000000000000e+00 0.000000000000000000e+00 0.000000000000000000e+00 0.000000000000000000e+00
0.000000000000000000e+00 1.617153537582898792e+01 1.014070779580853454e+01 0.000000000000000000e+00 0.000000000000000000e+00 2.599702335421323340e+00 0.000000000000000000e+00 1.531881877736219311e+00 1.023390197853638561e+01 0.000000000000000000e+00 0.000000000000000000e+00 0.000000000000000000e+00 0.000000000000000000e+00 3.873068233206039546e-01 0.000000000000000000e+00 0.000000000000000000e+00 1.123135653917700205e+00 0.000000000000000000e+00 9.467976797088637486e-01 7.168731359176411244e-01 0.000000000000000000e+00 0.000000000000000000e+00 0.000000000000000000e+00 0.000000000000000000e+00 0.000000000000000000e+00
0.000000000000000000e+00 0.000000000000000000e+00 0.000000000000000000e+00 0.000000000000000000e+00 0.000000000000000000e+00 0.000000000000000000e+00 0.000000000000000000e+00 0.000000000000000000e+00 0.000000000000000000e+00 0.000000000000000000e+00 0.000000000000000000e+00 0.000000000000000000e+00 0.000000000000000000e+00 0.000000000000000000e+00 0.000000000000000000e+00 0.000000000000000000e+00 0.000000000000000000e+00 0.000000000000000000e+00 0.000000000000000000e+00 0.000000000000000000e+00 0.000000000000000000e+00 0.000000000000000000e+00 0.000000000000000000e+00 0.000000000000000000e+00 0.000000000000000000e+00
4.417282429390011700e+00 -1.307273829920511110e+00 -3.086389970109316039e+00 3.472103172362920098e+00 0.000000000000000000e+00 -3.813613194742166534e+00 4.604574252618788499e+00 1.394857804389717959e+00 1.556440587022662081e+00 0.000000000000000000e+00 0.000000000000000000e+00 0.000000000000000000e+00 0.000000000000000000e+00 0.000000000000000000e+00 0.000000000000000000e+00 0.000000000000000000e+00 0.000000000000000000e+00 0.000000000000000000e+00 0.000000000000000000e+00 0.000000000000000000e+00 0.000000000000000000e+00 0.000000000000000000e+00 0.000000000000000000e+00 0.000000000000000000e+00 0.000000000000000000e+00
-6.052764264726135046e+00 1.250008173703697212e+00 -1.873831037776134689e-01 -5.391699093834048995e+00 0.000000000000000000e+00 0.000000000000000000e+00 -2.098894440970882957e+00 -3.603288954543492739e+00 2.340333246473028428e+00 0.000000000000000000e+00 -4.181810896118637544e+00 -6.042709245123953465e+00 -3.647999546014400352e+00 2.646887502135038428e+00 0.000000000000000000e+00 0.000000000000000000e+00 0.000000000000000000e+00 0.000000000000000000e+00 0.000000000000000000e+00 0.000000000000000000e+00 0.000000000000000000e+00 0.000000000000000000e+00 0.000000000000000000e+00 0.000000000000000000e+00 0.000000000000000000e+00
2.713244171594746401e+00 -5.284904913991707254e+00 3.273497552597099070e+00 3.116655055525462625e+00 0.000000000000000000e+00 -7.739768321803013329e+00 5.936883692837071180e+00 5.184225560101579866e+00 1.808915191701104264e-01 0.000000000000000000e+00 5.381721704328356282e+00 3.366659875149520698e+00 4.406256078884506877e+00 2.878916936522691872e-01 0.000000000000000000e+00 0.000000000000000000e+00 0.000000000000000000e+00 0.000000000000000000e+00 0.000000000000000000e+00 0.000000000000000000e+00 0.000000000000000000e+00 0.000000000000000000e+00 0.000000000000000000e+00 0.000000000000000000e+00 0.000000000000000000e+00
1.211203801849518369e+00 -6.017498499708656690e-01 8.055484139948364541e-01 0.000000000000000000e+00 0.000000000000000000e+00 1.236269251884049680e+00 1.116232250971999962e+00 4.002966456440780085e+00 0.000000000000000000e+00 0.000000000000000000e+00 0.000000000000000000e+00 0.000000000000000000e+00 0.000000000000000000e+00 -8.362680371868259854e+00 0.000000000000000000e+00 0.000000000000000000e+00 0.000000000000000000e+00 0.000000000000000000e+00 0.000000000000000000e+00 0.000000000000000000e+00 0.000000000000000000e+00 0.000000000000000000e+00 0.000000000000000000e+00 0.000000000000000000e+00 0.000000000000000000e+00
8.389136700195687357e-01 1.222352106970450825e+00 -5.614272703177030088e-01 -5.725084878512046727e-01 0.000000000000000000e+00 9.257438548458942762e-01 -9.429657048485522441e-01 -2.042058426083301015e+00 -1.022645398062482780e+00 0.000000000000000000e+00 -1.063090766894985162e+00 0.000000000000000000e+00 -4.487428225474952015e+00 8.012334594277771060e+00 0.000000000000000000e+00 -5.583021435990478398e-01 -4.383966490846255559e-01 -4.124703166467386661e-01 -5.781291969734621006e+00 0.000000000000000000e+00 0.000000000000000000e+00 0.000000000000000000e+00 0.000000000000000000e+00 0.000000000000000000e+00 0.000000000000000000e+00
-1.147032295958443804e+01 2.239102904992129328e-01 7.589338328047012361e+00 6.051947185173609967e+00 0.000000000000000000e+00 0.000000000000000000e+00 1.380567619032205506e+01 6.120465815457722059e+00 1.029884593642045942e+01 0.000000000000000000e+00 8.861572067632190297e+00 -9.478148107650481435e+00 1.635445401746560279e+01 0.000000000000000000e+00 0.000000000000000000e+00 5.944219789763263151e+00 1.025051169031105935e+01 7.400180117498622145e+00 1.859027393597517630e+01 0.000000000000000000e+00 0.000000000000000000e+00 0.000000000000000000e+00 0.000000000000000000e+00 0.000000000000000000e+00 0.000000000000000000e+00
1.245016478891663425e+01 1.113645836241476239e+01 8.554219891324463809e-01 8.406566905404272427e-01 0.000000000000000000e+00 -6.939703362525116992e-01 7.139672637372417308e-01 2.127190281946505834e+00 1.442432209422821687e+00 0.000000000000000000e+00 3.199503252582887924e+00 8.681670777256210059e+00 7.025684989976535011e-01 0.000000000000000000e+00 0.000000000000000000e+00 1.883510098838855562e+00 2.741821709164639742e+00 5.435687152576412773e-01 1.754680147193040884e+00 0.000000000000000000e+00 0.000000000000000000e+00 0.000000000000000000e+00 0.000000000000000000e+00 0.000000000000000000e+00 0.000000000000000000e+00
-1.586760731948875458e+00 1.906608825038531352e+00 0.000000000000000000e+00 0.000000000000000000e+00 0.000000000000000000e+00 -8.145339163751666334e+00 3.679897377397809421e-01 0.000000000000000000e+00 0.000000000000000000e+00 0.000000000000000000e+00 0.000000000000000000e+00 -2.743408246879043055e+00 -3.210875366806566156e+00 0.000000000000000000e+00 0.000000000000000000e+00 0.000000000000000000e+00 0.000000000000000000e+00 0.000000000000000000e+00 0.000000000000000000e+00 0.000000000000000000e+00 0.000000000000000000e+00 0.000000000000000000e+00 0.000000000000000000e+00 0.000000000000000000e+00 0.000000000000000000e+00
-2.830862784719851422e-01 -2.127127196080356164e-01 -1.129963541967900165e+00 0.000000000000000000e+00 0.000000000000000000e+00 1.610252000635045988e+01 -4.742180064723284794e+00 2.553475552850200447e+00 0.000000000000000000e+00 0.000000000000000000e+00 -1.498778702635211457e-01 -4.975235134334042852e-01 6.247616367918073621e+00 0.000000000000000000e+00 0.000000000000000000e+00 -3.738354321696776505e+00 -1.519169639095377389e-01 -3.059887353651969732e+00 0.000000000000000000e+00 0.000000000000000000e+00 0.000000000000000000e+00 0.000000000000000000e+00 0.000000000000000000e+00 0.000000000000000000e+00 0.000000000000000000e+00
2.068352640953094568e+00 6.421039320203488110e+00 6.069055073160551039e+00 0.000000000000000000e+00 0.000000000000000000e+00 1.434195030282379824e+00 2.128588146148057803e+00 2.434937647024346674e-01 0.000000000000000000e+00 0.000000000000000000e+00 2.558257389330955256e+00 5.775915317675564431e+00 0.000000000000000000e+00 0.000000000000000000e+00 0.000000000000000000e+00 4.815612079660384737e+00 1.850401366817305160e+00 6.635089871065783740e+00 0.000000000000000000e+00 0.000000000000000000e+00 0.000000000000000000e+00 0.000000000000000000e+00 0.000000000000000000e+00 0.000000000000000000e+00 0.000000000000000000e+00
6.084994365823075402e-01 -1.183823480350518320e+00 0.000000000000000000e+00 0.000000000000000000e+00 0.000000000000000000e+00 -1.778206195668775802e+00 1.853934686175980229e+00 0.000000000000000000e+00 0.000000000000000000e+00 0.000000000000000000e+00 -1.088271420731936612e+00 1.566971961449582507e+00 0.000000000000000000e+00 0.000000000000000000e+00 0.000000000000000000e+00 -1.177346412071055726e+00 -7.429464069698439310e-01 0.000000000000000000e+00 0.000000000000000000e+00 0.000000000000000000e+00 0.000000000000000000e+00 0.000000000000000000e+00 0.000000000000000000e+00 0.000000000000000000e+00 0.000000000000000000e+00
9.675602751437258897e-01 0.000000000000000000e+00 0.000000000000000000e+00 0.000000000000000000e+00 0.000000000000000000e+00 6.753109983462794119e+00 0.000000000000000000e+00 -6.609051355770940717e-01 0.000000000000000000e+00 0.000000000000000000e+00 1.526616858924463305e+00 0.000000000000000000e+00 0.000000000000000000e+00 0.000000000000000000e+00 0.000000000000000000e+00 -1.699841954232114816e+00 9.167272536879508271e-01 0.000000000000000000e+00 -9.738290969806698172e+00 0.000000000000000000e+00 0.000000000000000000e+00 0.000000000000000000e+00 0.000000000000000000e+00 0.000000000000000000e+00 0.000000000000000000e+00
-6.764964994814260946e-01 0.000000000000000000e+00 0.000000000000000000e+00 0.000000000000000000e+00 0.000000000000000000e+00 5.185694610908918811e+00 -6.547208368893043584e+00 -1.316264999795606805e+01 0.000000000000000000e+00 0.000000000000000000e+00 0.000000000000000000e+00 0.000000000000000000e+00 0.000000000000000000e+00 -9.160979583958193118e+00 0.000000000000000000e+00 -4.960167914966842617e-01 0.000000000000000000e+00 -4.859801623836970563e+00 6.309527900459450223e+00 0.000000000000000000e+00 0.000000000000000000e+00 0.000000000000000000e+00 0.000000000000000000e+00 0.000000000000000000e+00 0.000000000000000000e+00
-1.183452811816341388e+01 -9.887727897294629642e+00 -9.686553941779177279e+00 -9.985253633704887832e+00 0.000000000000000000e+00 0.000000000000000000e+00 2.146049359048992500e+01 2.497948091548297000e+01 -5.588687810254168831e+00 0.000000000000000000e+00 -1.785844193506922029e+00 -1.036571254826959176e+01 -9.272491689493847389e+00 2.324738393782322632e+01 0.000000000000000000e+00 -1.328230311064930014e+01 -6.792319347916337513e+00 2.087629277058828592e+01 1.006614885339321042e+01 0.000000000000000000e+00 -8.522829466148023059e+00 -1.020868876241204326e+01 -8.692539963701024774e+00 0.000000000000000000e+00 0.000000000000000000e+00
2.411023001558222489e+01 2.409075861520144102e+01 2.364653911373864403e+01 2.332916992723493976e+01 0.000000000000000000e+00 0.000000000000000000e+00 1.133017561049661204e+01 3.636057802741009759e+00 2.446799308693933739e+01 0.000000000000000000e+00 -2.120513728644673535e+01 1.798482097168059113e+01 2.283091800237504998e+01 1.106515131721452150e+01 0.000000000000000000e+00 2.104187211307300487e+01 2.398080871918621426e+01 1.585881592319048572e+01 0.000000000000000000e+00 0.000000000000000000e+00 2.276830113355255136e+01 2.701778699901183600e+01 -1.259070696575052928e+01 -1.306525878954017372e+01 0.000000000000000000e+00
1.014879940636363820e+01 6.764842298327447878e+00 7.193149185642309540e+00 6.339737236187840352e+00 0.000000000000000000e+00 2.865243683998355717e+00 0.000000000000000000e+00 0.000000000000000000e+00 7.269892028593642586e+00 0.000000000000000000e+00 1.384507361662024927e+01 2.187848019246167119e+00 8.087706350409442635e+00 0.000000000000000000e+00 0.000000000000000000e+00 2.011437381036790484e+00 9.237331165469283789e+00 2.343861497496967650e-01 0.000000000000000000e+00 0.000000000000000000e+00 6.459376442145205566e+00 8.062999949475862849e+00 6.171400015399805206e+00 6.777451416642871429e+00 0.000000000000000000e+00
0.000000000000000000e+00 0.000000000000000000e+00 0.000000000000000000e+00 0.000000000000000000e+00 0.000000000000000000e+00 -4.961401699804475207e+00 0.000000000000000000e+00 0.000000000000000000e+00 0.000000000000000000e+00 0.000000000000000000e+00 7.427499151781821185e-01 0.000000000000000000e+00 0.000000000000000000e+00 0.000000000000000000e+00 0.000000000000000000e+00 0.000000000000000000e+00 0.000000000000000000e+00 0.000000000000000000e+00 0.000000000000000000e+00 0.000000000000000000e+00 -2.102266021618333980e+00 0.000000000000000000e+00 0.000000000000000000e+00 1.322600329229896410e+01 0.000000000000000000e+00
0.000000000000000000e+00 0.000000000000000000e+00 0.000000000000000000e+00 0.000000000000000000e+00 0.000000000000000000e+00 0.000000000000000000e+00 0.000000000000000000e+00 0.000000000000000000e+00 0.000000000000000000e+00 0.000000000000000000e+00 0.000000000000000000e+00 0.000000000000000000e+00 0.000000000000000000e+00 0.000000000000000000e+00 0.000000000000000000e+00 0.000000000000000000e+00 0.000000000000000000e+00 0.000000000000000000e+00 0.000000000000000000e+00 0.000000000000000000e+00 0.000000000000000000e+00 0.000000000000000000e+00 0.000000000000000000e+00 0.000000000000000000e+00 0.000000000000000000e+00
0.000000000000000000e+00 0.000000000000000000e+00 0.000000000000000000e+00 0.000000000000000000e+00 0.000000000000000000e+00 -2.295757839170648573e+00 -1.432193083313281656e+00 0.000000000000000000e+00 0.000000000000000000e+00 0.000000000000000000e+00 1.766595340964040250e+00 9.445417707518694028e-02 0.000000000000000000e+00 0.000000000000000000e+00 0.000000000000000000e+00 1.153428131236537757e+00 1.066186342601799231e-01 0.000000000000000000e+00 0.000000000000000000e+00 0.000000000000000000e+00 6.279608445574322850e-01 0.000000000000000000e+00 -2.522991949422693558e+00 0.000000000000000000e+00 0.000000000000000000e+00
0.000000000000000000e+00 0.000000000000000000e+00 0.000000000000000000e+00 0.000000000000000000e+00 0.000000000000000000e+00 6.167071609879811511e+00 8.502108158657343040e+00 2.012784172958446138e+00 0.000000000000000000e+00 0.000000000000000000e+00 -2.948634938332970634e+00 1.973181795437179087e+00 -8.649133860285704856e-01 0.000000000000000000e+00 0.000000000000000000e+00 2.190019005156661258e+00 1.832411620000663710e+00 2.263871860690454874e+00 0.000000000000000000e+00 0.000000000000000000e+00 -4.064746376622846213e+00 1.868167666393142134e+00 5.312089409841915355e+00 0.000000000000000000e+00 0.000000000000000000e+00
0.000000000000000000e+00 0.000000000000000000e+00 0.000000000000000000e+00 0.000000000000000000e+00 0.000000000000000000e+00 1.006132796661727191e+01 0.000000000000000000e+00 0.000000000000000000e+00 0.000000000000000000e+00 0.000000000000000000e+00 5.664495899566784232e+00 0.000000000000000000e+00 3.916625944718156171e-01 0.000000000000000000e+00 0.000000000000000000e+00 -4.113461210071752139e-01 2.939229539678867575e-01 3.009907925292845121e-01 0.000000000000000000e+00 0.000000000000000000e+00 3.671332027615283322e-01 2.831504048570513410e-01 0.000000000000000000e+00 0.000000000000000000e+00 0.000000000000000000e+00
0.000000000000000000e+00 0.000000000000000000e+00 0.000000000000000000e+00 0.000000000000000000e+00 0.000000000000000000e+00 6.980349211125455033e-01 0.000000000000000000e+00 0.000000000000000000e+00 0.000000000000000000e+00 0.000000000000000000e+00 7.944067847075656497e-01 6.718108934425250922e-01 0.000000000000000000e+00 0.000000000000000000e+00 0.000000000000000000e+00 0.000000000000000000e+00 4.581709461908856640e-01 0.000000000000000000e+00 0.000000000000000000e+00 0.000000000000000000e+00 7.715229877234817124e-01 1.606053466822995990e+00 0.000000000000000000e+00 0.000000000000000000e+00 0.000000000000000000e+00
0.000000000000000000e+00 0.000000000000000000e+00 0.000000000000000000e+00 0.000000000000000000e+00 0.000000000000000000e+00 0.000000000000000000e+00 -1.340757789166620384e+01 -5.142788475899260803e+00 -5.890847548861533056e-01 0.000000000000000000e+00 0.000000000000000000e+00 -3.223409589090908689e+00 -8.132882341650384816e-01 -3.984516109826832242e+00 0.000000000000000000e+00 -4.451656798986017627e+00 -7.842960382404678299e+00 -4.024909468209690644e+00 -5.140732594147376933e-01 0.000000000000000000e+00 -5.997216011514576728e-01 -2.642999581120692554e+00 -7.800789409065603586e+00 -7.416418718550955802e+00 0.000000000000000000e+00
0.000000000000000000e+00 0.000000000000000000e+00 0.000000000000000000e+00 0.000000000000000000e+00 0.000000000000000000e+00 0.000000000000000000e+00 8.234997011418725421e+00 1.818087763499685394e+01 1.263452992266610586e+01 0.000000000000000000e+00 -5.817805907369795193e+00 1.667423699301495077e+01 1.149482355101615560e+01 2.023717774069467268e+01 0.000000000000000000e+00 1.447161843291168815e+01 1.155555436748171516e+01 1.812541615797044159e+01 -1.112308059153373208e+01 0.000000000000000000e+00 1.193921680832181309e+01 7.981089891326148766e+00 1.038948567591822858e+01 1.873058346245279893e+01 0.000000000000000000e+00
0.000000000000000000e+00 0.000000000000000000e+00 0.000000000000000000e+00 0.000000000000000000e+00 0.000000000000000000e+00 0.000000000000000000e+00 0.000000000000000000e+00 1.380961266548855093e+00 2.822647810506179855e+00 0.000000000000000000e+00 1.318975524563563972e+01 9.022202936654393213e-01 6.598075085216410507e+00 3.825706885057038154e+00 0.000000000000000000e+00 8.852261231019236121e-01 0.000000000000000000e+00 9.734942281414081799e-01 1.122827578534990067e+01 0.000000000000000000e+00 2.135972019053345328e+00 8.615101685215577065e-01 0.000000000000000000e+00 4.177389400347168547e+00 0.000000000000000000e+00
0.000000000000000000e+00 0.000000000000000000e+00 0.000000000000000000e+00 0.000000000000000000e+00 0.000000000000000000e+00 -9.044824120440756232e+00 0.000000000000000000e+00 0.000000000000000000e+00 0.000000000000000000e+00 0.000000000000000000e+00 6.266061628572811015e-01 0.000000000000000000e+00 0.000000000000000000e+00 0.000000000000000000e+00 0.000000000000000000e+00 -2.564658460120343708e+00 -2.305597929664601864e+00 -1.246656595224476138e+00 0.000000000000000000e+00 0.000000000000000000e+00 -1.512486437357935865e+00 -7.742082348821064386e-01 -2.899662615666744880e+00 0.000000000000000000e+00 0.000000000000000000e+00
0.000000000000000000e+00 0.000000000000000000e+00 0.000000000000000000e+00 0.000000000000000000e+00 0.000000000000000000e+00 9.249207801513010807e+00 0.000000000000000000e+00 0.000000000000000000e+00 0.000000000000000000e+00 0.000000000000000000e+00 0.000000000000000000e+00 -2.063360180611003292e-01 0.000000000000000000e+00 -1.995522990836280375e-01 0.000000000000000000e+00 0.000000000000000000e+00 -1.179731343873254401e+00 0.000000000000000000e+00 0.000000000000000000e+00 0.000000000000000000e+00 -1.956269647122272359e-01 -3.296951857170482558e+00 -3.921173502903021912e+00 0.000000000000000000e+00 0.000000000000000000e+00
0.000000000000000000e+00 0.000000000000000000e+00 0.000000000000000000e+00 0.000000000000000000e+00 0.000000000000000000e+00 0.000000000000000000e+00 0.000000000000000000e+00 0.000000000000000000e+00 0.000000000000000000e+00 0.000000000000000000e+00 -3.890400168330845343e+00 1.756095581175167064e+00 -3.139744063209062741e+00 1.707703901967030369e+00 0.000000000000000000e+00 1.530754197927202798e+00 5.087993640184209632e+00 1.725140157270773855e+00 1.660064757879757158e+00 0.000000000000000000e+00 6.059956847429408100e+00 4.751049602076323097e+00 4.237176692310881343e+00 -4.453920390239341387e+00 0.000000000000000000e+00
0.000000000000000000e+00 0.000000000000000000e+00 0.000000000000000000e+00 0.000000000000000000e+00 0.000000000000000000e+00 0.000000000000000000e+00 0.000000000000000000e+00 0.000000000000000000e+00 0.000000000000000000e+00 0.000000000000000000e+00 1.543487116177855833e+00 0.000000000000000000e+00 1.653784070209567691e-01 0.000000000000000000e+00 0.000000000000000000e+00 0.000000000000000000e+00 -3.912140810386476875e-01 0.000000000000000000e+00 9.214805501831524470e-02 0.000000000000000000e+00 -5.489143438565262656e-01 -5.025885474858916568e-01 -9.901661312267876491e-01 7.661033181750184218e-01 0.000000000000000000e+00
0.000000000000000000e+00 0.000000000000000000e+00 0.000000000000000000e+00 0.000000000000000000e+00 0.000000000000000000e+00 0.000000000000000000e+00 0.000000000000000000e+00 0.000000000000000000e+00 0.000000000000000000e+00 0.000000000000000000e+00 0.000000000000000000e+00 0.000000000000000000e+00 0.000000000000000000e+00 0.000000000000000000e+00 0.000000000000000000e+00 1.750098260703439434e+00 1.200613115555332566e+00 1.719939917343184632e+00 1.660859289719718079e+00 0.000000000000000000e+00 8.166052749586094617e-01 1.009345945493372421e+00 3.005604918065665210e-01 1.541977704419777551e+00 0.000000000000000000e+00
0.000000000000000000e+00 0.000000000000000000e+00 0.000000000000000000e+00 0.000000000000000000e+00 0.000000000000000000e+00 0.000000000000000000e+00 0.000000000000000000e+00 0.000000000000000000e+00 0.000000000000000000e+00 0.000000000000000000e+00 -1.765709471103040329e+00 0.000000000000000000e+00 0.000000000000000000e+00 0.000000000000000000e+00 0.000000000000000000e+00 -2.141169128364367458e-01 0.000000000000000000e+00 0.000000000000000000e+00 0.000000000000000000e+00 0.000000000000000000e+00 4.852979465315834795e-01 5.720769761186265123e-01 -6.812395576727146018e-01 7.855367535494277575e-01 -4.960223821881700190e-01
0.000000000000000000e+00 0.000000000000000000e+00 0.000000000000000000e+00 0.000000000000000000e+00 0.000000000000000000e+00 -5.732300735453037532e+00 0.000000000000000000e+00 0.000000000000000000e+00 -3.185110412725525642e+00 -1.051098974623010740e+01 -1.794530623093638155e+01 -4.931570119394288909e+00 -3.617189897414296307e-01 0.000000000000000000e+00 -9.125266521510605244e+00 -1.184357237610018210e+01 -9.075728239242202733e+00 -1.029046487430637313e+01 -1.030333497248252961e+00 -1.006197559466371061e+01 -8.899685003726972354e+00 -6.122821224257226636e-01 -1.769554048194498108e+01 -8.855006097706297208e-01 -1.430897063100383093e+01
