# yaw
0.000000000000000000e+00 0.000000000000000000e+00 0.000000000000000000e+00 0.000000000000000000e+00 0.000000000000000000e+00 3.000000000000000000e+01 -2.134878977372525810e+01 0.000000000000000000e+00 3.000000000000000000e+01 3.000000000000000000e+01 3.000000000000000000e+01 1.791399975355457741e+01 1.466743863855706742e+01 3.000000000000000000e+01 3.000000000000000000e+01 3.000000000000000000e+01 3.000000000000000000e+01 -2.266080356108838600e+01 3.271099728841223797e+00 3.000000000000000000e+01 3.000000000000000000e+01 4.026534984263534511e+00 -2.030807510758425138e+01 3.000000000000000000e+01 3.000000000000000000e+01
0.000000000000000000e+00 0.000000000000000000e+00 0.000000000000000000e+00 0.000000000000000000e+00 0.000000000000000000e+00 3.000000000000000000e+01 3.000000000000000000e+01 0.000000000000000000e+00 3.000000000000000000e+01 3.000000000000000000e+01 3.000000000000000000e+01 -1.763026304680928913e+00 2.326386913175743310e+00 2.015606646232059873e+01 2.727150357620431365e+01 3.000000000000000000e+01 3.000000000000000000e+01 3.000000000000000000e+01 -2.245489426893751972e+00 2.941137854568292198e+01 2.291535781747465705e+01 -2.105109894094328915e+00 3.000000000000000000e+01 7.424882050911780773e-01 2.641330780380349452e+01
0.000000000000000000e+00 0.000000000000000000e+00 0.000000000000000000e+00 0.000000000000000000e+00 0.000000000000000000e+00 1.880247397715979929e+01 3.000000000000000000e+01 0.000000000000000000e+00 2.373746136368226090e+01 2.009260857488677132e+01 1.802868828023526504e+01 -1.985055968816832461e+01 -1.616054424812922008e+01 5.302101202609168062e+00 1.502338401499196330e+01 3.000000000000000000e+01 2.167870562595369321e+01 3.000000000000000000e+01 -1.769032376210471824e+01 3.000000000000000000e+01 1.474397780566984295e+01 -2.017121303761583917e+01 2.529579791693648971e+01 3.000000000000000000e+01 3.000000000000000000e+01
0.000000000000000000e+00 0.000000000000000000e+00 0.000000000000000000e+00 0.000000000000000000e+00 0.000000000000000000e+00 1.515573290063233713e+01 3.000000000000000000e+01 0.000000000000000000e+00 8.058232044521647097e+00 1.392999748217528833e+01 2.001373242797372143e+01 2.865669872689382558e+01 2.915871250362410549e+01 2.903597557043154920e-01 -5.155348728409521186e+00 1.707736438428204195e+01 1.310433068559946612e+01 1.198784901450931173e+01 1.970526914080329917e+01 3.000000000000000000e+01 9.886532338107693718e+00 3.000000000000000000e+01 2.384945047691930942e+00 2.347453217204551734e+01 3.000000000000000000e+01
0.000000000000000000e+00 0.000000000000000000e+00 0.000000000000000000e+00 0.000000000000000000e+00 0.000000000000000000e+00 1.419126274834964008e+00 1.783575589313106136e+01 0.000000000000000000e+00 3.223884265291186768e+00 2.108639785516317477e+00 1.109309600195893530e+01 1.446499165465156622e+01 1.217897922817077649e+01 -6.373904558624303718e+00 -2.200239150042777325e+01 7.284113597985331090e+00 7.370884473153167527e+00 -7.601369426033738108e+00 -1.381553640240635161e+01 -4.277989040953222855e+00 1.518004818300566106e+00 -3.000000000000000000e+01 -1.997633952843278848e+01 -2.945755430903883010e+01 2.166831849144142197e+01
0.000000000000000000e+00 0.000000000000000000e+00 0.000000000000000000e+00 0.000000000000000000e+00 0.000000000000000000e+00 0.000000000000000000e+00 1.187219674625908539e+01 0.000000000000000000e+00 9.815104065586895965e-01 -1.588808310519083200e+01 0.000000000000000000e+00 1.448532046492151171e+00 -1.131664332596568734e+01 -2.307230535295839857e+01 1.311946922037956265e+00 4.831462456556406160e+00 6.048740600686650204e+00 -1.134779874691900403e+01 1.861491963433154240e+01 -1.980537649042797810e+01 0.000000000000000000e+00 3.000000000000000000e+01 2.956868963088837177e+01 2.810167982037287615e+01 1.013756673604789427e+01
0.000000000000000000e+00 0.000000000000000000e+00 0.000000000000000000e+00 0.000000000000000000e+00 0.000000000000000000e+00 0.000000000000000000e+00 3.870576267988773633e+00 0.000000000000000000e+00 0.000000000000000000e+00 -2.211524536676257924e+01 0.000000000000000000e+00 3.000000000000000000e+01 -3.000000000000000000e+01 2.736889248680220277e+01 2.758306041097408112e+01 0.000000000000000000e+00 1.744683117012464590e+00 1.534593303658057373e+01 -2.063896412893906884e+01 2.581232217511103855e+01 0.000000000000000000e+00 3.000000000000000000e+01 2.854097282466882746e+01 2.528497089811607523e+01 7.532068672912757279e+00
0.000000000000000000e+00 0.000000000000000000e+00 0.000000000000000000e+00 0.000000000000000000e+00 0.000000000000000000e+00 0.000000000000000000e+00 2.544328144891299104e-01 0.000000000000000000e+00 0.000000000000000000e+00 2.797914319382504456e+00 0.000000000000000000e+00 3.391414996561047612e+00 3.000000000000000000e+01 -2.734398513498660144e+00 2.192000014486347936e+01 0.000000000000000000e+00 0.000000000000000000e+00 4.182893485786823184e+00 3.000000000000000000e+01 2.684383824844580957e+01 0.000000000000000000e+00 3.000000000000000000e+01 2.578249088212273676e+01 4.223392335566701128e+00 -5.699353873096438150e+00
0.000000000000000000e+00 0.000000000000000000e+00 0.000000000000000000e+00 0.000000000000000000e+00 0.000000000000000000e+00 0.000000000000000000e+00 -2.141647031164592541e+00 0.000000000000000000e+00 -1.785038824681669301e+00 2.487418935062110847e+01 0.000000000000000000e+00 -2.213557487614659181e+01 3.000000000000000000e+01 2.505896668938741811e+01 2.751508562690669635e+01 0.000000000000000000e+00 0.000000000000000000e+00 -5.870839601760213355e+00 1.538045611424693071e+01 3.585067167712568281e+00 0.000000000000000000e+00 2.268978675923021626e+01 -1.503338506032969590e-01 -1.006189828954771137e+01 -1.783550806419082946e+01
0.000000000000000000e+00 0.000000000000000000e+00 0.000000000000000000e+00 0.000000000000000000e+00 0.000000000000000000e+00 0.000000000000000000e+00 -1.140713856652465630e+01 0.000000000000000000e+00 -1.560361462318370052e+01 1.513519078804177731e+01 0.000000000000000000e+00 2.031335431298324679e+01 2.529028903988790589e+01 6.160046675185428811e+00 2.771742636993713926e+00 0.000000000000000000e+00 0.000000000000000000e+00 2.781721922643557576e+01 1.819174588876837584e+00 5.196270380975906100e+00 0.000000000000000000e+00 1.587633430195914208e+01 2.183391082660201121e+01 -2.552230754716603656e+01 2.894838967771713811e+01
0.000000000000000000e+00 0.000000000000000000e+00 0.000000000000000000e+00 0.000000000000000000e+00 0.000000000000000000e+00 0.000000000000000000e+00 -2.275105727306769765e+01 0.000000000000000000e+00 -2.494517882711872758e+01 1.711088609821630913e+00 0.000000000000000000e+00 -9.522633489423797393e-01 8.199057865508558862e+00 2.209439192827886700e+01 2.024836340979277693e+01 0.000000000000000000e+00 0.000000000000000000e+00 6.438916188321762490e+00 -1.697990892163851484e+01 -2.085467812442873381e+01 0.000000000000000000e+00 2.056319410270849968e+00 -3.233548789022536951e+00 2.590286741807314996e+01 -2.226636426632403243e+01
0.000000000000000000e+00 0.000000000000000000e+00 0.000000000000000000e+00 0.000000000000000000e+00 0.000000000000000000e+00 0.000000000000000000e+00 3.000000000000000000e+01 0.000000000000000000e+00 3.000000000000000000e+01 -1.346703424938937488e+01 0.000000000000000000e+00 -1.688346227094224972e+01 -8.691374555204379959e+00 -1.069207891878054539e+01 2.341674830053008360e+00 0.000000000000000000e+00 0.000000000000000000e+00 -1.638244355153350895e+01 -2.868491645876454754e+01 -4.837506527977462056e-01 0.000000000000000000e+00 0.000000000000000000e+00 2.306860152744743075e+01 8.705320210489581711e+00 -2.365579697174888452e+01
0.000000000000000000e+00 0.000000000000000000e+00 -2.084800376545960621e+00 0.000000000000000000e+00 -4.611547041457209950e+00 0.000000000000000000e+00 2.400907086389032230e+01 -3.177491864386306819e+00 -2.887510561408363330e+01 -2.222223953293051935e+01 0.000000000000000000e+00 3.000000000000000000e+01 -2.134241596623129666e+01 2.369173060781508156e+01 -9.784309493566296645e-01 0.000000000000000000e+00 0.000000000000000000e+00 2.865060950420606289e+01 3.000000000000000000e+01 1.688525414837732797e+01 0.000000000000000000e+00 -5.796885984254227964e+00 -7.428251581759609534e-02 -1.157865452712671583e+01 2.485565553616028822e+01
0.000000000000000000e+00 -4.435415770851647288e-02 -1.753593578064526781e+01 0.000000000000000000e+00 -1.094640470261570897e+01 0.000000000000000000e+00 1.368336855762827042e+01 -3.353588840149110961e+00 -3.000000000000000000e+01 3.000000000000000000e+01 0.000000000000000000e+00 1.840808020081280105e+01 1.687569436758282393e+01 3.138518543687131679e+00 -2.743172869319219132e+01 0.000000000000000000e+00 0.000000000000000000e+00 1.152468975519353478e+01 2.019033795277696086e+01 -3.091828481942431761e+00 0.000000000000000000e+00 -1.189663793314463014e+01 -2.154394862086435580e+01 1.174351169655864613e+00 9.317517373134579728e+00
0.000000000000000000e+00 -9.656437484192878173e+00 -1.134837619061096703e+01 -3.438618111472369065e+00 -1.513122474953278562e+01 0.000000000000000000e+00 3.888290370376534355e+00 -1.317844321787217510e+01 3.000000000000000000e+01 3.000000000000000000e+01 0.000000000000000000e+00 8.353019394602229752e+00 5.921665806443449087e-02 -4.595416808741735748e-01 -7.731517687507818870e+00 0.000000000000000000e+00 0.000000000000000000e+00 -6.320864528156200812e+00 -1.067289867491762756e+01 2.597165550593157946e+01 0.000000000000000000e+00 -1.562760466832466300e+01 2.371459184948741949e+01 -2.024485885320455836e+01 3.391726709837616927e+00
0.000000000000000000e+00 -1.397763178902865988e+01 -2.820173376341459104e+01 -1.557622965515989577e+01 -1.834491273067148853e+01 0.000000000000000000e+00 0.000000000000000000e+00 -1.805919374287928036e+01 3.000000000000000000e+01 3.000000000000000000e+01 0.000000000000000000e+00 -7.703432145161436928e+00 -1.480082613773367051e+01 -1.113361081308525868e+01 -2.960270822306016569e+01 0.000000000000000000e+00 0.000000000000000000e+00 -1.677198131456351149e+01 7.736812687327835114e+00 4.772850698901991429e+00 0.000000000000000000e+00 -2.094978853679249653e+01 -1.846678696339938242e+01 -3.000000000000000000e+01 -1.852529389937720694e+01
0.000000000000000000e+00 -2.377435959672779475e+01 -3.000000000000000000e+01 -2.705919311448509390e+01 -1.948051236028635458e+01 0.000000000000000000e+00 -3.632189994888786799e+00 -2.057636082849112569e+01 -2.900022236477489201e+01 -2.408303029336008549e+01 0.000000000000000000e+00 -1.863150805256076481e+01 3.000000000000000000e+01 -2.697875580581070665e+01 -1.970540108581805328e+01 0.000000000000000000e+00 0.000000000000000000e+00 -2.175152034784473187e+01 -1.040644529361706816e+01 -5.064756103938469423e+00 0.000000000000000000e+00 -2.949823964855220382e+01 -2.850182776020165321e+01 -2.972746958675155682e+01 -1.249291079039125307e+01
0.000000000000000000e+00 -3.000000000000000000e+01 -3.000000000000000000e+01 -3.000000000000000000e+01 -2.207747612411827731e+01 0.000000000000000000e+00 -1.196897630458254902e+01 -3.000000000000000000e+01 -2.781441157542619180e+01 3.000000000000000000e+01 0.000000000000000000e+00 3.000000000000000000e+01 1.668698282567486757e+01 -3.000000000000000000e+01 -3.000000000000000000e+01 0.000000000000000000e+00 0.000000000000000000e+00 -3.000000000000000000e+01 2.543248104185125058e+01 -2.309261634196635526e+01 0.000000000000000000e+00 3.000000000000000000e+01 -3.000000000000000000e+01 -3.000000000000000000e+01 -2.269920526440549935e+01
0.000000000000000000e+00 3.000000000000000000e+01 3.000000000000000000e+01 3.000000000000000000e+01 3.000000000000000000e+01 0.000000000000000000e+00 -1.299196344843845274e+01 3.000000000000000000e+01 2.986749735067171230e+01 2.328196654687810963e+01 0.000000000000000000e+00 1.956477913853773032e+01 4.117603343818610817e+00 3.000000000000000000e+01 3.000000000000000000e+01 0.000000000000000000e+00 0.000000000000000000e+00 3.000000000000000000e+01 9.212243067864568147e+00 3.000000000000000000e+01 0.000000000000000000e+00 3.000000000000000000e+01 3.000000000000000000e+01 3.000000000000000000e+01 3.000000000000000000e+01
0.000000000000000000e+00 2.857214399735279997e+01 -3.000000000000000000e+01 2.997379443610662975e+01 2.707753605672068176e+01 0.000000000000000000e+00 -2.433811268025089802e+01 2.989930572013994237e+01 2.858286910219161925e+00 1.830628258091812199e+01 0.000000000000000000e+00 5.676807635979888467e+00 -1.184481084227777714e+01 3.000000000000000000e+01 3.000000000000000000e+01 0.000000000000000000e+00 0.000000000000000000e+00 2.909152303217245361e+01 2.297612413792587405e-01 3.000000000000000000e+01 0.000000000000000000e+00 -2.986754234524907048e+01 2.994740120222813928e+01 3.000000000000000000e+01 2.603015503752234139e+01
0.000000000000000000e+00 2.463096135493128713e+01 3.000000000000000000e+01 3.000000000000000000e+01 3.000000000000000000e+01 0.000000000000000000e+00 3.000000000000000000e+01 2.095590100157866686e+01 -6.835310738337538439e+00 2.416516825614492703e+01 0.000000000000000000e+00 -1.014121066531084736e+01 2.869505533259532370e+01 3.000000000000000000e+01 3.000000000000000000e+01 0.000000000000000000e+00 0.000000000000000000e+00 1.751769931486889220e+01 -1.842910400915382496e+01 3.000000000000000000e+01 0.000000000000000000e+00 2.213626558803791511e+01 2.546877547352826099e+01 2.546264848228947741e+01 1.907600018409463516e+01
0.000000000000000000e+00 1.801809647874916820e+01 2.442024191236570374e+01 2.958140691686916313e+01 2.096337764064850617e+01 0.000000000000000000e+00 2.951349759016753183e+01 2.957560147111931315e+01 2.714996979496684304e+01 3.412842219713881242e+00 0.000000000000000000e+00 -2.710326657664967698e+01 1.912002089167407348e+01 2.957037084673005012e+01 2.574358970149939552e+01 0.000000000000000000e+00 0.000000000000000000e+00 1.008085314995824788e+01 2.956920333557788894e+01 2.957409905400073313e+01 0.000000000000000000e+00 2.934071210380150418e+01 1.809698502140363985e+01 1.516330458934303316e+01 1.651835646928249091e+01
0.000000000000000000e+00 4.636364468676240413e+00 1.395114163982943012e+01 6.361853935086199563e+00 2.646394641737398246e+01 0.000000000000000000e+00 2.357029945109477964e+01 3.000000000000000000e+01 -1.099392445327464829e+00 -6.819556239440525580e+00 0.000000000000000000e+00 3.000000000000000000e+01 -1.149750269720335005e+01 1.441532921301228498e+01 1.394310277461189251e+01 0.000000000000000000e+00 0.000000000000000000e+00 5.847406712622275071e-01 3.000000000000000000e+01 3.000000000000000000e+01 0.000000000000000000e+00 1.493981082765694346e+01 8.590623791958590161e+00 3.415067032703520411e+00 3.228911138693914218e+00
0.000000000000000000e+00 0.000000000000000000e+00 0.000000000000000000e+00 0.000000000000000000e+00 0.000000000000000000e+00 0.000000000000000000e+00 0.000000000000000000e+00 0.000000000000000000e+00 0.000000000000000000e+00 0.000000000000000000e+00 0.000000000000000000e+00 0.000000000000000000e+00 0.000000000000000000e+00 0.000000000000000000e+00 0.000000000000000000e+00 0.000000000000000000e+00 0.000000000000000000e+00 0.000000000000000000e+00 0.000000000000000000e+00 0.000000000000000000e+00 0.000000000000000000e+00 0.000000000000000000e+00 0.000000000000000000e+00 0.000000000000000000e+00 0.000000000000000000e+00
0.000000000000000000e+00 0.000000000000000000e+00 0.000000000000000000e+00 0.000000000000000000e+00 0.000000000000000000e+00 0.000000000000000000e+00 0.000000000000000000e+00 0.000000000000000000e+00 0.000000000000000000e+00 0.000000000000000000e+00 0.000000000000000000e+00 0.000000000000000000e+00 0.000000000000000000e+00 0.000000000000000000e+00 0.000000000000000000e+00 0.000000000000000000e+00 0.000000000000000000e+00 0.000000000000000000e+00 0.000000000000000000e+00 0.000000000000000000e+00 0.000000000000000000e+00 0.000000000000000000e+00 0.000000000000000000e+00 0.000000000000000000e+00 0.000000000000000000e+00
0.000000000000000000e+00 0.000000000000000000e+00 0.000000000000000000e+00 0.000000000000000000e+00 0.000000000000000000e+00 0.000000000000000000e+00 0.000000000000000000e+00 0.000000000000000000e+00 0.000000000000000000e+00 0.000000000000000000e+00 0.000000000000000000e+00 0.000000000000000000e+00 0.000000000000000000e+00 0.000000000000000000e+00 0.000000000000000000e+00 0.000000000000000000e+00 0.000000000000000000e+00 0.000000000000000000e+00 0.000000000000000000e+00 0.000000000000000000e+00 0.000000000000000000e+00 0.000000000000000000e+00 0.000000000000000000e+00 0.000000000000000000e+00 0.000000000000000000e+00
0.000000000000000000e+00 -2.388986594665397689e+01 -2.110900696603417259e+01 -2.136270557901073008e+00 -1.873460684026625600e+01 0.000000000000000000e+00 -2.766105567920749309e+01 5.028673839540014789e+00 -2.727681496087618029e+01 -7.384233851999753462e+00 0.000000000000000000e+00 -2.963092769142966887e+01 -2.632764584710574240e+01 8.769743865237307645e+00 -3.492727836469453617e+00 0.000000000000000000e+00 0.000000000000000000e+00 0.000000000000000000e+00 -2.450745304797844781e+01 2.933964369364569436e+01 0.000000000000000000e+00 0.000000000000000000e+00 0.000000000000000000e+00 0.000000000000000000e+00 0.000000000000000000e+00
0.000000000000000000e+00 2.844862714222120914e+01 -2.974091627131451787e+01 1.331718534526641129e+01 -3.000000000000000000e+01 0.000000000000000000e+00 3.000000000000000000e+01 -1.979512113739522405e+01 3.000000000000000000e+01 -7.018684126634976650e+00 0.000000000000000000e+00 3.000000000000000000e+01 2.951802497998610164e+01 -1.038615151604076381e+01 -9.626888886520452715e+00 0.000000000000000000e+00 0.000000000000000000e+00 0.000000000000000000e+00 3.000000000000000000e+01 2.296418088614247210e+01 0.000000000000000000e+00 0.000000000000000000e+00 0.000000000000000000e+00 0.000000000000000000e+00 0.000000000000000000e+00
0.000000000000000000e+00 1.954360274362833749e+01 3.000000000000000000e+01 -1.525818857082067659e+01 3.000000000000000000e+01 0.000000000000000000e+00 3.000000000000000000e+01 -1.061206951834828383e+00 2.502982405501559526e+01 -1.944376948048195075e+01 0.000000000000000000e+00 1.123349033165204069e+01 3.000000000000000000e+01 2.900708182469448815e+01 -3.000000000000000000e+01 0.000000000000000000e+00 0.000000000000000000e+00 0.000000000000000000e+00 2.508925886700717456e+01 1.483857192475462838e+01 0.000000000000000000e+00 0.000000000000000000e+00 0.000000000000000000e+00 0.000000000000000000e+00 0.000000000000000000e+00
0.000000000000000000e+00 4.310884121075605258e+00 3.000000000000000000e+01 -2.888293337669782090e+01 2.459214801468206701e+01 0.000000000000000000e+00 -1.050798586047170247e+01 1.795406386887965766e+01 4.775993655054925902e-01 2.998389611063950966e+01 0.000000000000000000e+00 -1.299981225824412157e+01 1.857161579951467445e+01 8.004582279662139754e+00 2.672044316138162046e+01 0.000000000000000000e+00 0.000000000000000000e+00 0.000000000000000000e+00 2.063541320159049164e+01 3.127327689138954092e+00 0.000000000000000000e+00 0.000000000000000000e+00 0.000000000000000000e+00 0.000000000000000000e+00 0.000000000000000000e+00
0.000000000000000000e+00 3.000000000000000000e+01 2.547255652800467729e+01 2.193760002362508388e+01 2.139435961691459909e+01 0.000000000000000000e+00 2.814689715889580057e+01 6.415412860726426025e+00 -1.435253180119670979e+01 3.000000000000000000e+01 -2.056607723426393530e-01 2.867646225096455836e+01 7.603026059742512999e+00 -1.939713945171581599e+01 8.809225805449763413e+00 -1.225258719799090512e+00 0.000000000000000000e+00 0.000000000000000000e+00 5.255362839297799127e+00 -1.975163780359814547e+00 0.000000000000000000e+00 0.000000000000000000e+00 0.000000000000000000e+00 0.000000000000000000e+00 0.000000000000000000e+00
-1.944789023430739894e+00 3.000000000000000000e+01 6.057575043318805363e+00 7.061069068444949970e+00 -3.555156681269636909e+00 -2.868916558409723372e+00 2.018372130415742660e+01 -5.717113869526360581e+00 7.048360409295621132e+00 2.323163815521022713e+01 -3.488243783777545737e+00 1.786595620109131843e+01 0.000000000000000000e+00 2.667680001708214377e+01 2.529243741427225700e+01 -4.386181161541887974e+00 0.000000000000000000e+00 0.000000000000000000e+00 -1.031690980915669770e-01 -8.490668358365530466e+00 0.000000000000000000e+00 0.000000000000000000e+00 0.000000000000000000e+00 0.000000000000000000e+00 0.000000000000000000e+00
-1.061426700594595474e+01 -1.679108057302217816e+01 6.506176035071893793e+00 -1.627323601004096343e+00 -2.292445761458705533e+01 -9.330539701911622075e+00 1.427506448364483127e+01 2.769799405677115089e+01 -9.888775955535249906e+00 1.306814933086725139e-01 -5.536147358006170194e+00 7.980093493075701261e+00 -7.789187635025509593e+00 -1.291488867970057797e+01 8.317331033268541063e+00 -1.659148430701127452e+01 -2.724587762619790965e+00 0.000000000000000000e+00 -4.279338801675089954e+00 -1.382527733400205072e+01 0.000000000000000000e+00 0.000000000000000000e+00 0.000000000000000000e+00 0.000000000000000000e+00 0.000000000000000000e+00
-1.442067076097586664e+01 -2.259553345726873630e+01 -1.295995155671138832e+01 -2.097977418154260221e+01 2.051461566777770074e+01 -1.891444795546913582e+01 1.330574380384951816e+01 1.688634375241531060e+01 4.894225180061404501e+00 -2.391472708756429100e+01 -1.790190381115776930e+01 0.000000000000000000e+00 -2.182063878716763483e+01 -2.935622506166547652e+01 -7.939490757446133529e+00 -1.700592719153044285e+01 -1.454534636153561955e+01 0.000000000000000000e+00 -1.004676835046915429e+01 -1.838903674802137900e+01 0.000000000000000000e+00 0.000000000000000000e+00 0.000000000000000000e+00 0.000000000000000000e+00 0.000000000000000000e+00
-1.776651244685432829e+01 -1.527110018356894194e+01 2.687610544435861115e+00 -1.103531453764072978e+01 -1.130016642569264640e+01 -2.695859468053195940e+01 -8.977090604912060456e+00 -1.692011619070211026e+01 -2.709609133842364059e+01 -2.469313232662975111e+01 -2.507474959965119865e+01 0.000000000000000000e+00 1.690225384692637078e+01 3.000000000000000000e+01 -1.796067109839320963e+01 -2.925544545873799507e+01 -2.481781703153749064e+01 0.000000000000000000e+00 -1.296111240920212815e+01 -2.573723900953960708e+01 0.000000000000000000e+00 0.000000000000000000e+00 0.000000000000000000e+00 0.000000000000000000e+00 0.000000000000000000e+00
-2.352570489685636090e+01 -2.559614885654420746e+01 -1.752747015833783450e+01 -3.000000000000000000e+01 -2.178276456382807069e+01 -3.000000000000000000e+01 2.231858262165054185e+01 2.994271937781391557e+01 3.000000000000000000e+01 -3.000000000000000000e+01 -3.000000000000000000e+01 -9.291729729437943064e+00 5.282430980287036171e+00 2.080226531481763175e+01 -2.784130854065658411e+01 -3.000000000000000000e+01 -3.000000000000000000e+01 0.000000000000000000e+00 -1.953924938081642537e+01 -3.000000000000000000e+01 0.000000000000000000e+00 0.000000000000000000e+00 0.000000000000000000e+00 0.000000000000000000e+00 0.000000000000000000e+00
3.000000000000000000e+01 3.000000000000000000e+01 2.398001892131892276e+01 3.000000000000000000e+01 3.000000000000000000e+01 3.000000000000000000e+01 5.389949711180546110e+00 2.457787511293988558e+01 3.000000000000000000e+01 3.000000000000000000e+01 3.000000000000000000e+01 -1.634708559180067766e+01 -1.083716614460869643e+01 5.810208899634388580e+00 3.000000000000000000e+01 3.000000000000000000e+01 3.000000000000000000e+01 0.000000000000000000e+00 -2.280371811997755671e+01 3.000000000000000000e+01 0.000000000000000000e+00 0.000000000000000000e+00 0.000000000000000000e+00 0.000000000000000000e+00 0.000000000000000000e+00
2.623712105839871711e+01 -1.589191578916001468e+01 9.505051062468180545e-01 2.581781009273430527e+01 2.073939403438197004e+01 3.000000000000000000e+01 -7.205279945827021137e+00 4.141584259985992666e+00 2.809242675830602209e+01 2.812267751595122789e+01 3.000000000000000000e+01 3.000000000000000000e+01 2.802930068861217805e+01 0.000000000000000000e+00 2.178947924355106025e+01 3.000000000000000000e+01 3.000000000000000000e+01 0.000000000000000000e+00 2.736459863292945549e+00 2.871700119005161511e+01 0.000000000000000000e+00 0.000000000000000000e+00 0.000000000000000000e+00 0.000000000000000000e+00 0.000000000000000000e+00
1.939921031851819677e+01 3.000000000000000000e+01 -2.262397463409442011e+01 3.000000000000000000e+01 1.697053540115904369e+01 3.000000000000000000e+01 -2.215979111404028146e+01 -1.431880592411520325e+01 3.000000000000000000e+01 1.440876993112265403e+01 3.000000000000000000e+01 2.017233676465469472e+01 1.511917558410656603e+01 -1.809909058493468947e+00 6.841916044727967439e+00 2.314628648973172176e+01 2.129254420182359198e+01 0.000000000000000000e+00 2.966020247545148081e+01 2.089347733157277176e+01 0.000000000000000000e+00 0.000000000000000000e+00 0.000000000000000000e+00 0.000000000000000000e+00 0.000000000000000000e+00
1.243013307584782368e+01 2.514867729668738505e+01 2.520841636792217244e+01 3.000000000000000000e+01 1.100442865782789781e+01 1.469125602146745813e+01 3.000000000000000000e+01 1.366013146677782153e+01 2.543356571354229345e+01 1.298001134505218257e+00 2.641900649643388022e+01 1.421900023016848635e+01 2.917117630277757279e+00 -1.606937406318583328e+01 2.919332136345059170e-01 2.759987775447371661e+01 1.157611267839202895e+01 0.000000000000000000e+00 2.460357358197354927e+01 1.071977407592508413e+01 0.000000000000000000e+00 0.000000000000000000e+00 0.000000000000000000e+00 0.000000000000000000e+00 0.000000000000000000e+00
-6.064276728138967565e-01 2.050167355656530432e+01 2.565714202514260478e+01 1.543027185309898641e+01 3.486758426625146123e-01 8.242914645279572738e+00 2.757345677182886945e+01 -7.811825969795584079e+00 7.509235899340205300e-01 0.000000000000000000e+00 1.178942958170633126e+01 -4.478882650186416292e+00 -6.556237385785776084e+00 -2.671463566075577134e+01 0.000000000000000000e+00 3.000000000000000000e+01 -1.077589205426580543e+00 0.000000000000000000e+00 1.705895152760335876e+01 2.571452819654315824e+00 0.000000000000000000e+00 0.000000000000000000e+00 0.000000000000000000e+00 0.000000000000000000e+00 0.000000000000000000e+00
-2.124678910751073069e+00 2.301276012354760869e+00 1.321594255791117334e+01 -7.748582562301352006e+00 0.000000000000000000e+00 -7.061084881550822701e+00 6.123101384023107663e+00 -2.143268692855350110e+01 -2.092913363859010900e+01 0.000000000000000000e+00 4.411240935081425008e+00 -1.968735292683862426e+01 -2.499762465869284611e+01 -3.000000000000000000e+01 0.000000000000000000e+00 1.762638705229707980e+01 -1.178468912826954451e+01 0.000000000000000000e+00 7.615242259388688595e+00 2.653338990624652949e-01 0.000000000000000000e+00 0.000000000000000000e+00 0.000000000000000000e+00 0.000000000000000000e+00 0.000000000000000000e+00
2.259741724912766259e+01 2.701826925508937549e+01 5.037144414178716723e+00 -2.035749107191989182e+01 0.000000000000000000e+00 1.244962103737315751e+01 -1.102807164057245082e+01 1.954818420291553238e+01 2.419599121216677773e+01 0.000000000000000000e+00 -5.414204775810455672e+00 2.970626768326879130e+01 3.000000000000000000e+01 2.891950069423932490e+01 0.000000000000000000e+00 4.108256264279557257e+00 -2.134379055905333544e+01 0.000000000000000000e+00 7.289571549229902026e+00 0.000000000000000000e+00 0.000000000000000000e+00 0.000000000000000000e+00 0.000000000000000000e+00 0.000000000000000000e+00 0.000000000000000000e+00
7.464601399157460904e+00 1.095610566247324513e+01 -1.391388556135652088e+01 2.954961582833959000e+01 0.000000000000000000e+00 -1.385282278362111263e+01 -1.981189693004605346e+01 3.286363915846061690e-01 1.392393561116484335e+01 0.000000000000000000e+00 2.187879107600958406e+01 1.266546410291776148e+01 2.524063861742379089e+01 1.267796367130222279e+01 0.000000000000000000e+00 -7.477746017369234915e-03 2.697503151265760479e+01 0.000000000000000000e+00 4.866447787999884089e-01 0.000000000000000000e+00 0.000000000000000000e+00 0.000000000000000000e+00 0.000000000000000000e+00 0.000000000000000000e+00 0.000000000000000000e+00
-1.144309356213601880e+01 -4.796774255211905036e+00 2.125646115276556003e+01 2.184109046829683365e+01 0.000000000000000000e+00 -1.904340197445132077e+01 2.678303651345509451e+01 -1.991272433076763804e+01 1.429432956335840332e+00 0.000000000000000000e+00 3.268216109426226978e+00 -8.120410893013140452e+00 2.799907315501537752e+01 4.067789322674912000e+00 0.000000000000000000e+00 -1.021538992365349152e+01 1.992648876079813292e+01 0.000000000000000000e+00 -1.997605115025796074e+00 0.000000000000000000e+00 0.000000000000000000e+00 0.000000000000000000e+00 0.000000000000000000e+00 0.000000000000000000e+00 0.000000000000000000e+00
-2.653222766457937709e+01 3.040851928128840420e+00 6.265394926081243376e+00 1.644403031797874704e+01 0.000000000000000000e+00 2.052277645495279401e+01 1.490222419221127304e+01 -1.373749105577809182e+01 -2.220389631774107031e-02 0.000000000000000000e+00 2.024126827322674060e+01 -2.285964634080987778e+01 1.437045549565350733e+01 0.000000000000000000e+00 0.000000000000000000e+00 2.528946598711172200e+01 1.452225175168609006e+01 0.000000000000000000e+00 -1.264859276488305539e+01 0.000000000000000000e+00 0.000000000000000000e+00 0.000000000000000000e+00 0.000000000000000000e+00 0.000000000000000000e+00 0.000000000000000000e+00
3.000000000000000000e+01 2.061770675064739322e+01 2.065388949533425844e+01 5.933771603258060523e+00 0.000000000000000000e+00 1.106090139451333698e+01 1.791748919249130267e+01 -2.229478389698353524e+01 -7.900834771688186819e+00 0.000000000000000000e+00 -9.389885359992378611e+00 1.401092512103343601e+01 -1.014045700318401977e+01 0.000000000000000000e+00 0.000000000000000000e+00 1.092409174859824361e+01 3.369229888925346916e+00 0.000000000000000000e+00 -2.390613582835943518e+01 0.000000000000000000e+00 0.000000000000000000e+00 0.000000000000000000e+00 0.000000000000000000e+00 0.000000000000000000e+00 0.000000000000000000e+00
-2.273000517865723324e+01 4.149864454280242754e+00 -9.866636199486911174e-03 0.000000000000000000e+00 0.000000000000000000e+00 -7.370380502679144463e+00 -1.728880159690310947e+01 -2.336324516504824089e+01 -1.794854879996062991e+01 0.000000000000000000e+00 -2.349375368034890954e+01 -1.765635660849959621e+01 2.586849040014866219e+01 0.000000000000000000e+00 0.000000000000000000e+00 2.313079117501539983e+01 -1.664643291826783056e+01 0.000000000000000000e+00 3.000000000000000000e+01 0.000000000000000000e+00 0.000000000000000000e+00 0.000000000000000000e+00 0.000000000000000000e+00 0.000000000000000000e+00 0.000000000000000000e+00
2.599888393595926317e+01 -6.741874704900678861e-01 -1.771981271681605463e+01 -4.759771025588969806e+00 0.000000000000000000e+00 -2.604015569920766282e+01 2.911425516888004594e+01 2.465730144671885427e+01 -9.312299113512958471e+00 0.000000000000000000e+00 3.000000000000000000e+01 3.000000000000000000e+01 1.122054636113374215e+01 -9.675897949695823064e-01 0.000000000000000000e+00 2.052127607189816771e+01 -1.975412323387536873e+01 -6.420981394242928353e+00 2.784715219708245826e+01 0.000000000000000000e+00 -5.677575670849191347e+00 0.000000000000000000e+00 3.988645780051558454e-01 0.000000000000000000e+00 0.000000000000000000e+00
1.369684982393209793e+01 -1.046629780146769839e+01 -2.969313490443369119e+01 -1.090073459682188606e+01 0.000000000000000000e+00 1.848006720123271762e+01 1.909457552977117700e+01 1.168188024850626761e+01 -2.236338476780158047e+01 0.000000000000000000e+00 2.375347779404167881e+01 2.097598095082182112e+01 2.827892440638303181e-02 -5.585440362058927022e+00 0.000000000000000000e+00 1.127391645665198894e+01 2.956851282971244999e+01 -5.068029317015191992e+00 1.201937994067900917e+01 0.000000000000000000e+00 -1.137708582113751099e+01 0.000000000000000000e+00 -5.914509936452828853e+00 -4.635289189595911963e-02 0.000000000000000000e+00
-3.997394311916729892e-01 -2.127159714443561001e+01 -2.951309577998419797e+01 -1.549938260559134662e+01 0.000000000000000000e+00 2.392553407955147371e+00 3.369470207865841616e+00 -1.819248287382132734e+00 -2.654864468213623141e+01 0.000000000000000000e+00 8.648652625309424025e+00 -1.387699120338856140e+01 -3.358929903674392342e-02 -1.936429574330398751e+01 0.000000000000000000e+00 1.737057095218703751e+01 2.227399067095173280e+01 -1.316186646798997373e+01 4.809928325133294713e+00 0.000000000000000000e+00 -1.522728329178701046e+01 -7.267992494816608584e+00 -1.096173289540731766e+01 -9.799091185003295124e+00 0.000000000000000000e+00
-2.148242522314260228e+01 7.120145519773423359e+00 -2.944639882492054639e+01 -2.002811729458251477e+01 0.000000000000000000e+00 8.456297365952217149e+00 0.000000000000000000e+00 -1.392069012310101250e+01 -2.934343586796572723e+01 0.000000000000000000e+00 -1.301617417908084207e+01 1.597330924365764560e+01 -1.185696807119376928e+01 -1.835188992374249395e+01 0.000000000000000000e+00 -1.090734293195099802e+01 1.530736875598774205e+01 -1.792545545673564789e+01 -2.275998925679362017e+00 0.000000000000000000e+00 -1.667979262694122156e+01 -1.722607354117986489e+01 -2.053392572455449638e+01 -1.313957482960669410e+01 0.000000000000000000e+00
-9.045868920193102625e+00 -3.000000000000000000e+01 -3.000000000000000000e+01 -2.802349673121200269e+01 0.000000000000000000e+00 -1.747706574681203939e+00 -7.070102520372773647e+00 -2.081788771214550593e+01 3.000000000000000000e+01 0.000000000000000000e+00 -2.212688717419652207e+01 4.879232667577333427e-01 -2.237838108844281138e+01 -2.992266754923566907e+01 0.000000000000000000e+00 -2.413280980802262832e+01 -8.551072828555463801e+00 -2.246579359399527220e+01 -1.040513692295317760e+01 0.000000000000000000e+00 -1.715201468092110204e+01 -2.708971279741066951e+01 -2.965565274032119447e+01 -2.491604091698583545e+01 0.000000000000000000e+00
-2.327923623825762789e+01 -3.000000000000000000e+01 -3.000000000000000000e+01 -3.000000000000000000e+01 0.000000000000000000e+00 -1.137812089109598013e+01 2.935342213799102140e+01 -3.000000000000000000e+01 3.000000000000000000e+01 0.000000000000000000e+00 2.059302133485617148e+01 0.000000000000000000e+00 -2.408833734818851724e+01 3.000000000000000000e+01 0.000000000000000000e+00 2.970431760591775827e+01 2.488486694672370447e+01 -3.000000000000000000e+01 -2.016631011612192381e+01 0.000000000000000000e+00 -2.392791097392514033e+01 -3.000000000000000000e+01 -3.000000000000000000e+01 -3.000000000000000000e+01 0.000000000000000000e+00
3.000000000000000000e+01 3.000000000000000000e+01 3.000000000000000000e+01 3.000000000000000000e+01 0.000000000000000000e+00 -3.000000000000000000e+01 1.165212818245025517e+01 3.000000000000000000e+01 2.256060043879058341e+01 0.000000000000000000e+00 1.395572235672389860e+00 0.000000000000000000e+00 2.803517455102705824e+01 3.000000000000000000e+01 0.000000000000000000e+00 2.144797515915645292e+01 6.722754420999449643e+00 3.000000000000000000e+01 -2.272366365860286663e+01 0.000000000000000000e+00 3.000000000000000000e+01 3.000000000000000000e+01 3.000000000000000000e+01 3.000000000000000000e+01 0.000000000000000000e+00
2.310112591933194537e+01 3.000000000000000000e+01 3.000000000000000000e+01 3.000000000000000000e+01 0.000000000000000000e+00 -8.015090034296866506e+00 -2.111746747448698669e-01 2.845536508955409616e+01 1.860218071245947868e+01 0.000000000000000000e+00 -8.599275855091812470e-01 -6.299444077159961353e+00 1.794262617854396069e+01 3.000000000000000000e+01 0.000000000000000000e+00 3.000000000000000000e+01 -1.110287749636003352e-01 3.000000000000000000e+01 3.000000000000000000e+01 0.000000000000000000e+00 2.495491914704093972e+01 2.982384023318485333e+01 3.000000000000000000e+01 3.000000000000000000e+01 0.000000000000000000e+00
1.702761538483211723e+01 2.277871003574152908e+01 2.647333102778474156e+01 2.091049306812773878e+01 0.000000000000000000e+00 -2.374670344907313435e+01 -2.269464327716116614e+01 1.856411791917907195e+01 6.229543648476495221e+00 0.000000000000000000e+00 -1.834564216470845111e+01 -2.722066004285877838e+01 6.657174654063187980e+00 1.764281424529031383e+01 0.000000000000000000e+00 2.660473970252694187e+01 -8.954979988641426303e+00 2.051000981383625543e+01 2.378057911138031955e+01 0.000000000000000000e+00 2.971492461825788922e+01 2.971975678056358205e+01 2.490066622131851659e+01 2.257514623935725595e+01 0.000000000000000000e+00
1.274735775062609022e+01 1.824820483136507221e+01 1.378012615161178189e+01 2.179322889180323131e+01 0.000000000000000000e+00 3.000000000000000000e+01 3.000000000000000000e+01 1.745218360491113785e+00 4.820196901633632791e+00 0.000000000000000000e+00 1.755923582551277562e+01 3.000000000000000000e+01 0.000000000000000000e+00 1.600593579904867170e+01 0.000000000000000000e+00 1.077213104336600580e+01 -2.559621284977711042e+01 3.000000000000000000e+01 1.210717589820320228e+01 0.000000000000000000e+00 1.811329759928345595e+01 2.677614808348275943e+01 1.347257791997445509e+01 1.591802990166395659e+01 0.000000000000000000e+00
3.290641016615787784e+00 7.381837063465519932e+00 4.163039039977567413e+00 8.392239485400008192e+00 0.000000000000000000e+00 3.000000000000000000e+01 1.726431645214029942e+01 0.000000000000000000e+00 0.000000000000000000e+00 0.000000000000000000e+00 -4.853622500315356803e+00 1.723376697904943455e+01 -1.920380375573511156e+00 1.281120646084868930e+01 0.000000000000000000e+00 -7.758312789542859633e+00 3.000000000000000000e+01 2.907823276508257493e+01 3.702647484071726058e+00 0.000000000000000000e+00 1.245593638633744149e+01 5.094256563857069153e+00 2.831389306054628818e+01 4.212127564496964460e+00 0.000000000000000000e+00
0.000000000000000000e+00 9.904026768716355233e-01 2.006164073407641357e+00 3.778030422083068274e+00 0.000000000000000000e+00 3.000000000000000000e+01 -2.235125709823482865e+01 0.000000000000000000e+00 0.000000000000000000e+00 0.000000000000000000e+00 1.840598344029958611e+01 -1.069412245616238444e+01 -2.269862688084953461e+01 1.661352001200413486e+00 0.000000000000000000e+00 1.363037862658928390e+01 2.955007272076466407e+01 2.585101320188512375e+01 0.000000000000000000e+00 0.000000000000000000e+00 1.008850418759337764e+01 -4.650172939506569403e-01 2.230679830171097322e+01 -3.489281789590244376e+00 0.000000000000000000e+00
0.000000000000000000e+00 0.000000000000000000e+00 0.000000000000000000e+00 0.000000000000000000e+00 0.000000000000000000e+00 -2.260977722694380354e+00 2.526248880509722738e+01 0.000000000000000000e+00 -3.502913358821077572e-02 0.000000000000000000e+00 3.370888029468488867e+00 -2.457461534413342008e+01 2.425017239200462171e+01 0.000000000000000000e+00 0.000000000000000000e+00 4.499195509913088920e+00 1.230308085023187559e+01 1.470566915126921081e+01 0.000000000000000000e+00 0.000000000000000000e+00 7.699307646250023396e+00 5.583073723223450635e+00 2.714853180594233528e+00 -1.363903794449108808e+01 0.000000000000000000e+00
0.000000000000000000e+00 0.000000000000000000e+00 0.000000000000000000e+00 0.000000000000000000e+00 0.000000000000000000e+00 -1.733912141854827382e+01 4.951743019412328195e+00 0.000000000000000000e+00 -8.658997663950584567e+00 0.000000000000000000e+00 -2.175035571929457134e+01 3.000000000000000000e+01 2.872516003501796700e+00 0.000000000000000000e+00 0.000000000000000000e+00 9.894867822919941602e+00 4.710387175999018794e+00 -5.963854308692107864e+00 0.000000000000000000e+00 0.000000000000000000e+00 -5.605648230349904004e+00 8.888697316089142930e+00 -1.592151609647043387e+01 -2.292010106631714450e+01 0.000000000000000000e+00
0.000000000000000000e+00 0.000000000000000000e+00 0.000000000000000000e+00 0.000000000000000000e+00 0.000000000000000000e+00 -2.304710398260396431e+01 -3.000000000000000000e+01 0.000000000000000000e+00 -2.203001180079109744e+01 0.000000000000000000e+00 -2.324239658223233462e+01 3.000000000000000000e+01 -2.287465359556353661e+01 4.065705364229686702e-02 0.000000000000000000e+00 1.619557597547141237e+00 -7.805138044234923633e+00 2.220364959518035874e+01 -1.635498101637372637e-02 0.000000000000000000e+00 -1.515922210373576995e+01 1.319320603011612647e+01 -2.259634986225528763e+01 2.632881001047131875e+01 0.000000000000000000e+00
0.000000000000000000e+00 0.000000000000000000e+00 0.000000000000000000e+00 0.000000000000000000e+00 0.000000000000000000e+00 2.646523201964348004e+01 -3.000000000000000000e+01 0.000000000000000000e+00 -2.206518149042242882e+01 0.000000000000000000e+00 3.000000000000000000e+01 3.000000000000000000e+01 3.000000000000000000e+01 -8.043223872811470443e+00 0.000000000000000000e+00 -1.612420106357980387e+01 9.388663907008179876e+00 -7.840725047258729319e+00 -1.970553434468051535e+01 0.000000000000000000e+00 2.572990181153269162e+01 6.217679370452017906e+00 -2.183266948305282895e+01 2.151748565626527565e+01 0.000000000000000000e+00
0.000000000000000000e+00 0.000000000000000000e+00 0.000000000000000000e+00 0.000000000000000000e+00 0.000000000000000000e+00 1.675718567262808989e+01 3.000000000000000000e+01 0.000000000000000000e+00 3.000000000000000000e+01 0.000000000000000000e+00 1.719325850019765056e+01 2.445393133925880491e+01 1.046282667979898306e+01 -2.353591140505205814e+01 0.000000000000000000e+00 5.769336733342525392e+00 -7.330205303393308114e+00 -1.479498577269446713e+01 -2.345638844609922913e+01 0.000000000000000000e+00 1.588582032102055841e+01 -1.793081857470158269e+01 2.782851033717687628e+01 1.427506126406762377e+01 0.000000000000000000e+00
0.000000000000000000e+00 0.000000000000000000e+00 0.000000000000000000e+00 0.000000000000000000e+00 0.000000000000000000e+00 2.861393891782742394e+00 2.286360487497983485e+01 0.000000000000000000e+00 2.540475912042691675e+01 0.000000000000000000e+00 -6.663615140769591605e+00 1.637783094429120467e+01 -1.574542549886097476e+01 -2.505137472805451893e+01 0.000000000000000000e+00 -2.002268170260846958e+01 1.306878584817364697e+01 8.297197839122656404e+00 2.892155740773155870e+01 0.000000000000000000e+00 3.361094908110065504e-02 -2.966903285064920937e+01 1.305885659884120820e+01 4.329216936460547061e+00 0.000000000000000000e+00
0.000000000000000000e+00 0.000000000000000000e+00 0.000000000000000000e+00 0.000000000000000000e+00 0.000000000000000000e+00 0.000000000000000000e+00 1.543937210179350572e+01 0.000000000000000000e+00 1.516068701184637568e+01 0.000000000000000000e+00 2.976629576929568799e+01 8.060775332383148140e+00 2.209066684753608456e+01 2.828118369523574671e+01 0.000000000000000000e+00 2.580989333404016861e+01 -1.301869583602312552e+01 -1.874211428797241652e+01 9.334134080225647168e+00 0.000000000000000000e+00 5.835264609623874499e+00 2.833097165628722180e+01 3.000000000000000000e+01 -1.223814419952556953e+01 -1.990793981860981221e+00
0.000000000000000000e+00 0.000000000000000000e+00 0.000000000000000000e+00 0.000000000000000000e+00 0.000000000000000000e+00 -1.796682703552838323e+00 4.219611865388512406e+00 0.000000000000000000e+00 3.894938001250697557e+00 0.000000000000000000e+00 8.790040762869029578e+00 -1.175606488527788818e+00 3.361374988171148992e+00 1.216106347323597170e+01 0.000000000000000000e+00 -1.260671929877442921e+01 -2.140184210818867427e+01 1.104247549148535690e+01 -1.433403928752466072e+01 0.000000000000000000e+00 -1.165663815324276875e+00 2.423109570292671222e+01 2.425050307073923506e+01 -3.722763451103291210e+00 -9.904753945961578765e+00
0.000000000000000000e+00 0.000000000000000000e+00 0.000000000000000000e+00 0.000000000000000000e+00 0.000000000000000000e+00 -1.236977051266397787e+01 -3.927108914203705226e+00 0.000000000000000000e+00 -6.806513798091894607e+00 -3.526072224270791367e+00 -1.150858147494263228e+01 -1.597960167069787119e+01 0.000000000000000000e+00 3.000000000000000000e+01 -6.075969720216652797e-02 -2.873895958594978950e+01 -2.795801501113671605e+01 -6.541060445262395717e+00 -2.878058733746470566e+01 0.000000000000000000e+00 -2.940306779618452993e+00 1.086762004373886370e+01 -2.115266226831571394e+00 1.314128105322390105e+01 -1.396942213202033756e+01
0.000000000000000000e+00 0.000000000000000000e+00 0.000000000000000000e+00 0.000000000000000000e+00 0.000000000000000000e+00 -2.060680651670072550e+01 -1.133719147021819751e+01 0.000000000000000000e+00 -1.343028456209887800e+01 -1.575792738979486884e+01 -2.038894880741888826e+01 1.983477971652624916e+01 2.770445715044989599e-01 1.939664791243999176e+01 -4.001257000218023663e+00 -2.093844183062314102e+01 -2.601785191867208269e+01 -2.080036389685174569e+01 2.972200957704265889e+01 -7.317081138922202577e+00 -2.362488171125400171e+01 -1.295965800931341860e+01 1.249081487707595883e+01 -2.036067626441391099e+01 -1.727318475751374294e+01
0.000000000000000000e+00 0.000000000000000000e+00 0.000000000000000000e+00 0.000000000000000000e+00 0.000000000000000000e+00 -3.000000000000000000e+01 -1.890533253295027549e+01 0.000000000000000000e+00 -2.563566927689317509e+01 -2.017696838887804489e+01 -2.550832598917454419e+01 -1.686338929293377031e+00 -1.358277580948800534e+01 -1.277883815178839910e+01 -2.006684368896490867e+01 -3.000000000000000000e+01 -3.000000000000000000e+01 2.711756463118108229e+01 3.000000000000000000e+01 -2.408832581845674525e+01 -1.463447807818467972e+01 -6.789910363692017725e-01 2.201480305455330022e+00 -2.753523401817705363e+01 -1.749278291729299895e+01
0.000000000000000000e+00 0.000000000000000000e+00 0.000000000000000000e+00 0.000000000000000000e+00 0.000000000000000000e+00 -3.000000000000000000e+01 -2.256362596407853616e+01 0.000000000000000000e+00 -3.000000000000000000e+01 -3.000000000000000000e+01 -3.000000000000000000e+01 -2.125918382873474854e+01 2.939413944094776454e+01 -2.202454837286400036e+01 -2.914537207669928875e+01 -3.000000000000000000e+01 -3.000000000000000000e+01 -1.391027888414368974e+00 2.268279922167684504e+01 -3.000000000000000000e+01 -2.225422544538106351e+01 2.219326700056196700e+01 -1.256869921186405670e-01 3.000000000000000000e+01 -2.186313119341000544e+01
