# yaw
0.000000000000000000e+00 0.000000000000000000e+00 0.000000000000000000e+00 0.000000000000000000e+00 0.000000000000000000e+00 2.972984580143292632e+01 -2.354174145551304065e+01 -2.074518233244715404e+01 -1.279037690123484516e+01 3.000000000000000000e+01 2.791768500724396418e+01 -1.986593906438929125e+01 -2.775777050581080019e+01 -1.848937697986730555e+01 2.373280005109000612e+01 2.916745041332941923e+01 -1.033884798151176554e+01 -2.225661889997156351e+01 7.819209122810400814e+00 2.804397805913385611e+01 2.691692140493344354e+01 -1.826743971513015197e+01 -1.720357383747894531e+01 -2.658838656182260252e+01 2.633405746363259681e+01
0.000000000000000000e+00 0.000000000000000000e+00 0.000000000000000000e+00 0.000000000000000000e+00 0.000000000000000000e+00 1.424361502527839285e+01 2.292608986295988771e+01 2.974740501846581608e+01 -2.296749988309391100e+01 2.425148995568863697e+01 1.092053254319599098e+01 1.979021987244484393e+01 1.276833239073979698e+01 1.941750219350411655e+01 5.277872460765143714e+00 1.346863963224213379e+01 -2.890848393494564306e+01 2.284785545984023614e+01 0.000000000000000000e+00 1.286588096137019654e+01 1.434882597940403670e+01 2.959188664175121630e+01 2.927828892925616344e+01 2.281267050768927973e+01 1.554308986613101773e+01
0.000000000000000000e+00 0.000000000000000000e+00 0.000000000000000000e+00 0.000000000000000000e+00 0.000000000000000000e+00 6.700146644741022950e-01 6.889802025935164664e+00 1.730611608722281503e+01 2.512133786013081860e+01 1.635861079229785275e+01 0.000000000000000000e+00 5.680883891097615823e+00 0.000000000000000000e+00 1.037369163122024762e+00 0.000000000000000000e+00 8.215531693789852596e-01 2.213777164549028953e+01 3.977082417918123447e+00 0.000000000000000000e+00 2.912767228864394653e-01 1.217150257951080894e+00 1.641941332256629238e+01 1.768165899989070056e+01 1.042578545763595876e+01 1.386954729459825897e+00
0.000000000000000000e+00 0.000000000000000000e+00 0.000000000000000000e+00 0.000000000000000000e+00 0.000000000000000000e+00 0.000000000000000000e+00 0.000000000000000000e+00 7.970980958170847952e-01 1.475082033923068714e+01 4.760018629033015536e+00 0.000000000000000000e+00 0.000000000000000000e+00 0.000000000000000000e+00 0.000000000000000000e+00 0.000000000000000000e+00 0.000000000000000000e+00 5.753561661392808446e+00 0.000000000000000000e+00 0.000000000000000000e+00 -1.728049589883749793e+00 0.000000000000000000e+00 4.322238148474728092e+00 4.828279492517801863e+00 -4.168228231362997249e+00 5.162660271342430995e+00
0.000000000000000000e+00 0.000000000000000000e+00 0.000000000000000000e+00 0.000000000000000000e+00 0.000000000000000000e+00 0.000000000000000000e+00 0.000000000000000000e+00 0.000000000000000000e+00 1.181579098284355922e+00 0.000000000000000000e+00 0.000000000000000000e+00 3.724103550662056783e+00 0.000000000000000000e+00 0.000000000000000000e+00 0.000000000000000000e+00 0.000000000000000000e+00 -4.653030517899070517e+00 0.000000000000000000e+00 2.017777551337601061e+00 8.630517749241294112e+00 0.000000000000000000e+00 2.227212114127900211e+00 1.002796142632886411e+00 1.992898442648595392e+00 -1.457008483316623249e+01
0.000000000000000000e+00 0.000000000000000000e+00 0.000000000000000000e+00 0.000000000000000000e+00 0.000000000000000000e+00 0.000000000000000000e+00 0.000000000000000000e+00 0.000000000000000000e+00 0.000000000000000000e+00 0.000000000000000000e+00 0.000000000000000000e+00 5.291520659419114425e-01 0.000000000000000000e+00 0.000000000000000000e+00 2.762216831696350017e+00 0.000000000000000000e+00 8.663312120462682842e+00 6.741380450223666720e+00 3.011347907987333983e+00 4.652690247553473157e-01 0.000000000000000000e+00 -7.997527843969827188e+00 2.077043685724834443e+00 1.819961764196238896e+00 5.273406272720093213e+00
0.000000000000000000e+00 0.000000000000000000e+00 0.000000000000000000e+00 0.000000000000000000e+00 0.000000000000000000e+00 0.000000000000000000e+00 -1.309242130566839535e+01 0.000000000000000000e+00 0.000000000000000000e+00 0.000000000000000000e+00 0.000000000000000000e+00 -1.368838777138068075e+01 -1.210183352632126486e+01 -9.191443104564147148e+00 -1.242545289395694752e+01 0.000000000000000000e+00 0.000000000000000000e+00 -1.435729940606762867e+01 2.055688670020902720e+00 -9.726269964336838214e+00 0.000000000000000000e+00 1.128164199555589597e+01 0.000000000000000000e+00 3.510131169824686648e+00 -1.275720199075838668e+00
0.000000000000000000e+00 0.000000000000000000e+00 0.000000000000000000e+00 0.000000000000000000e+00 0.000000000000000000e+00 0.000000000000000000e+00 2.632359418445628663e+01 0.000000000000000000e+00 0.000000000000000000e+00 0.000000000000000000e+00 0.000000000000000000e+00 2.189068398303517426e+01 6.326427654859774208e+00 1.204803137748441699e+01 1.621159710454126568e+01 0.000000000000000000e+00 -1.037045416242426299e+01 4.141521400796777108e+00 -1.611813762020259500e+00 2.678297121653765345e+01 0.000000000000000000e+00 0.000000000000000000e+00 6.367027330534686058e+00 5.020258487907587330e-01 4.717579690416560112e+00
0.000000000000000000e+00 0.000000000000000000e+00 0.000000000000000000e+00 0.000000000000000000e+00 0.000000000000000000e+00 0.000000000000000000e+00 8.620084524153874384e+00 0.000000000000000000e+00 0.000000000000000000e+00 0.000000000000000000e+00 0.000000000000000000e+00 1.177330404591833357e+00 -4.078727730134065754e-01 0.000000000000000000e+00 2.940760509186830518e-01 0.000000000000000000e+00 2.931130430008147325e+00 -2.894331953132379898e+00 6.724195176300007404e-01 6.827921579636999638e+00 0.000000000000000000e+00 -2.939181722990797496e+00 4.334022902105454933e-01 3.699998971210632703e+00 -8.451850939616338820e+00
0.000000000000000000e+00 0.000000000000000000e+00 0.000000000000000000e+00 0.000000000000000000e+00 0.000000000000000000e+00 0.000000000000000000e+00 0.000000000000000000e+00 0.000000000000000000e+00 0.000000000000000000e+00 0.000000000000000000e+00 0.000000000000000000e+00 0.000000000000000000e+00 -6.671266452423356696e+00 -1.296426735717605538e+01 4.353271800820816217e+00 0.000000000000000000e+00 6.189793985572141111e+00 -3.983824233310234497e+00 -1.871964401368092012e+01 -2.501506950057861722e+00 0.000000000000000000e+00 -1.515049168301180238e+01 -6.831624848926880489e+00 -1.197962973659865860e+01 2.515072609274001181e+01
0.000000000000000000e+00 0.000000000000000000e+00 0.000000000000000000e+00 0.000000000000000000e+00 0.000000000000000000e+00 0.000000000000000000e+00 0.000000000000000000e+00 -1.427852281862111772e+00 0.000000000000000000e+00 -9.468365682594546973e-02 0.000000000000000000e+00 0.000000000000000000e+00 1.785603601797284767e+01 1.478424202222058881e+01 3.531226348761077882e-01 0.000000000000000000e+00 0.000000000000000000e+00 2.281524268383109799e+01 1.114001355664412074e+01 -1.633268348952531923e+00 0.000000000000000000e+00 1.036457238395049885e+01 -3.548263895167172333e+00 1.948046147320464172e+01 7.201345387323180525e+00
0.000000000000000000e+00 0.000000000000000000e+00 0.000000000000000000e+00 0.000000000000000000e+00 0.000000000000000000e+00 0.000000000000000000e+00 0.000000000000000000e+00 3.016648483263978164e+00 -7.858081223238603918e+00 -9.931268391783209637e+00 0.000000000000000000e+00 0.000000000000000000e+00 8.468753959645578533e-01 -5.517143583659910311e-01 -3.095973516278701654e-01 0.000000000000000000e+00 0.000000000000000000e+00 5.445358976463665179e+00 1.335525042696233067e+00 -1.871923474703334200e+00 0.000000000000000000e+00 0.000000000000000000e+00 3.091571007830773432e+00 5.741436294061784906e+00 0.000000000000000000e+00
0.000000000000000000e+00 0.000000000000000000e+00 0.000000000000000000e+00 0.000000000000000000e+00 0.000000000000000000e+00 0.000000000000000000e+00 0.000000000000000000e+00 8.352457016614780017e+00 1.981086363663280281e+01 2.369637732536352459e+01 0.000000000000000000e+00 0.000000000000000000e+00 4.958824081648788962e+00 4.517987153851402482e+00 1.141206205038392163e+01 0.000000000000000000e+00 0.000000000000000000e+00 -6.857059458297168675e+00 0.000000000000000000e+00 -4.755161120306377498e+00 0.000000000000000000e+00 0.000000000000000000e+00 5.880692947257756487e+00 1.237664938697599970e+00 1.208172812945210506e+00
0.000000000000000000e+00 0.000000000000000000e+00 0.000000000000000000e+00 0.000000000000000000e+00 0.000000000000000000e+00 0.000000000000000000e+00 0.000000000000000000e+00 3.904291847162551399e+00 6.161444524114781274e+00 1.200084912426045136e+01 0.000000000000000000e+00 0.000000000000000000e+00 7.548732419776370550e-01 -4.443946552420444007e+00 5.845739355961734329e-01 0.000000000000000000e+00 0.000000000000000000e+00 6.866418281748188690e+00 -7.335726883568250756e+00 8.920279860715355724e+00 0.000000000000000000e+00 0.000000000000000000e+00 3.562669644900270605e+00 -5.864322912032644552e+00 1.021157840952633755e+01
0.000000000000000000e+00 0.000000000000000000e+00 0.000000000000000000e+00 0.000000000000000000e+00 0.000000000000000000e+00 0.000000000000000000e+00 0.000000000000000000e+00 2.094240309087956220e+00 -4.322532306780709987e+00 0.000000000000000000e+00 0.000000000000000000e+00 0.000000000000000000e+00 0.000000000000000000e+00 4.728108736103007637e+00 -1.695348064041769298e+00 0.000000000000000000e+00 0.000000000000000000e+00 0.000000000000000000e+00 2.365062363073136442e+00 -1.629875817726429865e+00 0.000000000000000000e+00 0.000000000000000000e+00 1.783125037330572094e-01 8.705905287652445423e+00 3.505117789180187238e+00
0.000000000000000000e+00 0.000000000000000000e+00 0.000000000000000000e+00 0.000000000000000000e+00 0.000000000000000000e+00 0.000000000000000000e+00 -5.110532184032683389e+00 0.000000000000000000e+00 4.592188449758247693e+00 3.106234875925625527e+00 0.000000000000000000e+00 -3.971139670444808201e-01 0.000000000000000000e+00 5.758490490157814889e-01 -9.309449035532905370e+00 0.000000000000000000e+00 -6.241572913977696757e+00 0.000000000000000000e+00 1.689371865532682815e-01 7.346798799316738737e+00 0.000000000000000000e+00 0.000000000000000000e+00 0.000000000000000000e+00 2.730683091217724012e+00 -4.206404476248427615e-01
0.000000000000000000e+00 -1.370724378587898862e+01 0.000000000000000000e+00 -3.790312844516399715e-01 -4.033010021600253125e+00 0.000000000000000000e+00 -2.170939764227959756e+01 0.000000000000000000e+00 3.043401004579341929e-01 8.605545036316873952e-01 0.000000000000000000e+00 -1.729084932983099776e+01 0.000000000000000000e+00 0.000000000000000000e+00 -2.384136751225582884e+01 0.000000000000000000e+00 -2.318553682586670206e+01 0.000000000000000000e+00 0.000000000000000000e+00 -9.366162535477299045e+00 0.000000000000000000e+00 -1.520306981484773390e+00 -1.013594001417329249e+00 -1.838101600106209155e+00 -5.478776407256242820e+00
0.000000000000000000e+00 -2.167445784765341088e+01 -1.388148497029633432e+01 -1.572402228942272728e+01 -1.776614138933478060e+01 0.000000000000000000e+00 2.741381593287205476e+01 0.000000000000000000e+00 0.000000000000000000e+00 0.000000000000000000e+00 0.000000000000000000e+00 -2.527540223059509827e+01 -1.161395206074299047e+01 0.000000000000000000e+00 2.606489298203091920e+01 0.000000000000000000e+00 2.342783710365016248e+01 -1.429286419072110270e+01 -5.291544323876847145e+00 -2.138094632131845430e+01 0.000000000000000000e+00 -1.931587263693711520e+01 -1.522153750001496419e+01 -1.983910709621514812e+01 -1.610162766424482683e+01
0.000000000000000000e+00 2.934443081002900655e+01 2.578778664788817210e+01 2.871590827358630094e+01 2.599663157042920858e+01 0.000000000000000000e+00 1.922059096494956520e+01 -1.440654298565968361e+01 -3.668430132222295192e+00 -1.669360589049812216e+00 0.000000000000000000e+00 2.307670168492287388e+01 2.848570619725545683e+01 -9.269814529832327565e+00 2.066954266566947851e+01 0.000000000000000000e+00 7.388749298570084889e+00 2.935043722532395805e+01 -1.935592020862586082e+01 2.385704469845049402e+01 0.000000000000000000e+00 2.859358435574115376e+01 2.741908254414320467e+01 2.934262022955488192e+01 2.555193942758864623e+01
0.000000000000000000e+00 2.201504207911683864e+01 9.749507235662290938e+00 1.224394262847186532e+01 1.281275479159563524e+01 0.000000000000000000e+00 3.906503346682599354e+00 2.807682255349258327e+01 -2.381521508568230772e+01 -1.689021027039677847e+01 0.000000000000000000e+00 1.284231547608237278e+01 1.339663842215282408e+01 2.483544376788941577e+01 1.198161276231671124e+00 0.000000000000000000e+00 0.000000000000000000e+00 1.935560579995748043e+01 2.586282827287805475e+01 7.707839173144185096e+00 0.000000000000000000e+00 1.313696105994901941e+01 1.299777959935196314e+01 1.358633569074390124e+01 1.375056028089169757e+01
0.000000000000000000e+00 7.804340545037357302e+00 0.000000000000000000e+00 0.000000000000000000e+00 7.483777523430400480e-01 0.000000000000000000e+00 0.000000000000000000e+00 1.024756133005464420e+01 2.302899500226786955e+01 2.864497553868811508e+01 0.000000000000000000e+00 0.000000000000000000e+00 0.000000000000000000e+00 9.798395028209608171e+00 -3.642609225333167111e-01 0.000000000000000000e+00 0.000000000000000000e+00 1.123310308312101657e+00 9.362606846805418215e+00 -2.298696628633642103e+00 0.000000000000000000e+00 0.000000000000000000e+00 0.000000000000000000e+00 9.122372042001913872e-01 1.434567559393512104e+00
0.000000000000000000e+00 0.000000000000000000e+00 0.000000000000000000e+00 -1.145003009434855556e+00 -1.119239292930252816e+00 0.000000000000000000e+00 0.000000000000000000e+00 0.000000000000000000e+00 5.243510292762192826e+00 1.921233933166680075e+01 0.000000000000000000e+00 0.000000000000000000e+00 0.000000000000000000e+00 0.000000000000000000e+00 8.577667603912185967e+00 0.000000000000000000e+00 0.000000000000000000e+00 0.000000000000000000e+00 -4.662552684732344410e+00 -6.542525188228270672e+00 0.000000000000000000e+00 0.000000000000000000e+00 0.000000000000000000e+00 0.000000000000000000e+00 0.000000000000000000e+00
0.000000000000000000e+00 0.000000000000000000e+00 0.000000000000000000e+00 0.000000000000000000e+00 -1.033671577240715900e+00 0.000000000000000000e+00 0.000000000000000000e+00 0.000000000000000000e+00 0.000000000000000000e+00 1.404964274504294286e+00 0.000000000000000000e+00 0.000000000000000000e+00 0.000000000000000000e+00 1.040329590359938772e+00 2.384216194816183298e-01 0.000000000000000000e+00 0.000000000000000000e+00 -1.114211215221494466e+00 -1.684017231919384128e-01 0.000000000000000000e+00 0.000000000000000000e+00 0.000000000000000000e+00 0.000000000000000000e+00 0.000000000000000000e+00 0.000000000000000000e+00
0.000000000000000000e+00 0.000000000000000000e+00 0.000000000000000000e+00 0.000000000000000000e+00 0.000000000000000000e+00 0.000000000000000000e+00 0.000000000000000000e+00 0.000000000000000000e+00 0.000000000000000000e+00 0.000000000000000000e+00 0.000000000000000000e+00 0.000000000000000000e+00 0.000000000000000000e+00 0.000000000000000000e+00 0.000000000000000000e+00 0.000000000000000000e+00 0.000000000000000000e+00 0.000000000000000000e+00 0.000000000000000000e+00 0.000000000000000000e+00 0.000000000000000000e+00 0.000000000000000000e+00 0.000000000000000000e+00 0.000000000000000000e+00 0.000000000000000000e+00
0.000000000000000000e+00 0.000000000000000000e+00 0.000000000000000000e+00 0.000000000000000000e+00 0.000000000000000000e+00 0.000000000000000000e+00 0.000000000000000000e+00 0.000000000000000000e+00 0.000000000000000000e+00 0.000000000000000000e+00 0.000000000000000000e+00 0.000000000000000000e+00 0.000000000000000000e+00 0.000000000000000000e+00 0.000000000000000000e+00 0.000000000000000000e+00 0.000000000000000000e+00 0.000000000000000000e+00 0.000000000000000000e+00 0.000000000000000000e+00 0.000000000000000000e+00 0.000000000000000000e+00 0.000000000000000000e+00 0.000000000000000000e+00 0.000000000000000000e+00
0.000000000000000000e+00 0.000000000000000000e+00 0.000000000000000000e+00 0.000000000000000000e+00 0.000000000000000000e+00 0.000000000000000000e+00 0.000000000000000000e+00 0.000000000000000000e+00 0.000000000000000000e+00 0.000000000000000000e+00 0.000000000000000000e+00 0.000000000000000000e+00 0.000000000000000000e+00 0.000000000000000000e+00 0.000000000000000000e+00 0.000000000000000000e+00 0.000000000000000000e+00 0.000000000000000000e+00 0.000000000000000000e+00 0.000000000000000000e+00 0.000000000000000000e+00 0.000000000000000000e+00 0.000000000000000000e+00 0.000000000000000000e+00 0.000000000000000000e+00
0.000000000000000000e+00 0.000000000000000000e+00 1.265206913343762452e+01 -4.163718313150115868e+00 2.272765551618146063e+01 0.000000000000000000e+00 0.000000000000000000e+00 -6.381272592866373827e+00 5.351106311725202236e-01 9.618117484423601482e+00 0.000000000000000000e+00 0.000000000000000000e+00 -6.394445571809250772e+00 -7.273836170007898616e+00 -7.946916307531331825e+00 0.000000000000000000e+00 -2.168011475606576965e+01 2.657933439777099593e+01 -9.779065267513562532e+00 -1.482863356329039917e+01 0.000000000000000000e+00 0.000000000000000000e+00 0.000000000000000000e+00 0.000000000000000000e+00 0.000000000000000000e+00
0.000000000000000000e+00 -1.966729415044727869e+00 8.993339715694467884e+00 1.183258754633936150e+01 1.455516636399952191e+01 0.000000000000000000e+00 0.000000000000000000e+00 7.359434459490548974e+00 -3.283023634447947536e+00 0.000000000000000000e+00 0.000000000000000000e+00 -1.217564830761884309e+01 2.315902462029515263e+01 1.935975158369345905e+01 2.479669881045819935e+01 0.000000000000000000e+00 1.565542530099119922e+01 1.148553790180869605e+01 2.820477842507078137e+01 2.564418158276173187e+01 0.000000000000000000e+00 0.000000000000000000e+00 0.000000000000000000e+00 0.000000000000000000e+00 0.000000000000000000e+00
0.000000000000000000e+00 -1.641128841981110043e+01 4.731718992169852811e+00 0.000000000000000000e+00 0.000000000000000000e+00 0.000000000000000000e+00 -1.071510842494352289e+01 5.997653043581132160e+00 1.602912678826085369e+01 -1.981682731627035232e-02 0.000000000000000000e+00 6.530685439366217260e+00 6.760848551009964069e+00 3.069170612445370594e+00 1.311367689710144369e+01 0.000000000000000000e+00 1.226905252794593171e+00 0.000000000000000000e+00 1.477736875088804780e+01 1.054053358223485226e+01 0.000000000000000000e+00 0.000000000000000000e+00 0.000000000000000000e+00 0.000000000000000000e+00 0.000000000000000000e+00
0.000000000000000000e+00 2.671431548135645428e+01 -2.334685362525275587e-01 -2.419262849853561548e+00 3.553876754168460161e-01 0.000000000000000000e+00 2.257943199043267057e+01 -2.809181640721466700e+00 1.337844189375170023e+00 -3.430488209931824795e+00 0.000000000000000000e+00 1.013800131221144873e+01 0.000000000000000000e+00 0.000000000000000000e+00 0.000000000000000000e+00 0.000000000000000000e+00 0.000000000000000000e+00 0.000000000000000000e+00 0.000000000000000000e+00 0.000000000000000000e+00 0.000000000000000000e+00 0.000000000000000000e+00 0.000000000000000000e+00 0.000000000000000000e+00 0.000000000000000000e+00
0.000000000000000000e+00 8.079153742754206391e+00 -1.049982354324865419e+00 -3.518526511560613912e+00 2.855734016999135871e+00 0.000000000000000000e+00 8.408577491679356086e+00 1.878929712927189799e+00 0.000000000000000000e+00 1.525289074418230584e+00 0.000000000000000000e+00 0.000000000000000000e+00 -5.893298743622707114e+00 -6.043328007848017158e+00 1.279525528944753243e-01 0.000000000000000000e+00 0.000000000000000000e+00 0.000000000000000000e+00 0.000000000000000000e+00 0.000000000000000000e+00 0.000000000000000000e+00 0.000000000000000000e+00 0.000000000000000000e+00 0.000000000000000000e+00 0.000000000000000000e+00
0.000000000000000000e+00 0.000000000000000000e+00 7.891634135913268011e+00 1.080899141156316645e+01 -7.568239038333144819e+00 0.000000000000000000e+00 -5.079565755889244860e-01 3.395686944556611131e+00 3.112924909987764721e+00 -1.686952043966625236e+00 0.000000000000000000e+00 -6.342201118140416760e+00 1.028397571048995651e+01 5.386697997518327341e+00 4.321843098806571248e+00 0.000000000000000000e+00 0.000000000000000000e+00 0.000000000000000000e+00 0.000000000000000000e+00 0.000000000000000000e+00 0.000000000000000000e+00 0.000000000000000000e+00 0.000000000000000000e+00 0.000000000000000000e+00 0.000000000000000000e+00
0.000000000000000000e+00 -9.985574336523368899e+00 -3.133740064746528997e+00 -3.925994892643602352e+00 7.991444742927317435e+00 0.000000000000000000e+00 4.241825520257313187e+00 -3.874833426783685475e+00 -2.789268792034754085e+00 8.884094762309018734e+00 0.000000000000000000e+00 9.355201122905675959e+00 0.000000000000000000e+00 0.000000000000000000e+00 6.366275623919169790e-01 0.000000000000000000e+00 0.000000000000000000e+00 0.000000000000000000e+00 0.000000000000000000e+00 0.000000000000000000e+00 0.000000000000000000e+00 0.000000000000000000e+00 0.000000000000000000e+00 0.000000000000000000e+00 0.000000000000000000e+00
0.000000000000000000e+00 3.995561973965073399e+00 3.886937360987762879e+00 2.726206341016472301e+00 -3.533735782975402806e+00 0.000000000000000000e+00 -3.934726613188842759e+00 3.723422227531828277e+00 4.029048281703554224e+00 1.662352277387022070e+00 0.000000000000000000e+00 0.000000000000000000e+00 0.000000000000000000e+00 -4.919536753687738795e+00 0.000000000000000000e+00 0.000000000000000000e+00 0.000000000000000000e+00 0.000000000000000000e+00 0.000000000000000000e+00 0.000000000000000000e+00 0.000000000000000000e+00 0.000000000000000000e+00 0.000000000000000000e+00 0.000000000000000000e+00 0.000000000000000000e+00
-2.525538973379554797e+00 5.907278366476728770e+00 1.733029823217185239e+00 1.091998115630069988e+00 -1.296879468787427392e+01 -7.670011108746580542e-01 0.000000000000000000e+00 0.000000000000000000e+00 0.000000000000000000e+00 0.000000000000000000e+00 -3.916740135565851544e-01 0.000000000000000000e+00 0.000000000000000000e+00 -1.888754030333561929e+01 -9.760162659440011490e-01 -4.359310521895963797e-01 0.000000000000000000e+00 0.000000000000000000e+00 0.000000000000000000e+00 -4.156158143759446588e+00 0.000000000000000000e+00 0.000000000000000000e+00 0.000000000000000000e+00 0.000000000000000000e+00 0.000000000000000000e+00
-1.535816710385220496e+01 -8.231707687794378003e+00 -1.358811518941442253e+00 -1.271854428760758937e+00 -2.087691467415746516e+01 -1.460081323108936679e+01 -5.681719372253089873e+00 -9.608192530113763397e+00 -5.793614373644176752e+00 -1.044166458304337120e+01 -1.584471454441306015e+01 0.000000000000000000e+00 -9.645742472995163297e+00 2.321386221197264987e+01 -1.411925946757319039e+01 -1.803297597420952769e+01 -3.791235145045388943e+00 -2.355742219153147410e+00 -4.071829285158106160e+00 -1.921399276905194853e+01 0.000000000000000000e+00 0.000000000000000000e+00 0.000000000000000000e+00 0.000000000000000000e+00 0.000000000000000000e+00
2.536213919536093186e+01 -1.905804360872175707e+01 -1.445470854860623433e+01 -1.388924271248483677e+01 2.908130004079272979e+01 2.653181792759905377e+01 -2.243922109904538686e+01 2.814077155280628162e+01 -2.278074041279431583e+01 2.587203697758041798e+01 2.663616860699503164e+01 -8.430704609532673643e+00 -2.241161686012391030e+01 3.333641763385589929e+00 2.631409791956204103e+01 2.836623558108223619e+01 -1.699588718441471968e+01 -1.856977169472627764e+01 -2.009952269296432448e+01 2.779559155011940419e+01 0.000000000000000000e+00 0.000000000000000000e+00 0.000000000000000000e+00 0.000000000000000000e+00 0.000000000000000000e+00
1.241983542560045173e+01 1.925035109819765822e+01 2.634722590290555644e+01 -2.578413793519601427e+01 2.114968507507664341e+01 1.141955809982467329e+01 2.307036591898091515e+01 1.410193802575765609e+01 1.368512986305144530e+01 6.366307289210836551e+00 1.240127920857922739e+01 -1.833816872823344468e+01 1.735478905550110795e+01 0.000000000000000000e+00 1.117664807404997163e+01 1.368014036948332546e+01 2.929129450899006670e+01 2.857572875617529462e+01 2.101674761499975475e+01 1.487758781551102949e+01 0.000000000000000000e+00 0.000000000000000000e+00 0.000000000000000000e+00 0.000000000000000000e+00 0.000000000000000000e+00
8.870077147568161680e-01 6.140723242727320397e+00 1.670167190356644937e+01 2.472504174932766929e+01 1.440584035695999354e+01 0.000000000000000000e+00 4.945036562014878179e+00 0.000000000000000000e+00 1.435146977726723616e+00 0.000000000000000000e+00 7.100760916837817183e-01 1.739720076368659818e+01 2.301252603512203621e+00 0.000000000000000000e+00 2.525952125389963054e-01 1.052575285251031945e+00 1.879986192680095769e+01 1.734104662492957871e+01 9.287603324339077204e+00 1.028776875801261648e+00 0.000000000000000000e+00 0.000000000000000000e+00 0.000000000000000000e+00 0.000000000000000000e+00 0.000000000000000000e+00
8.299325354415863387e+00 0.000000000000000000e+00 2.521128002761852116e-01 1.588146925116238073e+01 2.649860246622115945e+00 -5.902284007105553787e-01 0.000000000000000000e+00 0.000000000000000000e+00 2.287700730767727286e+00 0.000000000000000000e+00 0.000000000000000000e+00 1.147686534984784457e+00 0.000000000000000000e+00 0.000000000000000000e+00 0.000000000000000000e+00 0.000000000000000000e+00 1.570339174304559604e+00 3.197364713144923432e+00 0.000000000000000000e+00 0.000000000000000000e+00 0.000000000000000000e+00 0.000000000000000000e+00 0.000000000000000000e+00 0.000000000000000000e+00 0.000000000000000000e+00
4.347873696090214679e+00 7.346935320314821327e-01 2.449435576051267383e+00 2.772949930593364698e+00 0.000000000000000000e+00 6.053792498325645255e-01 0.000000000000000000e+00 2.392231212087487791e+00 3.517631800614748450e+00 0.000000000000000000e+00 0.000000000000000000e+00 0.000000000000000000e+00 0.000000000000000000e+00 -8.903087144592650048e+00 0.000000000000000000e+00 0.000000000000000000e+00 0.000000000000000000e+00 0.000000000000000000e+00 0.000000000000000000e+00 0.000000000000000000e+00 0.000000000000000000e+00 0.000000000000000000e+00 0.000000000000000000e+00 0.000000000000000000e+00 0.000000000000000000e+00
5.714541249376846599e-01 5.777955034107620236e+00 0.000000000000000000e+00 3.902194851841156886e+00 0.000000000000000000e+00 7.196066731310994946e+00 2.214924748697777002e+00 3.567551452640654652e+00 4.450073136083719239e-01 0.000000000000000000e+00 -7.797410164589347659e+00 0.000000000000000000e+00 -9.935500933485682529e-01 6.361528060054483014e+00 0.000000000000000000e+00 0.000000000000000000e+00 0.000000000000000000e+00 0.000000000000000000e+00 0.000000000000000000e+00 0.000000000000000000e+00 0.000000000000000000e+00 0.000000000000000000e+00 0.000000000000000000e+00 0.000000000000000000e+00 0.000000000000000000e+00
-7.880934675407245571e+00 -7.431880427331552852e+00 -3.856051505929268153e+00 3.442206838211411130e-02 0.000000000000000000e+00 -1.063096786682169714e+01 -7.916044946130742055e+00 2.075583314957101799e-01 -1.251047353722571032e+01 0.000000000000000000e+00 7.795262656727416584e+00 -6.980087166536433352e-02 4.932904019389069639e+00 -6.919743924398113144e+00 0.000000000000000000e+00 0.000000000000000000e+00 0.000000000000000000e+00 0.000000000000000000e+00 0.000000000000000000e+00 0.000000000000000000e+00 0.000000000000000000e+00 0.000000000000000000e+00 0.000000000000000000e+00 0.000000000000000000e+00 0.000000000000000000e+00
2.257270956961346542e+01 4.806697192151697884e+00 9.896403768286551994e+00 0.000000000000000000e+00 0.000000000000000000e+00 1.920289126443348948e+01 5.835973947657450367e+00 4.313121641798006500e+00 1.463729718548850478e+01 0.000000000000000000e+00 -8.698804955021127938e+00 4.507816521692464384e+00 2.280194430347381729e-01 1.153830645601803617e+01 0.000000000000000000e+00 0.000000000000000000e+00 0.000000000000000000e+00 0.000000000000000000e+00 0.000000000000000000e+00 0.000000000000000000e+00 0.000000000000000000e+00 0.000000000000000000e+00 0.000000000000000000e+00 0.000000000000000000e+00 0.000000000000000000e+00
8.060034854787991421e+00 3.769299808768117099e+00 -2.389048658640026412e-02 0.000000000000000000e+00 0.000000000000000000e+00 1.759324948725414117e+00 5.484389021981175283e+00 -3.391275245230151114e+00 5.815240148287222910e-01 0.000000000000000000e+00 2.019172894600824719e+01 6.387051945000044029e-01 -1.134073390921349178e+00 8.046518446666235391e+00 0.000000000000000000e+00 -4.568862340046647930e+00 0.000000000000000000e+00 0.000000000000000000e+00 -6.967827550631193745e+00 0.000000000000000000e+00 0.000000000000000000e+00 0.000000000000000000e+00 0.000000000000000000e+00 0.000000000000000000e+00 0.000000000000000000e+00
7.406704457611843928e+00 -1.250423682301831985e+00 2.817720323671341287e+00 0.000000000000000000e+00 0.000000000000000000e+00 7.964438233042534065e+00 -3.886068432663571048e+00 -1.056562006073106907e+01 0.000000000000000000e+00 0.000000000000000000e+00 5.275117654230485620e+00 -2.478592332148974453e+00 -1.670335651009047950e+01 0.000000000000000000e+00 0.000000000000000000e+00 -1.629214965549482130e+01 0.000000000000000000e+00 -5.948957835772842984e+00 2.440567633914239920e+01 0.000000000000000000e+00 0.000000000000000000e+00 0.000000000000000000e+00 0.000000000000000000e+00 0.000000000000000000e+00 0.000000000000000000e+00
-1.729793112848111880e+00 -6.624300326838116426e+00 3.953984302916739857e-01 -1.005510978664669874e-01 0.000000000000000000e+00 0.000000000000000000e+00 1.796448240067687152e+01 1.158912795107531402e+01 0.000000000000000000e+00 0.000000000000000000e+00 3.102885170934252201e+00 1.026177435099831570e+01 1.268150666097306001e+01 0.000000000000000000e+00 0.000000000000000000e+00 1.147119530490000550e+01 -7.172452391766968915e+00 2.456793363311489387e+01 9.104102433864612820e+00 0.000000000000000000e+00 0.000000000000000000e+00 0.000000000000000000e+00 0.000000000000000000e+00 0.000000000000000000e+00 0.000000000000000000e+00
-8.632969967307888570e-01 9.457683550041618759e+00 -9.058301162077180280e+00 -1.127629163301406123e+01 0.000000000000000000e+00 2.207039837952293748e+00 6.749289904910712456e-01 -3.054339231272118482e-01 0.000000000000000000e+00 0.000000000000000000e+00 -6.128043343236464491e-01 6.366278985541943491e+00 0.000000000000000000e+00 0.000000000000000000e+00 0.000000000000000000e+00 0.000000000000000000e+00 1.936752623786626870e+01 8.876481237922195788e+00 0.000000000000000000e+00 0.000000000000000000e+00 0.000000000000000000e+00 0.000000000000000000e+00 0.000000000000000000e+00 0.000000000000000000e+00 0.000000000000000000e+00
3.928299096191570250e+00 6.870263288471837981e+00 1.956678491253510188e+01 2.251875379210045836e+01 0.000000000000000000e+00 1.885896964571118994e+00 3.581337910319385975e-01 4.217929622371423548e+00 0.000000000000000000e+00 0.000000000000000000e+00 -1.893892248381100041e+00 1.736220904255605380e+00 -6.056046725488233307e+00 0.000000000000000000e+00 0.000000000000000000e+00 -5.210417567365620284e-02 5.041404142038761194e+00 -9.668656354022803559e-03 0.000000000000000000e+00 0.000000000000000000e+00 0.000000000000000000e+00 0.000000000000000000e+00 0.000000000000000000e+00 0.000000000000000000e+00 0.000000000000000000e+00
5.993545766574396083e+00 0.000000000000000000e+00 5.973014300330202531e+00 1.121767117534453106e+01 0.000000000000000000e+00 6.800481309666394081e-01 -4.198882025266734708e+00 2.815900355711241088e-01 0.000000000000000000e+00 0.000000000000000000e+00 8.727342351958306210e+00 -6.905761812330523775e+00 9.001165371028051254e+00 0.000000000000000000e+00 0.000000000000000000e+00 3.398809243870319019e+00 -5.529870321223077312e+00 3.720038812499855574e+00 0.000000000000000000e+00 0.000000000000000000e+00 0.000000000000000000e+00 0.000000000000000000e+00 0.000000000000000000e+00 0.000000000000000000e+00 0.000000000000000000e+00
2.224432322821314756e+00 -4.515669277560405703e+00 -5.026929061052093362e-01 0.000000000000000000e+00 0.000000000000000000e+00 -1.752133498607838291e+00 4.918931531365210219e+00 0.000000000000000000e+00 0.000000000000000000e+00 0.000000000000000000e+00 -4.136830002975260712e+00 -7.023579212380767767e-02 0.000000000000000000e+00 0.000000000000000000e+00 0.000000000000000000e+00 2.661371857233852944e-01 9.740069218153816877e+00 3.793989622427415220e+00 0.000000000000000000e+00 0.000000000000000000e+00 0.000000000000000000e+00 0.000000000000000000e+00 0.000000000000000000e+00 0.000000000000000000e+00 0.000000000000000000e+00
-3.976552089415124946e+00 7.024409510407810586e+00 3.122917388369095271e+00 0.000000000000000000e+00 0.000000000000000000e+00 -7.258938877458458450e+00 2.478945769438593016e-01 0.000000000000000000e+00 0.000000000000000000e+00 0.000000000000000000e+00 -1.391145924999045991e-02 1.823177743123781003e+00 0.000000000000000000e+00 -7.364007689534123990e+00 0.000000000000000000e+00 -6.930751069289845745e+00 1.876519265027178252e+00 0.000000000000000000e+00 0.000000000000000000e+00 0.000000000000000000e+00 0.000000000000000000e+00 0.000000000000000000e+00 0.000000000000000000e+00 0.000000000000000000e+00 0.000000000000000000e+00
-1.098620533317188119e+01 1.557470206040553418e+00 -7.699299242568368173e-01 -2.186237638074217671e+00 0.000000000000000000e+00 -1.852363525398920174e+01 0.000000000000000000e+00 0.000000000000000000e+00 0.000000000000000000e+00 0.000000000000000000e+00 -1.642844139162769679e+01 0.000000000000000000e+00 0.000000000000000000e+00 -1.954106567854893228e+01 0.000000000000000000e+00 -1.895707114887559896e+01 0.000000000000000000e+00 0.000000000000000000e+00 -8.293559493733157595e+00 0.000000000000000000e+00 -1.255480689261644800e+00 -8.473777535124662474e-01 -1.457222585674153637e+00 -5.788648755453848160e+00 0.000000000000000000e+00
-1.972314645080012596e+01 -1.446509018072582542e+01 -1.371661726015231153e+01 -1.805514862725346603e+01 0.000000000000000000e+00 3.000000000000000000e+01 0.000000000000000000e+00 0.000000000000000000e+00 0.000000000000000000e+00 0.000000000000000000e+00 -2.274730263350193127e+01 -1.327562928579921575e+01 -5.946658080940914193e-02 2.412598937329696369e+01 0.000000000000000000e+00 2.905959255664683027e+01 -8.622271837840303377e+00 -4.183524250886572204e+00 -2.127820978404752239e+01 0.000000000000000000e+00 -1.539778760681873848e+01 -1.467003676679410162e+01 -1.674588642323125143e+01 -2.026326214624787170e+01 0.000000000000000000e+00
2.818896496658515005e+01 2.818421821227105184e+01 2.663164338497158212e+01 2.824075338574081684e+01 0.000000000000000000e+00 2.786541307553475733e+01 -6.454317978177757098e+00 -3.818845056093408186e+00 -1.561276022100364314e+00 0.000000000000000000e+00 2.516289338888222105e+01 -2.402780160779010643e+01 -2.163975516199775129e+01 7.830943624206564202e+00 0.000000000000000000e+00 1.388997945991509120e+01 -2.159563945744101332e+01 -2.435592848461562809e+01 1.941415969208659575e+01 0.000000000000000000e+00 2.605432178452639036e+01 2.799803940411040415e+01 2.845657585979266102e+01 3.000000000000000000e+01 0.000000000000000000e+00
1.921542523148881187e+01 1.019159156212264783e+01 9.884075501990752244e+00 1.254721195255597976e+01 0.000000000000000000e+00 1.105234528521012116e+01 -6.711943414289916809e+00 -2.160774648136986897e+01 -1.756049286277632149e+01 0.000000000000000000e+00 9.730005476034930822e+00 1.143520858177543076e+01 2.505164079440573488e+01 1.258364911838750100e+00 0.000000000000000000e+00 0.000000000000000000e+00 1.347633027456908295e+01 2.359092347573142590e+01 8.650939552083885431e+00 0.000000000000000000e+00 1.181555855410771727e+01 1.100627005295586613e+01 1.235616555317958642e+01 1.554203304660229712e+01 0.000000000000000000e+00
8.190887410015895043e+00 0.000000000000000000e+00 0.000000000000000000e+00 2.299379648613519289e-01 0.000000000000000000e+00 -1.292225183765321472e-01 1.002281857690554645e+01 1.989361461827169819e+01 3.000000000000000000e+01 0.000000000000000000e+00 0.000000000000000000e+00 0.000000000000000000e+00 1.063880767793048676e+01 0.000000000000000000e+00 0.000000000000000000e+00 -1.764894286542623980e-01 9.202411866513052763e-01 9.910068675545510075e+00 0.000000000000000000e+00 0.000000000000000000e+00 -1.396623007384427906e+00 0.000000000000000000e+00 8.193457500630108026e-01 1.282129396619787975e+00 0.000000000000000000e+00
0.000000000000000000e+00 0.000000000000000000e+00 0.000000000000000000e+00 0.000000000000000000e+00 0.000000000000000000e+00 -1.418184753589526892e+00 -3.261052030915977618e+00 3.119256559653303729e+00 1.728761972216341292e+01 0.000000000000000000e+00 0.000000000000000000e+00 0.000000000000000000e+00 0.000000000000000000e+00 0.000000000000000000e+00 0.000000000000000000e+00 4.646657992149188843e+00 0.000000000000000000e+00 0.000000000000000000e+00 0.000000000000000000e+00 0.000000000000000000e+00 -4.517202278364459644e+00 -5.484463433770391916e+00 0.000000000000000000e+00 0.000000000000000000e+00 0.000000000000000000e+00
0.000000000000000000e+00 0.000000000000000000e+00 0.000000000000000000e+00 0.000000000000000000e+00 0.000000000000000000e+00 3.153100866318768070e+00 -2.146991060480268665e+00 -6.131880151118415334e+00 7.385008195100538630e-01 0.000000000000000000e+00 -1.545120802299245533e+00 0.000000000000000000e+00 0.000000000000000000e+00 0.000000000000000000e+00 0.000000000000000000e+00 6.495855215904699165e+00 2.164433329141999263e+00 0.000000000000000000e+00 0.000000000000000000e+00 0.000000000000000000e+00 -3.381504573910498745e+00 1.865637122387806268e-01 -3.112266671342446833e-01 0.000000000000000000e+00 0.000000000000000000e+00
0.000000000000000000e+00 0.000000000000000000e+00 0.000000000000000000e+00 0.000000000000000000e+00 0.000000000000000000e+00 -9.251259084226930440e+00 9.788065414771496719e+00 1.061271216124211847e+01 0.000000000000000000e+00 0.000000000000000000e+00 4.867512960005291767e+00 2.057635280472355443e+00 0.000000000000000000e+00 0.000000000000000000e+00 0.000000000000000000e+00 4.463350487542490086e+00 -6.493620417789761845e+00 -4.577396460590298588e+00 0.000000000000000000e+00 0.000000000000000000e+00 1.170914219972547876e+01 4.380204033768437810e+00 4.955423770310797948e+00 0.000000000000000000e+00 0.000000000000000000e+00
0.000000000000000000e+00 0.000000000000000000e+00 0.000000000000000000e+00 0.000000000000000000e+00 0.000000000000000000e+00 7.882047546704145979e+00 0.000000000000000000e+00 0.000000000000000000e+00 -4.290355093768709049e-01 0.000000000000000000e+00 3.106242160123973584e+00 1.261955038784280170e+00 0.000000000000000000e+00 0.000000000000000000e+00 0.000000000000000000e+00 0.000000000000000000e+00 6.101391424147147191e+00 1.234079843630691364e+01 0.000000000000000000e+00 0.000000000000000000e+00 -1.672814792124277528e+00 6.458401870165891845e-02 1.614667047257180910e+00 0.000000000000000000e+00 0.000000000000000000e+00
0.000000000000000000e+00 0.000000000000000000e+00 0.000000000000000000e+00 0.000000000000000000e+00 0.000000000000000000e+00 0.000000000000000000e+00 -6.092487335439031426e+00 -5.586569203640646464e+00 -1.299648827821940422e+01 0.000000000000000000e+00 3.177176819422767196e+00 1.796581826505869950e+00 -7.170317330887408858e+00 0.000000000000000000e+00 0.000000000000000000e+00 -3.718945621115210987e+00 0.000000000000000000e+00 0.000000000000000000e+00 0.000000000000000000e+00 0.000000000000000000e+00 -3.134120524454549361e+00 -6.663817084919987366e+00 0.000000000000000000e+00 0.000000000000000000e+00 0.000000000000000000e+00
0.000000000000000000e+00 0.000000000000000000e+00 0.000000000000000000e+00 0.000000000000000000e+00 0.000000000000000000e+00 0.000000000000000000e+00 9.928389407798315247e+00 2.255789937157538816e+01 2.374889299063131176e+01 0.000000000000000000e+00 0.000000000000000000e+00 -4.080506843335053091e+00 2.415723575315209537e+00 0.000000000000000000e+00 0.000000000000000000e+00 2.163235981597869395e-01 -1.218501187975261679e+01 -7.079476010932040708e+00 -6.542061943122369883e+00 0.000000000000000000e+00 -1.831609285211126092e+01 -5.006559898848038870e+00 -7.966682918289472504e+00 -9.092063464508475690e+00 0.000000000000000000e+00
0.000000000000000000e+00 0.000000000000000000e+00 0.000000000000000000e+00 0.000000000000000000e+00 0.000000000000000000e+00 -5.583037777109942645e-01 5.565289320824959418e+00 8.261710585029739207e+00 6.507411068384526764e+00 0.000000000000000000e+00 -4.314756529930694029e+00 1.787953730791046070e+01 -5.438802191957504029e+00 0.000000000000000000e+00 0.000000000000000000e+00 -1.067026616163679265e+01 2.490152204760112298e+01 1.845039098119073628e+01 2.724993947501782543e+01 0.000000000000000000e+00 1.779966943630916631e+01 7.845041232634590855e+00 2.091597009142147812e+01 2.112163725043671292e+01 0.000000000000000000e+00
0.000000000000000000e+00 0.000000000000000000e+00 0.000000000000000000e+00 0.000000000000000000e+00 0.000000000000000000e+00 -1.115946862884257840e+01 0.000000000000000000e+00 0.000000000000000000e+00 0.000000000000000000e+00 0.000000000000000000e+00 -4.741480890695358497e+00 5.279505106961776661e+00 7.450703727546422073e+00 0.000000000000000000e+00 0.000000000000000000e+00 2.258880612139194710e+01 4.874043023255714147e+00 3.448937523620825285e+00 1.015789518505003919e+01 0.000000000000000000e+00 1.162995390558801301e+00 3.262151067168736596e+00 9.291563448712553352e+00 8.204202432570237846e+00 0.000000000000000000e+00
0.000000000000000000e+00 0.000000000000000000e+00 0.000000000000000000e+00 0.000000000000000000e+00 0.000000000000000000e+00 2.334711118621411785e+01 0.000000000000000000e+00 0.000000000000000000e+00 0.000000000000000000e+00 0.000000000000000000e+00 2.351662857604340218e+01 0.000000000000000000e+00 1.115207669552841452e+00 -5.838658736757438739e+00 0.000000000000000000e+00 9.454059940238394688e+00 -3.918050650373366750e+00 1.560964890785746517e+00 0.000000000000000000e+00 0.000000000000000000e+00 -3.013070167619202877e+00 -9.007299251585227928e-01 0.000000000000000000e+00 0.000000000000000000e+00 0.000000000000000000e+00
0.000000000000000000e+00 0.000000000000000000e+00 0.000000000000000000e+00 0.000000000000000000e+00 0.000000000000000000e+00 1.051019361931854945e+01 0.000000000000000000e+00 0.000000000000000000e+00 0.000000000000000000e+00 0.000000000000000000e+00 1.122733668313672695e+01 -7.418310676842865270e+00 -5.960544227378404614e+00 2.066314820700195298e+01 0.000000000000000000e+00 2.342854346584559266e+00 -1.109595518300522943e-01 4.331431545671863503e+00 0.000000000000000000e+00 0.000000000000000000e+00 3.070476737939846323e+00 -7.277645364219031521e+00 -8.971592797424088772e+00 -1.085583911570187299e+00 0.000000000000000000e+00
0.000000000000000000e+00 0.000000000000000000e+00 0.000000000000000000e+00 0.000000000000000000e+00 0.000000000000000000e+00 0.000000000000000000e+00 0.000000000000000000e+00 0.000000000000000000e+00 0.000000000000000000e+00 0.000000000000000000e+00 0.000000000000000000e+00 3.966925701171362117e+00 1.100193453733961135e+01 -1.273540388587043992e+00 0.000000000000000000e+00 -5.035285661371522448e-01 3.413155727834995545e+00 3.123777307614620025e+00 -1.001825192290342059e+00 0.000000000000000000e+00 -8.971822858196206951e+00 9.160190232488263362e+00 8.766603200453518596e+00 4.364102520089565118e+00 0.000000000000000000e+00
0.000000000000000000e+00 0.000000000000000000e+00 0.000000000000000000e+00 0.000000000000000000e+00 0.000000000000000000e+00 0.000000000000000000e+00 0.000000000000000000e+00 0.000000000000000000e+00 0.000000000000000000e+00 0.000000000000000000e+00 -9.247459438128734277e+00 0.000000000000000000e+00 0.000000000000000000e+00 5.233201106240419342e+00 0.000000000000000000e+00 2.563987422388558812e+00 -2.129575522413047928e+00 -2.893980721593537808e+00 5.707402941782977024e+00 0.000000000000000000e+00 7.136407206898825351e+00 -2.850067379816854540e+00 -1.809535728647235553e+00 4.283825320898104194e-01 0.000000000000000000e+00
0.000000000000000000e+00 0.000000000000000000e+00 0.000000000000000000e+00 0.000000000000000000e+00 0.000000000000000000e+00 0.000000000000000000e+00 0.000000000000000000e+00 0.000000000000000000e+00 0.000000000000000000e+00 -2.518735590359761911e+00 5.741912026225428178e+00 0.000000000000000000e+00 0.000000000000000000e+00 0.000000000000000000e+00 0.000000000000000000e+00 -3.386616741949184828e+00 5.213886080450112814e+00 3.060401483245959842e+00 -4.917852395004990385e+00 0.000000000000000000e+00 -4.852365952484760214e+00 3.820988624607178252e+00 3.313997179427221162e+00 0.000000000000000000e+00 0.000000000000000000e+00
0.000000000000000000e+00 0.000000000000000000e+00 0.000000000000000000e+00 0.000000000000000000e+00 0.000000000000000000e+00 -3.247274450310616345e+00 0.000000000000000000e+00 0.000000000000000000e+00 0.000000000000000000e+00 -1.558290696356797866e+01 -9.504541632243242999e-01 0.000000000000000000e+00 0.000000000000000000e+00 0.000000000000000000e+00 0.000000000000000000e+00 2.985609257475532186e-01 0.000000000000000000e+00 0.000000000000000000e+00 -2.058480849936328383e+01 -1.246961385678635459e+00 -1.803273818250267002e+00 2.060240778486264634e+00 1.265560357305372197e+00 0.000000000000000000e+00 -4.250238851182790434e+00
0.000000000000000000e+00 0.000000000000000000e+00 0.000000000000000000e+00 0.000000000000000000e+00 0.000000000000000000e+00 -1.834542090073985321e+01 -8.814493660771738348e+00 -1.611061658250315443e+00 -1.426718169311500528e+00 -2.368568289726819032e+01 -1.402419016785415273e+01 -5.711205554590418565e+00 -1.111524168909323151e+01 -1.422890768847808962e+00 -7.683982863450191658e+00 -1.811225965019630380e+01 0.000000000000000000e+00 -9.331737430286004553e+00 2.106760799257360972e+01 -1.738203420619297290e+01 -1.500261274108171783e+01 -4.935989659777614946e+00 -2.064128025521627663e+00 -1.168148839184877552e+01 -1.588212683546669268e+01
