# yaw
0.000000000000000000e+00 0.000000000000000000e+00 0.000000000000000000e+00 0.000000000000000000e+00 0.000000000000000000e+00 2.344650379886272518e+01 -1.644521615998520048e+01 2.361964511580452730e-01 -1.351042588966977576e+01 2.714364405692231230e+01 2.912382428224507791e+01 1.144628559840303694e+01 1.805800293546736768e+01 -1.069982041357737756e+01 2.101899301548499821e+01 2.284320161435420005e+01 2.148183313304451048e+01 4.059759835331352207e+00 -2.243037172398065593e+01 2.483651558763130041e+01 2.351996168461567294e+01 6.496775721843997542e-03 -1.397070863141237318e+01 2.472021244563693898e+01 2.431821353078415626e+01
0.000000000000000000e+00 0.000000000000000000e+00 0.000000000000000000e+00 0.000000000000000000e+00 0.000000000000000000e+00 4.508565665407024525e+00 2.220255068232224716e+01 0.000000000000000000e+00 2.185026272765479405e+01 1.100575909661482754e+01 1.764043438847900447e+01 0.000000000000000000e+00 1.192411537919520592e+00 2.131118481486510419e+01 1.197767970570912777e+00 9.646503783323372438e-01 1.124264751563237796e+00 0.000000000000000000e+00 1.090920223007199574e+01 1.051302561699650440e+01 1.105977812721361531e+01 -2.322951884522648669e+00 2.354259454133679696e+01 1.009287925770965799e+01 1.053066176499754114e+01
0.000000000000000000e+00 0.000000000000000000e+00 0.000000000000000000e+00 0.000000000000000000e+00 0.000000000000000000e+00 0.000000000000000000e+00 4.556128093389888889e+00 0.000000000000000000e+00 9.011059093167943512e-01 0.000000000000000000e+00 1.255686846192247241e+00 0.000000000000000000e+00 0.000000000000000000e+00 8.210863781684180296e+00 0.000000000000000000e+00 0.000000000000000000e+00 0.000000000000000000e+00 0.000000000000000000e+00 0.000000000000000000e+00 0.000000000000000000e+00 0.000000000000000000e+00 -5.979580773616490319e+00 4.176006472099428990e+00 0.000000000000000000e+00 0.000000000000000000e+00
0.000000000000000000e+00 0.000000000000000000e+00 0.000000000000000000e+00 0.000000000000000000e+00 0.000000000000000000e+00 0.000000000000000000e+00 0.000000000000000000e+00 0.000000000000000000e+00 0.000000000000000000e+00 0.000000000000000000e+00 0.000000000000000000e+00 0.000000000000000000e+00 0.000000000000000000e+00 0.000000000000000000e+00 0.000000000000000000e+00 0.000000000000000000e+00 0.000000000000000000e+00 0.000000000000000000e+00 0.000000000000000000e+00 0.000000000000000000e+00 0.000000000000000000e+00 0.000000000000000000e+00 0.000000000000000000e+00 0.000000000000000000e+00 0.000000000000000000e+00
0.000000000000000000e+00 0.000000000000000000e+00 0.000000000000000000e+00 0.000000000000000000e+00 0.000000000000000000e+00 0.000000000000000000e+00 0.000000000000000000e+00 0.000000000000000000e+00 0.000000000000000000e+00 0.000000000000000000e+00 0.000000000000000000e+00 0.000000000000000000e+00 0.000000000000000000e+00 -2.276667429094457074e+00 0.000000000000000000e+00 0.000000000000000000e+00 1.116432549652117134e-01 2.979628300867546153e-01 0.000000000000000000e+00 5.257226237240889555e-01 0.000000000000000000e+00 3.979493185620365914e+00 1.048525422832858323e-01 2.138706679499072116e+00 5.649514547267631137e-01
0.000000000000000000e+00 0.000000000000000000e+00 0.000000000000000000e+00 0.000000000000000000e+00 0.000000000000000000e+00 0.000000000000000000e+00 0.000000000000000000e+00 0.000000000000000000e+00 0.000000000000000000e+00 0.000000000000000000e+00 0.000000000000000000e+00 4.062783391901648722e-01 -1.043827695489193186e+00 5.458399042584766159e-01 -9.782595505610243158e-01 0.000000000000000000e+00 3.967931933718753523e-01 1.425452763304418280e+00 3.795705574013258921e-01 -1.025690751444683801e+00 0.000000000000000000e+00 -6.725439610601859908e-01 -1.062382584589475210e+00 -1.087869574853041144e+00 -9.754911244761352851e-01
0.000000000000000000e+00 0.000000000000000000e+00 0.000000000000000000e+00 0.000000000000000000e+00 0.000000000000000000e+00 0.000000000000000000e+00 0.000000000000000000e+00 0.000000000000000000e+00 0.000000000000000000e+00 0.000000000000000000e+00 0.000000000000000000e+00 0.000000000000000000e+00 9.024633753407932391e-01 0.000000000000000000e+00 3.761795835162238255e-01 0.000000000000000000e+00 0.000000000000000000e+00 0.000000000000000000e+00 4.879002516246026128e-02 8.794423305165917082e-01 0.000000000000000000e+00 8.494686275698760669e-01 7.021702897725822234e-01 7.255966669458674412e-01 5.158891011756057132e-01
0.000000000000000000e+00 0.000000000000000000e+00 0.000000000000000000e+00 0.000000000000000000e+00 0.000000000000000000e+00 0.000000000000000000e+00 0.000000000000000000e+00 0.000000000000000000e+00 0.000000000000000000e+00 0.000000000000000000e+00 0.000000000000000000e+00 0.000000000000000000e+00 0.000000000000000000e+00 0.000000000000000000e+00 0.000000000000000000e+00 0.000000000000000000e+00 0.000000000000000000e+00 0.000000000000000000e+00 0.000000000000000000e+00 0.000000000000000000e+00 0.000000000000000000e+00 0.000000000000000000e+00 0.000000000000000000e+00 0.000000000000000000e+00 0.000000000000000000e+00
0.000000000000000000e+00 0.000000000000000000e+00 0.000000000000000000e+00 0.000000000000000000e+00 0.000000000000000000e+00 0.000000000000000000e+00 0.000000000000000000e+00 0.000000000000000000e+00 8.693392360143920028e-01 0.000000000000000000e+00 0.000000000000000000e+00 0.000000000000000000e+00 2.908943141998277859e+00 -7.364584115436263012e+00 -6.927427862613575016e+00 0.000000000000000000e+00 -2.208339946484505489e-04 -7.004870642508642220e+00 -4.787823554869621745e+00 -7.338570269687464176e+00 0.000000000000000000e+00 0.000000000000000000e+00 -1.206589159954519985e+00 0.000000000000000000e+00 -3.334814073508292065e-01
0.000000000000000000e+00 0.000000000000000000e+00 0.000000000000000000e+00 0.000000000000000000e+00 0.000000000000000000e+00 0.000000000000000000e+00 -4.262176995989013784e-01 -9.693511788298822651e+00 0.000000000000000000e+00 -6.025930795998077905e-01 0.000000000000000000e+00 -3.735056117719985913e+00 2.594926547792523408e+00 1.184990403705983120e+01 9.171269940486306282e+00 0.000000000000000000e+00 0.000000000000000000e+00 1.025616511573585576e+01 1.769579089131356042e+01 9.733553044937176324e+00 0.000000000000000000e+00 -5.876268451555255456e-01 1.484910910752967883e-02 -9.326187124527919536e+00 1.354826481958297890e+01
0.000000000000000000e+00 0.000000000000000000e+00 0.000000000000000000e+00 0.000000000000000000e+00 0.000000000000000000e+00 0.000000000000000000e+00 5.612252027863232406e+00 7.518390770663592626e+00 0.000000000000000000e+00 4.725947710402163437e+00 0.000000000000000000e+00 6.140618937100770225e+00 0.000000000000000000e+00 0.000000000000000000e+00 0.000000000000000000e+00 0.000000000000000000e+00 0.000000000000000000e+00 0.000000000000000000e+00 4.466151363456427048e-01 0.000000000000000000e+00 0.000000000000000000e+00 4.568718026832803147e+00 5.020055720347752271e+00 9.699673150961800161e+00 2.620819128680507148e+00
0.000000000000000000e+00 0.000000000000000000e+00 0.000000000000000000e+00 0.000000000000000000e+00 0.000000000000000000e+00 0.000000000000000000e+00 0.000000000000000000e+00 0.000000000000000000e+00 0.000000000000000000e+00 0.000000000000000000e+00 0.000000000000000000e+00 0.000000000000000000e+00 0.000000000000000000e+00 0.000000000000000000e+00 0.000000000000000000e+00 0.000000000000000000e+00 0.000000000000000000e+00 0.000000000000000000e+00 0.000000000000000000e+00 0.000000000000000000e+00 0.000000000000000000e+00 0.000000000000000000e+00 0.000000000000000000e+00 0.000000000000000000e+00 0.000000000000000000e+00
0.000000000000000000e+00 0.000000000000000000e+00 0.000000000000000000e+00 0.000000000000000000e+00 0.000000000000000000e+00 0.000000000000000000e+00 0.000000000000000000e+00 0.000000000000000000e+00 -5.453443947278310056e+00 -4.834653829167400829e+00 0.000000000000000000e+00 0.000000000000000000e+00 0.000000000000000000e+00 6.105162173658752245e+00 7.530495321600423786e+00 0.000000000000000000e+00 0.000000000000000000e+00 7.393396545453327917e+00 -2.366151614732153519e+00 2.244812487366552034e+00 0.000000000000000000e+00 0.000000000000000000e+00 -2.497969648516582541e-01 0.000000000000000000e+00 -7.252156518063754831e-01
0.000000000000000000e+00 0.000000000000000000e+00 0.000000000000000000e+00 0.000000000000000000e+00 0.000000000000000000e+00 0.000000000000000000e+00 0.000000000000000000e+00 6.840414637767224804e+00 3.664408455457301428e-01 4.940054227477535420e+00 0.000000000000000000e+00 0.000000000000000000e+00 -4.987706156174876782e+00 0.000000000000000000e+00 1.204778234043276441e+00 0.000000000000000000e+00 0.000000000000000000e+00 0.000000000000000000e+00 2.815281947076183622e-01 6.703434356399726735e-01 0.000000000000000000e+00 0.000000000000000000e+00 8.237149602659975756e+00 -4.829205650688120244e+00 7.642379015295675870e+00
0.000000000000000000e+00 0.000000000000000000e+00 0.000000000000000000e+00 0.000000000000000000e+00 0.000000000000000000e+00 0.000000000000000000e+00 0.000000000000000000e+00 0.000000000000000000e+00 4.649646202256361716e-01 -4.426014612151926153e-01 0.000000000000000000e+00 0.000000000000000000e+00 1.379956677406725563e+00 0.000000000000000000e+00 0.000000000000000000e+00 0.000000000000000000e+00 0.000000000000000000e+00 0.000000000000000000e+00 1.090830217560646576e+00 1.160370191516542748e+00 0.000000000000000000e+00 0.000000000000000000e+00 0.000000000000000000e+00 -4.612768320752564932e-01 0.000000000000000000e+00
0.000000000000000000e+00 0.000000000000000000e+00 0.000000000000000000e+00 0.000000000000000000e+00 0.000000000000000000e+00 0.000000000000000000e+00 0.000000000000000000e+00 -9.170567269598770110e+00 0.000000000000000000e+00 1.901617080881013444e-01 0.000000000000000000e+00 0.000000000000000000e+00 0.000000000000000000e+00 8.411981942557981151e-01 -8.860739000753898864e+00 0.000000000000000000e+00 0.000000000000000000e+00 0.000000000000000000e+00 0.000000000000000000e+00 0.000000000000000000e+00 0.000000000000000000e+00 0.000000000000000000e+00 0.000000000000000000e+00 0.000000000000000000e+00 3.299939823001428962e+00
0.000000000000000000e+00 0.000000000000000000e+00 0.000000000000000000e+00 -2.463149508206641691e+00 0.000000000000000000e+00 0.000000000000000000e+00 0.000000000000000000e+00 5.581203586471047196e+00 -7.723386198136115155e+00 0.000000000000000000e+00 0.000000000000000000e+00 -9.747884235456616864e+00 -6.978517800525064985e+00 -9.769956315516658663e+00 -1.621518164940008333e+00 0.000000000000000000e+00 -1.010263554739886516e+01 0.000000000000000000e+00 -9.121041156369698033e-01 -1.051625202413676874e+01 0.000000000000000000e+00 0.000000000000000000e+00 -5.364483425969404085e-01 0.000000000000000000e+00 0.000000000000000000e+00
0.000000000000000000e+00 -1.194964609546110879e+01 -9.228505795626027464e+00 -1.984062196155994684e+01 -7.325984367906604788e+00 0.000000000000000000e+00 0.000000000000000000e+00 8.039034943729618021e+00 2.486703495867597624e+01 -4.402768402234160106e-01 0.000000000000000000e+00 2.818133680611184033e+01 2.882827960602065076e+01 2.498341999618173404e+01 1.054215356234032086e+01 0.000000000000000000e+00 2.624300232821013523e+01 0.000000000000000000e+00 -1.970363020910480500e+01 2.634884328723716251e+01 0.000000000000000000e+00 -1.005456159928363036e+01 -1.105040691705673161e+01 -1.237736338477004239e+01 -1.141364317973781795e+01
0.000000000000000000e+00 2.369310567088247410e+01 2.237169276549245822e+01 2.845647270229363102e+01 2.151409430533163558e+01 0.000000000000000000e+00 0.000000000000000000e+00 -6.615919583927108993e-01 1.100875259891707358e+01 -6.721162100066082168e+00 0.000000000000000000e+00 8.492954904914659764e+00 6.165952553210786391e+00 7.346434355671187078e+00 0.000000000000000000e+00 0.000000000000000000e+00 5.897965233268070762e+00 -1.045430728741454018e+01 1.908460093753425468e+01 9.625993214618993932e+00 0.000000000000000000e+00 2.212892549518238638e+01 2.828563300683060078e+01 2.814316704658493862e+01 2.335108827694468303e+01
0.000000000000000000e+00 8.724019627322595838e+00 2.876348850566420090e+00 1.099303832589545671e+01 6.014404461968442028e+00 0.000000000000000000e+00 0.000000000000000000e+00 9.874928306523248267e+00 0.000000000000000000e+00 9.628544277216493086e+00 0.000000000000000000e+00 0.000000000000000000e+00 0.000000000000000000e+00 0.000000000000000000e+00 0.000000000000000000e+00 0.000000000000000000e+00 0.000000000000000000e+00 6.691372008738632360e+00 0.000000000000000000e+00 0.000000000000000000e+00 0.000000000000000000e+00 4.500212173744058575e+00 1.138277053703943409e+01 6.806782004726461111e+00 8.727384339488526876e+00
0.000000000000000000e+00 0.000000000000000000e+00 0.000000000000000000e+00 0.000000000000000000e+00 0.000000000000000000e+00 0.000000000000000000e+00 -9.987856908722589910e-01 0.000000000000000000e+00 0.000000000000000000e+00 8.630395937786820681e+00 0.000000000000000000e+00 0.000000000000000000e+00 0.000000000000000000e+00 0.000000000000000000e+00 -2.263857033901981008e+00 0.000000000000000000e+00 0.000000000000000000e+00 1.016361307713521178e+01 0.000000000000000000e+00 0.000000000000000000e+00 0.000000000000000000e+00 0.000000000000000000e+00 0.000000000000000000e+00 0.000000000000000000e+00 0.000000000000000000e+00
0.000000000000000000e+00 0.000000000000000000e+00 0.000000000000000000e+00 0.000000000000000000e+00 0.000000000000000000e+00 0.000000000000000000e+00 0.000000000000000000e+00 0.000000000000000000e+00 0.000000000000000000e+00 0.000000000000000000e+00 0.000000000000000000e+00 0.000000000000000000e+00 0.000000000000000000e+00 0.000000000000000000e+00 0.000000000000000000e+00 0.000000000000000000e+00 0.000000000000000000e+00 0.000000000000000000e+00 0.000000000000000000e+00 0.000000000000000000e+00 0.000000000000000000e+00 0.000000000000000000e+00 0.000000000000000000e+00 0.000000000000000000e+00 0.000000000000000000e+00
0.000000000000000000e+00 0.000000000000000000e+00 0.000000000000000000e+00 -1.804545023028059525e+00 0.000000000000000000e+00 0.000000000000000000e+00 1.383552241184787235e+01 -5.937793467048778417e+00 -4.761669377991585961e+00 0.000000000000000000e+00 0.000000000000000000e+00 0.000000000000000000e+00 0.000000000000000000e+00 2.530028875537037703e+00 2.159994794121470552e+00 0.000000000000000000e+00 0.000000000000000000e+00 0.000000000000000000e+00 1.314340200915905310e+00 0.000000000000000000e+00 0.000000000000000000e+00 0.000000000000000000e+00 0.000000000000000000e+00 0.000000000000000000e+00 0.000000000000000000e+00
0.000000000000000000e+00 0.000000000000000000e+00 0.000000000000000000e+00 0.000000000000000000e+00 0.000000000000000000e+00 0.000000000000000000e+00 0.000000000000000000e+00 0.000000000000000000e+00 0.000000000000000000e+00 0.000000000000000000e+00 0.000000000000000000e+00 0.000000000000000000e+00 0.000000000000000000e+00 0.000000000000000000e+00 0.000000000000000000e+00 0.000000000000000000e+00 0.000000000000000000e+00 0.000000000000000000e+00 0.000000000000000000e+00 0.000000000000000000e+00 0.000000000000000000e+00 0.000000000000000000e+00 0.000000000000000000e+00 0.000000000000000000e+00 0.000000000000000000e+00
0.000000000000000000e+00 0.000000000000000000e+00 0.000000000000000000e+00 0.000000000000000000e+00 0.000000000000000000e+00 0.000000000000000000e+00 0.000000000000000000e+00 0.000000000000000000e+00 0.000000000000000000e+00 0.000000000000000000e+00 0.000000000000000000e+00 0.000000000000000000e+00 0.000000000000000000e+00 0.000000000000000000e+00 0.000000000000000000e+00 0.000000000000000000e+00 0.000000000000000000e+00 0.000000000000000000e+00 0.000000000000000000e+00 0.000000000000000000e+00 0.000000000000000000e+00 0.000000000000000000e+00 0.000000000000000000e+00 0.000000000000000000e+00 0.000000000000000000e+00
0.000000000000000000e+00 0.000000000000000000e+00 0.000000000000000000e+00 0.000000000000000000e+00 0.000000000000000000e+00 0.000000000000000000e+00 0.000000000000000000e+00 0.000000000000000000e+00 0.000000000000000000e+00 0.000000000000000000e+00 0.000000000000000000e+00 0.000000000000000000e+00 0.000000000000000000e+00 0.000000000000000000e+00 0.000000000000000000e+00 0.000000000000000000e+00 0.000000000000000000e+00 0.000000000000000000e+00 0.000000000000000000e+00 0.000000000000000000e+00 0.000000000000000000e+00 0.000000000000000000e+00 0.000000000000000000e+00 0.000000000000000000e+00 0.000000000000000000e+00
0.000000000000000000e+00 0.000000000000000000e+00 1.416236263426305264e+00 0.000000000000000000e+00 -1.644592960311984209e+00 0.000000000000000000e+00 -2.002748036134239240e-01 1.569014600888722910e+01 -1.641969642159270881e+00 0.000000000000000000e+00 0.000000000000000000e+00 0.000000000000000000e+00 -4.507287895273593414e-01 4.280654011652012869e+00 9.916824481194937979e-01 0.000000000000000000e+00 -3.199799415109687573e+00 0.000000000000000000e+00 -1.241447406211012350e+01 -1.036763087587748622e+01 0.000000000000000000e+00 0.000000000000000000e+00 0.000000000000000000e+00 0.000000000000000000e+00 0.000000000000000000e+00
0.000000000000000000e+00 2.020027062554053954e-01 0.000000000000000000e+00 -7.208308072275655398e-01 2.592948757936997417e+00 0.000000000000000000e+00 2.142989121709445666e+00 9.187846982536769236e-01 3.396738629625213335e+00 -5.458443971724525667e+00 0.000000000000000000e+00 0.000000000000000000e+00 2.775787053830194751e+00 -1.508935270662075334e+00 1.852100201969729909e+00 0.000000000000000000e+00 2.609425020645027793e+00 0.000000000000000000e+00 7.520967808318690828e+00 7.618579604663867855e+00 0.000000000000000000e+00 0.000000000000000000e+00 0.000000000000000000e+00 0.000000000000000000e+00 0.000000000000000000e+00
0.000000000000000000e+00 2.916570198506915013e+00 0.000000000000000000e+00 3.279169453473460116e+00 4.945155696418022107e-01 0.000000000000000000e+00 6.564390765417760232e-01 0.000000000000000000e+00 8.004210142240709702e-01 1.206911119226826656e+01 0.000000000000000000e+00 2.994647763435631216e+00 6.254529956594626627e-01 0.000000000000000000e+00 0.000000000000000000e+00 0.000000000000000000e+00 -3.560113032665279675e-01 -1.307883731349725309e+01 0.000000000000000000e+00 0.000000000000000000e+00 0.000000000000000000e+00 0.000000000000000000e+00 0.000000000000000000e+00 0.000000000000000000e+00 0.000000000000000000e+00
0.000000000000000000e+00 7.047461384140705221e-01 -4.345080530546569619e+00 4.965703629768306371e+00 1.264908833504695185e+00 0.000000000000000000e+00 0.000000000000000000e+00 -9.330187737227680911e-01 0.000000000000000000e+00 -2.371945774148669805e+00 0.000000000000000000e+00 1.272785084148358781e+00 0.000000000000000000e+00 0.000000000000000000e+00 0.000000000000000000e+00 0.000000000000000000e+00 0.000000000000000000e+00 9.901567642728066332e+00 0.000000000000000000e+00 0.000000000000000000e+00 0.000000000000000000e+00 0.000000000000000000e+00 0.000000000000000000e+00 0.000000000000000000e+00 0.000000000000000000e+00
0.000000000000000000e+00 -5.061787483186462211e+00 -4.054190946922875405e-02 1.630211853224756979e-01 -2.397291969801433331e-01 0.000000000000000000e+00 0.000000000000000000e+00 -4.848800699309455453e+00 -2.066257706641774661e+00 -1.535453478646867931e-01 0.000000000000000000e+00 0.000000000000000000e+00 0.000000000000000000e+00 -4.471282796467936471e+00 -6.359721992129728108e+00 0.000000000000000000e+00 0.000000000000000000e+00 0.000000000000000000e+00 0.000000000000000000e+00 0.000000000000000000e+00 0.000000000000000000e+00 0.000000000000000000e+00 0.000000000000000000e+00 0.000000000000000000e+00 0.000000000000000000e+00
0.000000000000000000e+00 4.852686999201172746e+00 0.000000000000000000e+00 -5.142969224121566540e+00 4.010448635842429610e+00 0.000000000000000000e+00 1.868734385463678205e+00 2.858144974241728642e-01 5.452470641509313154e+00 1.984646449608672203e+00 0.000000000000000000e+00 -4.736816252596250720e+00 -5.266404827377117570e+00 4.059542270495021477e+00 2.339465816360601469e+00 0.000000000000000000e+00 0.000000000000000000e+00 0.000000000000000000e+00 0.000000000000000000e+00 0.000000000000000000e+00 0.000000000000000000e+00 0.000000000000000000e+00 0.000000000000000000e+00 0.000000000000000000e+00 0.000000000000000000e+00
0.000000000000000000e+00 -1.210894261199859656e+00 2.133989716808163628e+00 -3.048625008388247681e-01 -9.816223935011857415e-01 0.000000000000000000e+00 0.000000000000000000e+00 0.000000000000000000e+00 -5.994051095814145746e-01 -7.404468540931772313e-01 0.000000000000000000e+00 9.663160309547080828e-01 3.062463133022667705e+00 0.000000000000000000e+00 0.000000000000000000e+00 0.000000000000000000e+00 0.000000000000000000e+00 0.000000000000000000e+00 0.000000000000000000e+00 0.000000000000000000e+00 0.000000000000000000e+00 0.000000000000000000e+00 0.000000000000000000e+00 0.000000000000000000e+00 0.000000000000000000e+00
0.000000000000000000e+00 -5.858226513176581496e-02 -4.487847037876740441e-01 1.071259600774415732e+00 0.000000000000000000e+00 0.000000000000000000e+00 5.414459169104396397e-01 1.370985947609988598e+00 1.157890027350985562e+00 3.510515384347301926e-01 0.000000000000000000e+00 0.000000000000000000e+00 0.000000000000000000e+00 0.000000000000000000e+00 0.000000000000000000e+00 0.000000000000000000e+00 0.000000000000000000e+00 0.000000000000000000e+00 0.000000000000000000e+00 0.000000000000000000e+00 0.000000000000000000e+00 0.000000000000000000e+00 0.000000000000000000e+00 0.000000000000000000e+00 0.000000000000000000e+00
0.000000000000000000e+00 1.026867883016908539e-01 -1.530224753875201138e+01 8.443113217272226745e-01 1.038848542915357526e-01 -8.135073564901925680e-01 -5.342919095401571283e+00 -8.119571041057778160e-01 0.000000000000000000e+00 0.000000000000000000e+00 0.000000000000000000e+00 0.000000000000000000e+00 -4.804171234022762249e+00 0.000000000000000000e+00 0.000000000000000000e+00 0.000000000000000000e+00 0.000000000000000000e+00 0.000000000000000000e+00 0.000000000000000000e+00 -4.712654658434150406e-02 0.000000000000000000e+00 0.000000000000000000e+00 0.000000000000000000e+00 0.000000000000000000e+00 0.000000000000000000e+00
-7.097447144767323302e+00 -4.220742564339350911e-01 1.600469305043522183e+01 -5.383442933139964692e-01 -7.338110266517221092e+00 -1.496800661424500944e+01 -6.449066985848896927e-01 -1.407483090257080249e+01 0.000000000000000000e+00 -5.136182546131815130e+00 -7.615819047459884139e+00 -5.779777319055273921e+00 1.215506006737568434e+01 -5.796377816482464418e+00 -1.091113865948223527e+01 -6.484093509995457971e+00 0.000000000000000000e+00 0.000000000000000000e+00 -7.304869487312606324e+00 -1.211758039962951194e+01 0.000000000000000000e+00 0.000000000000000000e+00 0.000000000000000000e+00 0.000000000000000000e+00 0.000000000000000000e+00
1.855688901399943802e+01 -2.219707746402725945e+01 6.818899099073328918e-01 -1.271711162255614269e+01 2.140024279694813458e+01 2.867756803324321524e+01 3.283981729084411771e+00 1.738175787792055971e+01 -9.221479269065545381e+00 2.106352346173862600e+01 2.252043505234974319e+01 1.791336491404727838e+01 1.357382012939989835e+01 1.497430503684038072e+01 2.446517331872583156e+01 1.790817848387775513e+01 0.000000000000000000e+00 -6.667064208598919350e+00 2.710430115216926694e+01 2.490941428816617176e+01 0.000000000000000000e+00 0.000000000000000000e+00 0.000000000000000000e+00 0.000000000000000000e+00 0.000000000000000000e+00
3.310432879659068739e+00 1.855020047000575545e+01 0.000000000000000000e+00 1.553615602003029750e+01 9.910759823938324331e+00 1.436184968293296649e+01 4.011814991098993088e-01 9.237185065106495729e-01 2.153026453857455280e+01 9.396590328861361696e-01 1.387816755847903538e+00 2.184477892351636363e+00 0.000000000000000000e+00 1.089908541565038291e+01 7.777840798537695832e+00 9.990876277140065653e+00 0.000000000000000000e+00 1.861272540860400682e+01 1.014207945283546231e+01 8.447384291193099415e+00 0.000000000000000000e+00 0.000000000000000000e+00 0.000000000000000000e+00 0.000000000000000000e+00 0.000000000000000000e+00
0.000000000000000000e+00 4.144714565472476409e+00 0.000000000000000000e+00 7.733637663528184492e-01 0.000000000000000000e+00 1.122553178281282982e+00 0.000000000000000000e+00 0.000000000000000000e+00 7.463033871424782362e+00 0.000000000000000000e+00 0.000000000000000000e+00 1.538585893583837017e-01 0.000000000000000000e+00 0.000000000000000000e+00 0.000000000000000000e+00 0.000000000000000000e+00 -8.702445100688565915e+00 3.789147065660953828e+00 0.000000000000000000e+00 0.000000000000000000e+00 0.000000000000000000e+00 0.000000000000000000e+00 0.000000000000000000e+00 0.000000000000000000e+00 0.000000000000000000e+00
-2.713465086086807254e+00 8.992977349399073894e-01 1.395585553316222249e+00 8.691079104235445163e-01 0.000000000000000000e+00 0.000000000000000000e+00 -1.531236257774114262e-01 -1.082108269417656199e-01 0.000000000000000000e+00 0.000000000000000000e+00 0.000000000000000000e+00 0.000000000000000000e+00 0.000000000000000000e+00 0.000000000000000000e+00 0.000000000000000000e+00 0.000000000000000000e+00 2.142164380420456027e+01 0.000000000000000000e+00 0.000000000000000000e+00 0.000000000000000000e+00 0.000000000000000000e+00 0.000000000000000000e+00 0.000000000000000000e+00 0.000000000000000000e+00 0.000000000000000000e+00
7.185037276239909787e-02 2.476721765446736612e+00 -4.285041349747294781e+00 1.161719504822741778e+00 0.000000000000000000e+00 -1.510431852800921071e+00 -5.349123808615718900e-01 4.156019984220323593e+00 1.261785070674172227e+00 0.000000000000000000e+00 0.000000000000000000e+00 0.000000000000000000e+00 0.000000000000000000e+00 0.000000000000000000e+00 0.000000000000000000e+00 0.000000000000000000e+00 6.963313597487114315e+00 0.000000000000000000e+00 0.000000000000000000e+00 0.000000000000000000e+00 0.000000000000000000e+00 0.000000000000000000e+00 0.000000000000000000e+00 0.000000000000000000e+00 0.000000000000000000e+00
1.276415018493599396e+00 -3.517250872615625745e+00 4.076821054370478592e+00 -3.768172688223570432e+00 0.000000000000000000e+00 2.201244573277980177e+00 5.077509679320642455e+00 1.982224100319722737e+00 -3.722835831025196995e+00 0.000000000000000000e+00 -2.006072988943747415e+00 -3.791177427898186458e+00 -4.326621868729740861e+00 -4.253653896781507626e+00 0.000000000000000000e+00 0.000000000000000000e+00 0.000000000000000000e+00 0.000000000000000000e+00 0.000000000000000000e+00 0.000000000000000000e+00 0.000000000000000000e+00 0.000000000000000000e+00 0.000000000000000000e+00 0.000000000000000000e+00 0.000000000000000000e+00
4.477224613725839797e-01 4.775105826508408313e+00 -8.306202707150684983e-01 1.655039692049385502e+00 0.000000000000000000e+00 6.850967846107804127e-02 0.000000000000000000e+00 3.472513682984134098e-01 1.439843604315110825e+00 0.000000000000000000e+00 4.399536090572321534e+00 3.507461634626366731e+00 3.735529728517257286e+00 2.199566570969648360e+00 0.000000000000000000e+00 0.000000000000000000e+00 0.000000000000000000e+00 0.000000000000000000e+00 0.000000000000000000e+00 0.000000000000000000e+00 0.000000000000000000e+00 0.000000000000000000e+00 0.000000000000000000e+00 0.000000000000000000e+00 0.000000000000000000e+00
1.024000873057308914e+00 3.747964914642224699e+00 6.598805358968510504e+00 0.000000000000000000e+00 0.000000000000000000e+00 1.373807216025810130e+00 1.600890001365690152e-01 2.287373753198806980e+00 0.000000000000000000e+00 0.000000000000000000e+00 5.404538345823621803e+00 0.000000000000000000e+00 0.000000000000000000e+00 0.000000000000000000e+00 0.000000000000000000e+00 0.000000000000000000e+00 0.000000000000000000e+00 0.000000000000000000e+00 0.000000000000000000e+00 0.000000000000000000e+00 0.000000000000000000e+00 0.000000000000000000e+00 0.000000000000000000e+00 0.000000000000000000e+00 0.000000000000000000e+00
0.000000000000000000e+00 -1.242441087107247627e-01 5.217868161077739764e+00 0.000000000000000000e+00 0.000000000000000000e+00 0.000000000000000000e+00 1.439979560395671321e+00 -7.823913214124831761e+00 -4.898578887544202232e+00 0.000000000000000000e+00 -8.084542577781869688e-02 -7.625890609788203101e+00 -5.435972317744475646e+00 -9.164588724538678122e+00 0.000000000000000000e+00 0.000000000000000000e+00 0.000000000000000000e+00 0.000000000000000000e+00 -1.527680057957643056e+00 0.000000000000000000e+00 0.000000000000000000e+00 0.000000000000000000e+00 0.000000000000000000e+00 0.000000000000000000e+00 0.000000000000000000e+00
-1.646184515753121635e+00 -1.218364136307705081e+01 0.000000000000000000e+00 -4.824556447555679584e-01 0.000000000000000000e+00 -7.413535925499203927e+00 1.719912265800203621e-01 7.069424615303256054e+00 7.729112248454748979e+00 0.000000000000000000e+00 1.532339136402676827e+00 8.068201872887344805e+00 1.458627034451154358e+01 8.461455734356086111e+00 0.000000000000000000e+00 -4.688355689431159545e-01 -6.841890443824119039e-01 -6.217680159756706182e+00 5.744358564834640468e+00 0.000000000000000000e+00 0.000000000000000000e+00 0.000000000000000000e+00 0.000000000000000000e+00 0.000000000000000000e+00 0.000000000000000000e+00
4.261162757027414649e+00 7.090748488679242456e+00 0.000000000000000000e+00 4.834100956564967966e+00 0.000000000000000000e+00 7.295676077581463304e+00 -4.111387044262611312e-02 0.000000000000000000e+00 0.000000000000000000e+00 0.000000000000000000e+00 0.000000000000000000e+00 0.000000000000000000e+00 4.185817571981113039e-01 0.000000000000000000e+00 0.000000000000000000e+00 4.648772898815880517e+00 5.186995583410522137e+00 9.003780467710729596e+00 1.545482303771908539e+00 0.000000000000000000e+00 0.000000000000000000e+00 0.000000000000000000e+00 0.000000000000000000e+00 0.000000000000000000e+00 0.000000000000000000e+00
4.333393266690204193e+00 2.889211517793360606e+00 0.000000000000000000e+00 7.239880262106093145e-01 0.000000000000000000e+00 4.067313507353378377e+00 -1.813140352808559619e-01 -9.662364586610147077e-01 0.000000000000000000e+00 0.000000000000000000e+00 7.161869653114395495e-01 7.783480513647906829e-01 0.000000000000000000e+00 0.000000000000000000e+00 0.000000000000000000e+00 6.074225822580827661e-01 7.380368755507452638e-01 0.000000000000000000e+00 0.000000000000000000e+00 0.000000000000000000e+00 0.000000000000000000e+00 0.000000000000000000e+00 0.000000000000000000e+00 0.000000000000000000e+00 0.000000000000000000e+00
2.926769262719841058e-01 -5.437828968997907353e+00 -4.843170048188898846e+00 0.000000000000000000e+00 0.000000000000000000e+00 0.000000000000000000e+00 6.124904625237231670e+00 4.113296738279395015e+00 0.000000000000000000e+00 0.000000000000000000e+00 7.039727731059977955e+00 -4.794737351934067249e+00 2.280037612324465002e+00 0.000000000000000000e+00 0.000000000000000000e+00 -2.508174203155194570e-01 0.000000000000000000e+00 0.000000000000000000e+00 0.000000000000000000e+00 0.000000000000000000e+00 0.000000000000000000e+00 0.000000000000000000e+00 0.000000000000000000e+00 0.000000000000000000e+00 0.000000000000000000e+00
7.410965685653216894e+00 3.991987439160548101e-01 5.355684071388362000e+00 0.000000000000000000e+00 0.000000000000000000e+00 -2.766678848632020404e+00 1.320398132500905763e+00 0.000000000000000000e+00 0.000000000000000000e+00 0.000000000000000000e+00 0.000000000000000000e+00 2.630830476680103835e-01 0.000000000000000000e+00 0.000000000000000000e+00 0.000000000000000000e+00 8.923635182546377109e+00 -5.232006841095278915e+00 8.272965158533581942e+00 0.000000000000000000e+00 0.000000000000000000e+00 0.000000000000000000e+00 0.000000000000000000e+00 0.000000000000000000e+00 0.000000000000000000e+00 0.000000000000000000e+00
3.952940984079333364e-01 -3.760571581620046899e-01 0.000000000000000000e+00 0.000000000000000000e+00 0.000000000000000000e+00 1.243658255193324180e+00 0.000000000000000000e+00 0.000000000000000000e+00 0.000000000000000000e+00 0.000000000000000000e+00 8.889147971990698505e-01 1.175934786253552078e+00 0.000000000000000000e+00 0.000000000000000000e+00 0.000000000000000000e+00 -8.075888185851848311e-01 1.125520861989300903e-01 0.000000000000000000e+00 0.000000000000000000e+00 0.000000000000000000e+00 0.000000000000000000e+00 0.000000000000000000e+00 0.000000000000000000e+00 0.000000000000000000e+00 0.000000000000000000e+00
-1.792284298468428627e+00 6.076751031493827782e-01 0.000000000000000000e+00 0.000000000000000000e+00 0.000000000000000000e+00 3.421905209881969334e+00 -8.732648084925536125e+00 0.000000000000000000e+00 0.000000000000000000e+00 0.000000000000000000e+00 1.217843838651242738e-01 0.000000000000000000e+00 0.000000000000000000e+00 -5.182512490634015201e+00 0.000000000000000000e+00 -1.047983598212765877e+00 2.715508945757685311e+00 0.000000000000000000e+00 0.000000000000000000e+00 0.000000000000000000e+00 0.000000000000000000e+00 0.000000000000000000e+00 0.000000000000000000e+00 0.000000000000000000e+00 0.000000000000000000e+00
0.000000000000000000e+00 0.000000000000000000e+00 -2.202284965350280732e+00 0.000000000000000000e+00 0.000000000000000000e+00 0.000000000000000000e+00 -2.590779790082380352e+00 -6.906856231315211758e+00 0.000000000000000000e+00 0.000000000000000000e+00 -8.823625825389267874e+00 -6.871383877868067813e+00 -7.960320626369406405e+00 5.572629811957694912e+00 0.000000000000000000e+00 -9.183826313022334986e+00 0.000000000000000000e+00 -7.348987022841447780e-01 -9.630348690102376708e+00 0.000000000000000000e+00 0.000000000000000000e+00 -4.862965653822147183e-01 0.000000000000000000e+00 0.000000000000000000e+00 0.000000000000000000e+00
-1.009065188271280000e+01 -6.967245206677779912e+00 -1.745556090394530102e+01 -8.833703467813460719e+00 0.000000000000000000e+00 0.000000000000000000e+00 5.470802567601923627e+00 -1.867659184558989693e+01 0.000000000000000000e+00 0.000000000000000000e+00 2.430111442222664664e+01 2.402192766579980088e+01 2.460510099234391035e+01 1.003409977159553890e+01 0.000000000000000000e+00 1.286657581478784529e+01 0.000000000000000000e+00 -1.593154702748955565e+01 2.478774176725778133e+01 0.000000000000000000e+00 -7.574957848745524025e+00 -1.194396648976655051e+01 -1.047895302338449852e+01 -1.091760435324145107e+01 0.000000000000000000e+00
2.258748765460716612e+01 2.280284871554409065e+01 2.815102870722546058e+01 2.298194273953215117e+01 0.000000000000000000e+00 -4.628366808381009889e+00 2.193905234032024198e-01 1.599082084994646991e+01 -1.812346538841340671e+00 0.000000000000000000e+00 9.190076076525231841e+00 7.832535440241418456e+00 8.837768145048350732e+00 0.000000000000000000e+00 0.000000000000000000e+00 1.678880607203895892e+01 -6.701444901311697677e+00 8.690502873462444100e+00 6.302395275117973483e+00 0.000000000000000000e+00 1.978125963130824161e+01 2.683885363563087623e+01 2.421483747890458460e+01 2.417633606572417904e+01 0.000000000000000000e+00
7.921588992771429361e+00 2.474517942898314615e+00 1.043781748996837955e+01 5.974029197533068825e+00 0.000000000000000000e+00 8.899243054295201460e+00 0.000000000000000000e+00 4.081216808807864860e-01 4.962032025549708791e+00 0.000000000000000000e+00 0.000000000000000000e+00 0.000000000000000000e+00 0.000000000000000000e+00 0.000000000000000000e+00 0.000000000000000000e+00 0.000000000000000000e+00 6.128154372584427634e+00 0.000000000000000000e+00 0.000000000000000000e+00 0.000000000000000000e+00 4.005677163691179210e+00 1.028255901763658997e+01 6.399421212578547014e+00 8.179875249738781662e+00 0.000000000000000000e+00
0.000000000000000000e+00 0.000000000000000000e+00 0.000000000000000000e+00 0.000000000000000000e+00 0.000000000000000000e+00 -8.292176523647646347e-01 0.000000000000000000e+00 0.000000000000000000e+00 8.542522616350739284e+00 0.000000000000000000e+00 0.000000000000000000e+00 0.000000000000000000e+00 0.000000000000000000e+00 0.000000000000000000e+00 0.000000000000000000e+00 -1.853927454820901932e+00 8.812609714014600470e+00 0.000000000000000000e+00 0.000000000000000000e+00 0.000000000000000000e+00 0.000000000000000000e+00 0.000000000000000000e+00 0.000000000000000000e+00 0.000000000000000000e+00 0.000000000000000000e+00
0.000000000000000000e+00 0.000000000000000000e+00 0.000000000000000000e+00 0.000000000000000000e+00 0.000000000000000000e+00 -1.777299345264530928e+01 2.558964046450846741e+00 0.000000000000000000e+00 0.000000000000000000e+00 0.000000000000000000e+00 1.643219210026079846e+00 -1.134749749141385156e+00 0.000000000000000000e+00 0.000000000000000000e+00 0.000000000000000000e+00 4.856100040447497990e-01 1.427541814621748451e+00 0.000000000000000000e+00 0.000000000000000000e+00 0.000000000000000000e+00 -3.282134119956309215e-01 -2.067595719479928817e+00 0.000000000000000000e+00 0.000000000000000000e+00 0.000000000000000000e+00
0.000000000000000000e+00 0.000000000000000000e+00 0.000000000000000000e+00 0.000000000000000000e+00 0.000000000000000000e+00 1.316464450346598802e+01 -1.967670616909491521e-01 0.000000000000000000e+00 0.000000000000000000e+00 0.000000000000000000e+00 -5.095087578163838948e+00 -3.958548226642597978e+00 0.000000000000000000e+00 0.000000000000000000e+00 0.000000000000000000e+00 2.193162096041270992e+00 0.000000000000000000e+00 2.355216668140206693e+00 0.000000000000000000e+00 0.000000000000000000e+00 1.207415567275967661e+00 0.000000000000000000e+00 -1.852328411156262677e-01 0.000000000000000000e+00 0.000000000000000000e+00
0.000000000000000000e+00 0.000000000000000000e+00 0.000000000000000000e+00 0.000000000000000000e+00 0.000000000000000000e+00 -1.894587566042811977e+00 6.891015269750400130e+00 -2.956241251582998775e+00 0.000000000000000000e+00 0.000000000000000000e+00 2.303019673955922109e+00 4.094531486960276467e+00 -3.584838029404513016e+00 0.000000000000000000e+00 0.000000000000000000e+00 -3.391163198689307379e+00 -2.714888670528676329e+00 0.000000000000000000e+00 0.000000000000000000e+00 0.000000000000000000e+00 -1.792135047473383924e+00 -4.337611692587969969e+00 6.039968113023748586e+00 0.000000000000000000e+00 0.000000000000000000e+00
0.000000000000000000e+00 0.000000000000000000e+00 0.000000000000000000e+00 0.000000000000000000e+00 0.000000000000000000e+00 4.057877388633808202e+00 -1.315233629812667115e-01 2.253761158303976497e+00 0.000000000000000000e+00 0.000000000000000000e+00 -9.018373144504152616e-01 -1.924254181036986644e+00 4.268741309139518769e+00 0.000000000000000000e+00 0.000000000000000000e+00 3.905722880531524499e+00 2.992139610919006820e-01 0.000000000000000000e+00 0.000000000000000000e+00 0.000000000000000000e+00 5.338471368905624459e+00 1.404682802275412534e+00 0.000000000000000000e+00 0.000000000000000000e+00 0.000000000000000000e+00
0.000000000000000000e+00 0.000000000000000000e+00 0.000000000000000000e+00 0.000000000000000000e+00 0.000000000000000000e+00 0.000000000000000000e+00 4.020272479390065712e+00 0.000000000000000000e+00 0.000000000000000000e+00 0.000000000000000000e+00 2.829165934585962106e-01 -7.730897369447609968e+00 0.000000000000000000e+00 0.000000000000000000e+00 0.000000000000000000e+00 4.115192794903289375e+00 1.089494341908423980e+00 -3.114756121349600004e-01 -3.429921922530932754e+00 0.000000000000000000e+00 1.610347993815639978e+00 0.000000000000000000e+00 0.000000000000000000e+00 0.000000000000000000e+00 0.000000000000000000e+00
0.000000000000000000e+00 0.000000000000000000e+00 0.000000000000000000e+00 0.000000000000000000e+00 0.000000000000000000e+00 0.000000000000000000e+00 2.113788908635270136e-01 0.000000000000000000e+00 -2.187298625309556321e+00 0.000000000000000000e+00 -1.501375912562825654e-01 1.234109557846842442e+01 -1.903300960916681106e+00 0.000000000000000000e+00 0.000000000000000000e+00 0.000000000000000000e+00 -5.424777965728501128e-01 5.056355496997400500e+00 7.158428343353537393e+00 0.000000000000000000e+00 -4.826546674550626470e+00 0.000000000000000000e+00 -9.436517084955237777e+00 -1.019915530529635639e+01 0.000000000000000000e+00
0.000000000000000000e+00 0.000000000000000000e+00 0.000000000000000000e+00 0.000000000000000000e+00 0.000000000000000000e+00 -4.214974451993815374e-01 0.000000000000000000e+00 -3.302960996057349718e-01 1.715292221367042913e+01 0.000000000000000000e+00 7.281186596114192611e+00 5.840929897998966780e+00 1.927227167135980324e+01 -4.947703719932285971e+00 0.000000000000000000e+00 4.206724577610537197e-01 1.381156469825035771e+01 2.264950665094831894e+00 3.226461468100238594e+00 0.000000000000000000e+00 1.671775092721095390e+01 -4.419355410919226124e+00 1.211192472226238159e+01 1.199204037897942321e+01 0.000000000000000000e+00
0.000000000000000000e+00 0.000000000000000000e+00 0.000000000000000000e+00 0.000000000000000000e+00 0.000000000000000000e+00 4.545797864735337868e+00 0.000000000000000000e+00 5.558671080130395126e+00 6.302015898827366680e-01 0.000000000000000000e+00 8.238621897363249680e-01 0.000000000000000000e+00 2.500914332036390242e+00 1.021857567335772643e+01 0.000000000000000000e+00 4.635874839375446754e+00 7.748235055338993371e-01 0.000000000000000000e+00 0.000000000000000000e+00 0.000000000000000000e+00 2.139212000998407248e+00 -1.063696930134547003e+01 0.000000000000000000e+00 0.000000000000000000e+00 0.000000000000000000e+00
0.000000000000000000e+00 0.000000000000000000e+00 0.000000000000000000e+00 0.000000000000000000e+00 0.000000000000000000e+00 6.529742148418007375e-01 0.000000000000000000e+00 2.027484725282580502e+00 0.000000000000000000e+00 0.000000000000000000e+00 0.000000000000000000e+00 -3.595566641157155630e+00 0.000000000000000000e+00 0.000000000000000000e+00 0.000000000000000000e+00 4.268834655304358350e+00 0.000000000000000000e+00 9.429556650854471478e-01 0.000000000000000000e+00 0.000000000000000000e+00 -3.493280754488792272e-01 1.028960578218058863e+01 -2.184193062094441196e+00 0.000000000000000000e+00 0.000000000000000000e+00
0.000000000000000000e+00 0.000000000000000000e+00 0.000000000000000000e+00 0.000000000000000000e+00 0.000000000000000000e+00 0.000000000000000000e+00 0.000000000000000000e+00 0.000000000000000000e+00 0.000000000000000000e+00 0.000000000000000000e+00 -5.350464696490545791e+00 -2.464023145044721419e-01 0.000000000000000000e+00 -2.645893061774249322e-01 0.000000000000000000e+00 0.000000000000000000e+00 -2.575852258031050113e+00 -1.465434974255510614e+00 0.000000000000000000e+00 0.000000000000000000e+00 -1.129930182162419028e+00 3.653742484613750729e+00 -4.635052159614097000e+00 -6.775105120820025917e+00 0.000000000000000000e+00
0.000000000000000000e+00 0.000000000000000000e+00 0.000000000000000000e+00 0.000000000000000000e+00 0.000000000000000000e+00 0.000000000000000000e+00 0.000000000000000000e+00 0.000000000000000000e+00 0.000000000000000000e+00 0.000000000000000000e+00 5.129855433552549471e+00 0.000000000000000000e+00 -5.512894885098901021e+00 2.109818770046419267e+00 0.000000000000000000e+00 1.921193490818931204e+00 3.133729744891989855e-01 5.732973329907601112e+00 2.038601505533338631e+00 0.000000000000000000e+00 -4.859731485538498319e+00 -4.924264446619130986e+00 4.927012231183201862e+00 2.530281447212225476e+00 0.000000000000000000e+00
0.000000000000000000e+00 0.000000000000000000e+00 0.000000000000000000e+00 0.000000000000000000e+00 0.000000000000000000e+00 0.000000000000000000e+00 0.000000000000000000e+00 0.000000000000000000e+00 0.000000000000000000e+00 0.000000000000000000e+00 0.000000000000000000e+00 0.000000000000000000e+00 1.140513696850625480e-01 0.000000000000000000e+00 0.000000000000000000e+00 -5.571222845521067724e-01 1.000819376964349194e+00 -1.767750192098739848e-01 -4.694911592003854217e-01 0.000000000000000000e+00 5.981151420882364622e-01 1.410409417908643936e+00 -3.031315275713097335e-01 -3.700847028200317523e-01 0.000000000000000000e+00
0.000000000000000000e+00 0.000000000000000000e+00 0.000000000000000000e+00 0.000000000000000000e+00 0.000000000000000000e+00 0.000000000000000000e+00 0.000000000000000000e+00 0.000000000000000000e+00 0.000000000000000000e+00 0.000000000000000000e+00 0.000000000000000000e+00 0.000000000000000000e+00 0.000000000000000000e+00 0.000000000000000000e+00 0.000000000000000000e+00 1.979004743536887378e-01 0.000000000000000000e+00 1.124446763889051182e+00 2.815791638197224223e-01 0.000000000000000000e+00 2.550985549217816284e-01 1.759327932738206979e+00 1.263698163922899464e+00 1.179489463546492950e-01 0.000000000000000000e+00
0.000000000000000000e+00 0.000000000000000000e+00 0.000000000000000000e+00 0.000000000000000000e+00 0.000000000000000000e+00 0.000000000000000000e+00 0.000000000000000000e+00 -1.346320478366010676e+01 0.000000000000000000e+00 0.000000000000000000e+00 -1.229866881646437982e+00 -7.482516849165940620e+00 -8.226151088646909137e-01 0.000000000000000000e+00 0.000000000000000000e+00 0.000000000000000000e+00 0.000000000000000000e+00 -7.231179388044093770e+00 0.000000000000000000e+00 0.000000000000000000e+00 0.000000000000000000e+00 0.000000000000000000e+00 1.318462196024721589e+00 0.000000000000000000e+00 0.000000000000000000e+00
0.000000000000000000e+00 0.000000000000000000e+00 0.000000000000000000e+00 0.000000000000000000e+00 0.000000000000000000e+00 -8.198492095488104425e+00 -3.145869796828884901e+00 1.344174971134003549e+01 -5.033868426240222238e-01 -7.902475101912386890e+00 -1.460439211112112901e+01 -3.937529976449602453e-01 -2.260467883469531358e+01 0.000000000000000000e+00 -5.744297080086430363e+00 -6.608801992794961500e+00 -5.798261319870955610e+00 2.646074131665428375e+00 -6.514124726632374518e+00 -1.171402367757342944e+01 -6.643075172458376088e+00 0.000000000000000000e+00 0.000000000000000000e+00 -7.475152689532494676e+00 -1.111305831523359444e+01
