# yaw
0.000000000000000000e+00 0.000000000000000000e+00 0.000000000000000000e+00 0.000000000000000000e+00 0.000000000000000000e+00 1.411584673939110779e+01 -2.286467181313669883e+01 0.000000000000000000e+00 0.000000000000000000e+00 6.407888224543852651e+00 3.000000000000000000e+01 3.000000000000000000e+01 1.418726159668276487e+01 3.000000000000000000e+01 3.000000000000000000e+01 3.000000000000000000e+01 4.369714424766438121e+00 9.494126009322503279e+00 1.408779433164454176e+01 3.000000000000000000e+01 3.000000000000000000e+01 3.000000000000000000e+01 -1.923473464959600321e+01 5.003370736597338109e+00 3.000000000000000000e+01
0.000000000000000000e+00 0.000000000000000000e+00 0.000000000000000000e+00 0.000000000000000000e+00 0.000000000000000000e+00 1.929558952642170055e+01 -2.256005268354951809e+01 0.000000000000000000e+00 0.000000000000000000e+00 2.307068773659782934e+01 2.142531068601491029e+01 1.930850705077920892e+01 -4.634201061742073691e+00 2.089145593655020150e+01 3.000000000000000000e+01 2.042642078511584103e+01 -1.709209506429881387e+01 9.655562302980016387e-01 -5.464627229546253240e+00 3.000000000000000000e+01 1.616804466195030443e+01 8.799169780362390725e+00 1.323482366724145898e+01 -1.617163863642748112e+01 3.000000000000000000e+01
0.000000000000000000e+00 0.000000000000000000e+00 0.000000000000000000e+00 0.000000000000000000e+00 0.000000000000000000e+00 1.056198296371064060e+01 3.000000000000000000e+01 0.000000000000000000e+00 6.526024196058264337e-01 1.831957469579740660e+01 7.398792245418558622e+00 2.779927893409760653e+00 -1.683986118360272854e+01 1.045335694967468854e+01 2.062457835397259132e+01 1.234483724856606912e+01 -3.000000000000000000e+01 -1.379924809571457089e+01 1.837791281370461149e+01 2.779808292515069468e+01 4.845164724004352053e+00 -2.315805405369037828e+01 3.000000000000000000e+01 9.595393586784878082e+00 3.000000000000000000e+01
0.000000000000000000e+00 0.000000000000000000e+00 0.000000000000000000e+00 0.000000000000000000e+00 0.000000000000000000e+00 1.204323474303329711e+01 2.430706233146993256e+01 0.000000000000000000e+00 -1.243502951272703605e+01 1.513260876751118644e+01 5.165132284580471050e-02 -1.098768974749072136e+01 -3.000000000000000000e+01 1.849589076280290512e-01 1.679949462949167938e+01 3.553778813527805447e+00 -3.000000000000000000e+01 -1.439306913712284475e+00 -1.068153791154456123e+01 3.000000000000000000e+01 0.000000000000000000e+00 -2.210003216699486472e+01 1.003865167722323015e+01 1.103364171369400104e+01 2.757134509620992091e+01
0.000000000000000000e+00 0.000000000000000000e+00 0.000000000000000000e+00 0.000000000000000000e+00 0.000000000000000000e+00 2.159744363759403818e+00 1.687465988158263386e+01 0.000000000000000000e+00 -2.059783085557769056e+01 7.577215412465253763e+00 0.000000000000000000e+00 -2.853720927917031958e+01 3.000000000000000000e+01 -1.127509229748733866e+01 1.083952493747759860e+01 6.147389698400385072e+00 3.000000000000000000e+01 -2.093468382630546287e+01 -2.632620493206829693e+01 2.380021290529792566e+01 0.000000000000000000e+00 -6.211637933166377579e+00 -1.352437075054529636e+01 4.480084137023517599e+00 5.989505122383261160e+00
0.000000000000000000e+00 0.000000000000000000e+00 0.000000000000000000e+00 0.000000000000000000e+00 0.000000000000000000e+00 1.078368924052039157e-01 6.574068818008672821e+00 0.000000000000000000e+00 1.389989880053213334e+01 1.628078021732413116e+00 0.000000000000000000e+00 3.000000000000000000e+01 3.000000000000000000e+01 -2.490608872507006311e+01 2.660829654568173108e+00 2.358220352870453063e+00 2.773931560032197652e+01 2.069138614041510138e+01 3.000000000000000000e+01 1.737993336974212211e+00 0.000000000000000000e+00 2.710418686560032953e+01 -3.580882258541671082e+00 -7.853237453224674702e+00 1.372299858629106595e+01
0.000000000000000000e+00 0.000000000000000000e+00 0.000000000000000000e+00 0.000000000000000000e+00 0.000000000000000000e+00 0.000000000000000000e+00 8.642943881217018953e-02 0.000000000000000000e+00 4.463911443602665230e+00 0.000000000000000000e+00 0.000000000000000000e+00 2.626496578495292766e+01 2.548515198270033011e+01 2.242893174732595085e+01 -7.203585249368660293e-02 0.000000000000000000e+00 2.623882570562262373e+01 3.698938343657061090e-01 2.196066472216954324e+01 1.733946477034043809e+01 0.000000000000000000e+00 1.781670534338829626e+01 -1.321917207680722939e+01 -1.996621523193633863e+01 -1.250325980843320828e+01
0.000000000000000000e+00 0.000000000000000000e+00 0.000000000000000000e+00 0.000000000000000000e+00 0.000000000000000000e+00 0.000000000000000000e+00 -1.328025857623295281e+01 0.000000000000000000e+00 -1.853833213180751471e+01 0.000000000000000000e+00 0.000000000000000000e+00 2.297807768184291888e+01 1.667841276053020394e+01 -2.252204623542714401e+01 -1.568491996019607448e+01 0.000000000000000000e+00 2.285980933155736139e+01 5.856871047583404710e+00 -5.200521924291480858e+00 -5.442730691263755638e+00 0.000000000000000000e+00 1.103365330128669619e+01 2.253099501422129691e+01 1.128962398071189455e+01 -6.423836724223090044e+00
0.000000000000000000e+00 0.000000000000000000e+00 0.000000000000000000e+00 0.000000000000000000e+00 0.000000000000000000e+00 0.000000000000000000e+00 -2.035321386265389165e+01 0.000000000000000000e+00 2.043388268300662958e+01 0.000000000000000000e+00 0.000000000000000000e+00 5.458875185778678585e+00 -9.515547862723154893e+00 1.809624124293585368e+01 -2.024527460089496600e+01 0.000000000000000000e+00 7.112695990824905223e+00 -1.112933873303369303e+01 -6.824438986444492983e+00 3.926550968940056840e+00 0.000000000000000000e+00 7.010756259834499460e+00 1.001943155699027699e+01 -1.005898334437569552e+01 6.569839410850924821e+00
0.000000000000000000e+00 0.000000000000000000e+00 0.000000000000000000e+00 0.000000000000000000e+00 0.000000000000000000e+00 0.000000000000000000e+00 2.599662423048660287e+01 0.000000000000000000e+00 -5.309512567105491243e+00 -3.767920844726662527e-02 0.000000000000000000e+00 0.000000000000000000e+00 2.744693961740641441e+01 1.619993150871217580e+01 1.954163621691487052e+01 0.000000000000000000e+00 0.000000000000000000e+00 -2.208144749822833219e+01 -1.521070218720496570e+01 1.854205314326383558e+01 0.000000000000000000e+00 6.411623073923772287e-01 2.661776775187204791e+01 -1.474479051511303140e+01 2.750643911445951773e+01
0.000000000000000000e+00 0.000000000000000000e+00 0.000000000000000000e+00 0.000000000000000000e+00 0.000000000000000000e+00 0.000000000000000000e+00 9.983867353572023262e+00 0.000000000000000000e+00 2.229227317056292179e+01 -9.045215129439997170e+00 0.000000000000000000e+00 0.000000000000000000e+00 -4.271836729496702567e+00 -2.555456170370342228e+00 -6.061464131119008947e+00 0.000000000000000000e+00 0.000000000000000000e+00 1.420940339555429155e+01 -1.712930622133572811e+01 -1.919157588896494460e+00 0.000000000000000000e+00 0.000000000000000000e+00 6.088037331120817797e+00 2.577744286563756759e+01 1.327314415137049686e+01
0.000000000000000000e+00 0.000000000000000000e+00 0.000000000000000000e+00 0.000000000000000000e+00 0.000000000000000000e+00 0.000000000000000000e+00 -2.134488611082167253e+01 0.000000000000000000e+00 1.895350183538835331e+00 -1.822268922802800262e+01 0.000000000000000000e+00 -4.379012721677460335e-02 1.836347769023478804e+01 9.908476193967423740e+00 1.746416362342904449e+01 0.000000000000000000e+00 0.000000000000000000e+00 -9.309059101575604345e+00 2.525553450219208429e+01 -1.678447607850121415e+01 0.000000000000000000e+00 0.000000000000000000e+00 1.634459748686836633e+01 1.575031436582631272e+01 -1.010388891023324831e+01
0.000000000000000000e+00 0.000000000000000000e+00 0.000000000000000000e+00 -1.079619643675746410e+01 0.000000000000000000e+00 0.000000000000000000e+00 3.000000000000000000e+01 0.000000000000000000e+00 -1.780695513654429263e+01 -2.569027930942008808e+01 0.000000000000000000e+00 -2.198136325039990346e+00 1.188890646314524702e+01 1.551941555836438669e+00 2.310966084417524158e+01 0.000000000000000000e+00 0.000000000000000000e+00 9.877659800157898573e+00 1.476991972232877970e+01 1.049067162158226552e+01 0.000000000000000000e+00 -1.055836556028333373e+00 4.676158474305807999e+00 2.892039790242754371e+00 -1.351080209135672661e+01
0.000000000000000000e+00 -2.158704548313052474e+00 -1.819301627012069877e-01 -6.908539042526460783e+00 0.000000000000000000e+00 0.000000000000000000e+00 2.236145297489351336e+01 -3.196882363721601727e+00 2.405773128245721892e+01 3.000000000000000000e+01 0.000000000000000000e+00 -1.071323380967427497e+01 0.000000000000000000e+00 5.867057761689384421e+00 2.145555818578914042e+01 0.000000000000000000e+00 0.000000000000000000e+00 4.322955170383727008e+00 -9.792240677907859236e+00 -1.006032776902659265e+01 0.000000000000000000e+00 -4.847113419151425795e+00 -1.617280889915015152e+01 1.824829295590986789e+01 -2.336055910891207787e+01
0.000000000000000000e+00 -4.324310311922843653e+00 -9.075899460209086556e+00 -7.139900983878820107e+00 0.000000000000000000e+00 0.000000000000000000e+00 1.420552080839793119e-01 -1.108827716510041839e+01 1.904383605966769366e+01 2.635884797834332005e+01 0.000000000000000000e+00 -9.613926163467413133e+00 -2.517755228622371444e-01 -7.348220388424616445e+00 1.616463774047361568e+01 0.000000000000000000e+00 0.000000000000000000e+00 -8.931764877622583754e+00 1.918391051698383265e+01 1.242704679378810440e+01 0.000000000000000000e+00 -8.590084979783146224e+00 -2.611693203839617183e+01 3.754203175461817699e-01 -3.000000000000000000e+01
0.000000000000000000e+00 -1.258740077942250046e+01 -1.255168292331974378e+01 -1.744581581679830862e+01 -6.039273416530326344e+00 0.000000000000000000e+00 -1.710230855574846487e+01 -1.291318434704576923e+01 6.094805141361136158e+00 1.554857167921765893e+01 0.000000000000000000e+00 -1.102305112225039352e+01 -1.525128061033312044e+01 -1.322179653538147903e+01 -1.426433906968732579e+01 0.000000000000000000e+00 0.000000000000000000e+00 -2.003715646686677943e+01 3.300442053865209058e-01 -1.030576900319990941e+01 0.000000000000000000e+00 -1.324924503367845574e+01 1.539162526233157458e+01 -1.496505407980978575e+01 3.000000000000000000e+01
0.000000000000000000e+00 -1.572526820249079371e+01 -2.234715685694355969e+01 -2.085922182206839182e+01 -1.427814270854138279e+01 0.000000000000000000e+00 -2.589045541623578828e+01 -2.309931854465166623e+01 0.000000000000000000e+00 1.441629960181314729e+01 0.000000000000000000e+00 2.682176112540272772e+00 -2.122851998857458966e+01 2.239683322448042802e+01 2.499674050673909775e+01 0.000000000000000000e+00 0.000000000000000000e+00 -2.523932200365508649e+01 -9.156398239097349290e+00 1.217995183688755034e+01 0.000000000000000000e+00 -1.841924315295769077e+01 -2.524069199185390744e+01 -1.060780289740790039e+01 3.000000000000000000e+01
0.000000000000000000e+00 -1.829232684207845949e+01 -3.000000000000000000e+01 -2.991826243998299972e+01 -2.108235319653548245e+01 0.000000000000000000e+00 2.086209660765289797e+01 -3.000000000000000000e+01 -1.340496276878278659e+00 -2.046335588162302876e+00 0.000000000000000000e+00 1.594056889603539773e+01 3.000000000000000000e+01 -1.758349533699615108e+00 1.168867286536467276e+01 0.000000000000000000e+00 0.000000000000000000e+00 -3.000000000000000000e+01 3.000000000000000000e+01 -1.412862554101661505e+00 0.000000000000000000e+00 -2.652292543204934105e+01 -2.895803526705320508e+01 -2.525979806651612591e+01 -2.553251331033006366e+01
0.000000000000000000e+00 6.559681352599787019e+00 3.000000000000000000e+01 3.000000000000000000e+01 3.000000000000000000e+01 0.000000000000000000e+00 2.933131853194063332e+00 3.000000000000000000e+01 -2.285998700042357257e+01 -1.347303389170514265e+01 0.000000000000000000e+00 8.543217895301015830e+00 2.234099481696320666e+01 1.970071350109326147e+01 0.000000000000000000e+00 0.000000000000000000e+00 0.000000000000000000e+00 3.000000000000000000e+01 1.243260475121535436e+01 -1.814769510937402330e+01 0.000000000000000000e+00 2.397433970944995707e+01 3.000000000000000000e+01 3.000000000000000000e+01 3.000000000000000000e+01
0.000000000000000000e+00 1.287399278715438022e+01 3.000000000000000000e+01 3.000000000000000000e+01 2.073263065744857769e+01 0.000000000000000000e+00 0.000000000000000000e+00 3.000000000000000000e+01 7.874266201103472973e+00 8.325072543903903721e+00 0.000000000000000000e+00 9.789330548407463084e+00 -5.110906063570658020e+00 2.381620633350208793e-01 -1.106134972129162009e+01 0.000000000000000000e+00 0.000000000000000000e+00 3.000000000000000000e+01 -7.769273555310192592e+00 -1.192858725024013855e-01 0.000000000000000000e+00 1.431529495189544932e+01 2.623964402637578175e+01 2.116965449358244911e+01 2.565708109968169737e+01
0.000000000000000000e+00 1.494457361953011798e+01 2.413860870361463640e+01 3.000000000000000000e+01 1.335836968538613512e+01 0.000000000000000000e+00 0.000000000000000000e+00 2.835699761957912557e+01 3.000000000000000000e+01 8.100901463391695145e+00 0.000000000000000000e+00 9.236675141009291323e+00 -1.923526448956099699e+01 -7.283643061628209736e+00 2.381782028946657448e+01 0.000000000000000000e+00 0.000000000000000000e+00 1.694141469034107317e+01 -3.000000000000000000e+01 -2.179491046039101931e+01 0.000000000000000000e+00 6.974367327395633254e+00 2.093010011938335069e+01 1.349871599679318912e+01 1.889375066286061866e+01
0.000000000000000000e+00 1.075996891204986383e+01 2.723751890999692549e+01 2.166259514186873147e+01 -1.976863929320507651e+01 0.000000000000000000e+00 0.000000000000000000e+00 3.000000000000000000e+01 1.842164913308506868e+01 -1.133682050290499888e+01 0.000000000000000000e+00 7.294196319355350511e-01 2.433267153398846361e+01 9.597532895541238673e+00 -3.000000000000000000e+01 0.000000000000000000e+00 0.000000000000000000e+00 1.877884120860257156e+01 3.000000000000000000e+01 3.000000000000000000e+01 0.000000000000000000e+00 7.560882165268327348e+00 1.481450732933273073e+01 2.449519164693865769e-01 2.252964711955571175e+01
0.000000000000000000e+00 7.242402844294108633e+00 -3.584308861462459639e-02 1.412876199347178741e+01 -9.039294702020121974e+00 0.000000000000000000e+00 -7.041254213345921720e+00 1.432836957088631102e+01 -5.131107281907713036e-01 1.958542345905455173e+00 0.000000000000000000e+00 -1.415527563554861601e+01 1.080004880525467925e+01 -1.391883601697980488e+01 -1.222789436890194636e+01 0.000000000000000000e+00 0.000000000000000000e+00 3.478182690696357326e+00 -5.074019034438531861e+00 5.170236703712211224e+00 0.000000000000000000e+00 2.132633388011953901e+00 2.899539435504735252e+00 0.000000000000000000e+00 4.777684273483473021e+00
0.000000000000000000e+00 0.000000000000000000e+00 0.000000000000000000e+00 0.000000000000000000e+00 0.000000000000000000e+00 0.000000000000000000e+00 0.000000000000000000e+00 0.000000000000000000e+00 0.000000000000000000e+00 0.000000000000000000e+00 0.000000000000000000e+00 0.000000000000000000e+00 0.000000000000000000e+00 0.000000000000000000e+00 0.000000000000000000e+00 0.000000000000000000e+00 0.000000000000000000e+00 0.000000000000000000e+00 0.000000000000000000e+00 0.000000000000000000e+00 0.000000000000000000e+00 0.000000000000000000e+00 0.000000000000000000e+00 0.000000000000000000e+00 0.000000000000000000e+00
0.000000000000000000e+00 0.000000000000000000e+00 0.000000000000000000e+00 0.000000000000000000e+00 0.000000000000000000e+00 0.000000000000000000e+00 0.000000000000000000e+00 0.000000000000000000e+00 0.000000000000000000e+00 0.000000000000000000e+00 0.000000000000000000e+00 0.000000000000000000e+00 0.000000000000000000e+00 0.000000000000000000e+00 0.000000000000000000e+00 0.000000000000000000e+00 0.000000000000000000e+00 0.000000000000000000e+00 0.000000000000000000e+00 0.000000000000000000e+00 0.000000000000000000e+00 0.000000000000000000e+00 0.000000000000000000e+00 0.000000000000000000e+00 0.000000000000000000e+00
0.000000000000000000e+00 0.000000000000000000e+00 0.000000000000000000e+00 0.000000000000000000e+00 0.000000000000000000e+00 0.000000000000000000e+00 0.000000000000000000e+00 0.000000000000000000e+00 0.000000000000000000e+00 0.000000000000000000e+00 0.000000000000000000e+00 0.000000000000000000e+00 0.000000000000000000e+00 0.000000000000000000e+00 0.000000000000000000e+00 0.000000000000000000e+00 0.000000000000000000e+00 0.000000000000000000e+00 0.000000000000000000e+00 0.000000000000000000e+00 0.000000000000000000e+00 0.000000000000000000e+00 0.000000000000000000e+00 0.000000000000000000e+00 0.000000000000000000e+00
0.000000000000000000e+00 -2.567470274740450975e+01 0.000000000000000000e+00 -1.837569172162706721e+01 -1.491435325783924704e+01 0.000000000000000000e+00 -7.637561151573658336e+00 -7.399565015070580287e+00 2.321651735570937802e+01 3.179818584189653130e+00 0.000000000000000000e+00 3.000000000000000000e+01 -2.092817702283186776e+01 1.601132687677024435e+01 2.988115820085432262e+01 0.000000000000000000e+00 -2.529648797036690411e+01 0.000000000000000000e+00 -3.000000000000000000e+01 3.000000000000000000e+01 0.000000000000000000e+00 0.000000000000000000e+00 0.000000000000000000e+00 0.000000000000000000e+00 0.000000000000000000e+00
0.000000000000000000e+00 2.960824256272220012e+01 -8.256664519826687254e+00 1.460730984023051526e+01 2.295000890165027840e+01 0.000000000000000000e+00 -2.292292054812269697e+01 -5.187602414506242710e+00 -1.628029020945623273e+01 1.874227904182721360e+01 0.000000000000000000e+00 2.594323646564225427e+01 2.646186498753082716e+01 9.215084365401985167e+00 3.000000000000000000e+01 0.000000000000000000e+00 -2.003150304078295818e+01 0.000000000000000000e+00 3.000000000000000000e+01 2.670490954718488297e+01 0.000000000000000000e+00 0.000000000000000000e+00 0.000000000000000000e+00 0.000000000000000000e+00 0.000000000000000000e+00
0.000000000000000000e+00 2.513369821456694453e+01 -2.365024763566266230e+01 3.586466588278426799e-03 1.666846457567607587e+01 0.000000000000000000e+00 2.684542457235539459e+01 -2.452195796149091933e+01 1.796644222609444697e+01 -6.862696290855502035e+00 0.000000000000000000e+00 1.733467384006323542e+01 1.096011312435937857e+00 1.113364594790771933e-01 3.000000000000000000e+01 0.000000000000000000e+00 -9.917453786267838467e+00 0.000000000000000000e+00 3.000000000000000000e+01 2.013513102471386063e+01 0.000000000000000000e+00 0.000000000000000000e+00 0.000000000000000000e+00 0.000000000000000000e+00 0.000000000000000000e+00
0.000000000000000000e+00 1.894777635300378549e+01 2.137919328436766619e+01 4.319836274757562933e+00 -2.623372400643030566e+00 0.000000000000000000e+00 1.974901771170394937e+01 3.000000000000000000e+01 -9.406228416395402192e+00 1.629290560701478796e+01 0.000000000000000000e+00 8.478174733802148921e+00 -2.884662396269227269e+00 -1.308821247588755554e+01 -2.491577667216899172e+01 0.000000000000000000e+00 3.000000000000000000e+01 0.000000000000000000e+00 1.906567161391106779e+01 9.729873409106254201e+00 0.000000000000000000e+00 0.000000000000000000e+00 0.000000000000000000e+00 0.000000000000000000e+00 0.000000000000000000e+00
-8.269834682365712064e-02 8.580561974311631701e+00 1.399687166018948936e+01 -9.215445449268585776e+00 6.725288295813735218e+00 0.000000000000000000e+00 -3.251319238809817325e+00 1.688900850436422019e+01 -2.905734781268120770e+01 -9.632988804260877558e+00 0.000000000000000000e+00 1.678898208310657947e-01 6.922358902936965208e+00 -2.101409227908620281e+01 2.316649473193450604e+01 0.000000000000000000e+00 2.286929420793089207e+01 0.000000000000000000e+00 1.170295201742346514e+01 -8.252431062626974789e-01 0.000000000000000000e+00 0.000000000000000000e+00 0.000000000000000000e+00 0.000000000000000000e+00 0.000000000000000000e+00
-7.067385402052287269e+00 -6.208024711172042132e+00 -1.048073493280337054e+01 3.581594692916588052e+00 -1.542091100279555782e+01 0.000000000000000000e+00 2.698899085383220964e+01 1.263013559352211779e+01 3.000000000000000000e+01 -1.249632873579076175e+01 -2.846441417595392487e+00 -3.757588404568806162e+00 2.762430290164722899e-02 2.363935400885166160e+01 3.888817170145151714e+00 0.000000000000000000e+00 2.190564276849058345e+01 0.000000000000000000e+00 7.954554647954256374e+00 -5.920114578651892501e+00 0.000000000000000000e+00 0.000000000000000000e+00 0.000000000000000000e+00 0.000000000000000000e+00 0.000000000000000000e+00
-1.278533828768577507e+01 -1.591543546088116656e+01 2.917971480931877082e+01 -1.057467904987855434e+01 -2.744106341040614794e+01 0.000000000000000000e+00 3.598799447094244819e+00 1.686592333568618685e+01 1.420115377518806810e+01 1.024121798951058704e+00 -1.207503481731482431e+01 -8.069716216329707592e+00 -6.725157222554336123e+00 3.917625842202411057e+00 -6.591354563878772943e+00 0.000000000000000000e+00 7.615349983109509502e+00 0.000000000000000000e+00 3.504088929069756109e+00 -1.026462327637802474e+01 0.000000000000000000e+00 0.000000000000000000e+00 0.000000000000000000e+00 0.000000000000000000e+00 0.000000000000000000e+00
-1.579628304757786239e+01 2.064479299894479780e+01 1.055131546309835677e+01 1.054271080039664632e+01 3.000000000000000000e+01 -3.537018516513755539e+00 1.405129727172992737e+01 8.101469831419170209e-01 4.027566450039476109e+00 -1.821783107915605271e+01 -8.505333176583334875e+00 1.014320228094119436e+01 -1.481024624966732084e+01 -1.604524930845849795e+01 -7.036466145772286573e+00 -1.141476172085720449e-02 5.858954312269054832e+00 0.000000000000000000e+00 0.000000000000000000e+00 -1.309847782243503467e+01 0.000000000000000000e+00 0.000000000000000000e+00 0.000000000000000000e+00 0.000000000000000000e+00 0.000000000000000000e+00
-1.713367787557242394e+01 1.521218776506526371e+00 -1.313039655168210551e+01 -5.744292504091545126e+00 3.000000000000000000e+01 -1.315607397138638568e+01 1.105999278279092002e-02 -1.358020218478541352e+01 -1.085674909725669401e+01 -1.732679096793148243e-01 -1.783549129123573351e+01 -3.654497323397585262e-01 1.447374115480820045e+01 -2.132139059521612978e+01 -1.648817081435059961e+01 -4.366886394716754438e+00 -4.148778300672452124e-01 0.000000000000000000e+00 0.000000000000000000e+00 -1.878426304176612049e+01 0.000000000000000000e+00 0.000000000000000000e+00 0.000000000000000000e+00 0.000000000000000000e+00 0.000000000000000000e+00
-2.429514395634475576e+01 -1.633051872198272036e+01 -1.651442788540655116e+01 1.412656073762606823e+00 -2.845559123383488043e+01 -2.159579808632384967e+01 -9.309574123653511890e+00 1.742384949352537049e+01 1.873288008712330566e+01 -2.200304777889716945e+01 -2.713047125521500291e+01 -2.552404344327965902e+01 4.276208191239054379e+00 -2.988400751147129952e+01 -2.166502442875470891e+01 -1.705367310101183520e+01 -5.258695917708409162e+00 0.000000000000000000e+00 0.000000000000000000e+00 -2.248151602479976319e+01 0.000000000000000000e+00 0.000000000000000000e+00 0.000000000000000000e+00 0.000000000000000000e+00 0.000000000000000000e+00
3.000000000000000000e+01 2.840820596487890271e+01 -2.301568088741993279e+01 9.615041112985355909e+00 3.000000000000000000e+01 3.000000000000000000e+01 2.161346793762819019e+01 1.442399201274026588e+01 6.423328332879051139e+00 3.000000000000000000e+01 3.000000000000000000e+01 2.403472033247986062e+01 -1.104297887932097488e+01 3.000000000000000000e+01 3.000000000000000000e+01 1.692374285891679975e+01 -7.032655689516484010e+00 0.000000000000000000e+00 0.000000000000000000e+00 2.159670088816188738e+01 0.000000000000000000e+00 0.000000000000000000e+00 0.000000000000000000e+00 0.000000000000000000e+00 0.000000000000000000e+00
3.000000000000000000e+01 1.773659564869827676e+01 3.000000000000000000e+01 -1.372245623193321507e+01 2.549368563439639246e+01 2.034072671499369278e+01 -9.897842585695231232e-01 -3.545733285923183598e+00 -2.624176534108169090e+00 1.998747046088698909e+01 2.708059989022432745e+01 6.015004430739480767e+00 -2.441071295100892158e+01 2.732054240716218274e+01 1.954636476400231970e+01 1.410307776778958910e+01 -2.005956972075824396e+01 0.000000000000000000e+00 0.000000000000000000e+00 1.765020062563027992e+01 0.000000000000000000e+00 0.000000000000000000e+00 0.000000000000000000e+00 0.000000000000000000e+00 0.000000000000000000e+00
1.807026710981548945e+01 -3.068055831311761850e+00 3.000000000000000000e+01 8.321152722295639848e+00 1.869306092406702646e+01 1.919417199343036984e+01 -2.241120954356657080e+01 6.878935704092786096e+00 -1.758593803564618341e+01 1.239268366419471867e+01 -1.265536878311664282e+01 0.000000000000000000e+00 1.845725185247039235e+01 1.860732073236343709e+01 1.176017192227651265e+01 2.561966190193636805e+00 -1.823032941343291569e+01 0.000000000000000000e+00 0.000000000000000000e+00 8.209765879494590024e+00 0.000000000000000000e+00 0.000000000000000000e+00 0.000000000000000000e+00 0.000000000000000000e+00 0.000000000000000000e+00
2.246458469290501725e+01 8.918851976723185970e+00 2.881255207492256787e+01 -9.459414642321195998e+00 1.320199310456075992e+01 2.083773556251011350e+00 3.000000000000000000e+01 6.737571552668309316e+00 3.000000000000000000e+01 1.003012412450385327e+01 3.000000000000000000e+01 -8.587244303533688949e+00 7.291411277226516052e-01 9.658567315872110370e+00 5.582317303247646273e-02 -8.114745837146911001e+00 -2.462402488377173526e+01 0.000000000000000000e+00 0.000000000000000000e+00 9.580367049858210748e+00 0.000000000000000000e+00 0.000000000000000000e+00 0.000000000000000000e+00 0.000000000000000000e+00 0.000000000000000000e+00
1.991291456979699248e+01 -4.479893365519079573e+00 2.092151269228546795e+01 -2.063666063502578041e+01 8.987724184825482965e+00 -9.931346200754951781e+00 3.000000000000000000e+01 3.138193773992570712e+00 -2.468402257982886283e+01 6.357318018946785720e+00 1.918259489535877194e+01 -2.385897034147577145e+01 -1.745762917394265656e+01 1.256171854929567511e+00 0.000000000000000000e+00 -2.001617680050160075e+01 1.768101931753627909e+01 0.000000000000000000e+00 0.000000000000000000e+00 3.961008633386801758e+00 0.000000000000000000e+00 0.000000000000000000e+00 0.000000000000000000e+00 0.000000000000000000e+00 0.000000000000000000e+00
1.335121562999024958e+00 1.086460476180247214e+00 1.443629367256810347e+01 2.129885361532057786e+01 2.352386590628511520e+00 -2.819830916297929946e+01 2.767642659571547270e+01 -8.748946643597028228e+00 8.669878305060464641e+00 1.784333631869297054e+00 5.879713320010551136e+00 1.750791330355536957e+01 -3.281964958896013140e+00 0.000000000000000000e+00 0.000000000000000000e+00 2.702834949662704034e+01 1.782317014422471502e+01 0.000000000000000000e+00 -4.089767624544860425e+00 5.801001832092657351e-02 0.000000000000000000e+00 0.000000000000000000e+00 0.000000000000000000e+00 0.000000000000000000e+00 0.000000000000000000e+00
1.139360014071719007e+01 -1.421097533239988842e+01 -4.169128770668323547e+00 5.943662438920807922e+00 0.000000000000000000e+00 2.707347012158793476e+01 1.140120425663314840e+01 -3.358449858331603366e+00 -1.684010935394388397e+01 0.000000000000000000e+00 -9.031649827622068472e+00 3.256232641030081698e+00 2.568614227276880513e+01 0.000000000000000000e+00 0.000000000000000000e+00 1.860105112646643732e+01 1.786082758578585938e+01 0.000000000000000000e+00 -7.078115000498333309e+00 0.000000000000000000e+00 0.000000000000000000e+00 0.000000000000000000e+00 0.000000000000000000e+00 0.000000000000000000e+00 0.000000000000000000e+00
-1.041066517675768388e+01 8.017187858437880621e+00 -1.043507088592809717e+00 -7.932608242550734268e+00 0.000000000000000000e+00 1.877553510030905315e+01 -8.811945713867611829e+00 -1.717708813931606215e+01 1.923937769155586963e+01 0.000000000000000000e+00 1.847425470834606287e+01 -5.438563564924769445e+00 1.226462294361653527e+01 0.000000000000000000e+00 0.000000000000000000e+00 1.075315296760456008e+01 1.480666879638572198e+01 0.000000000000000000e+00 -1.364214315100411490e+01 0.000000000000000000e+00 0.000000000000000000e+00 0.000000000000000000e+00 0.000000000000000000e+00 0.000000000000000000e+00 0.000000000000000000e+00
-9.062543579942706984e+00 -1.099863156269278619e+01 5.200737780639179242e+00 -8.793502248173572511e+00 0.000000000000000000e+00 6.845887245128065679e+00 5.700330007216443562e+00 1.442767812016328932e+01 1.892498754002458128e+01 0.000000000000000000e+00 -8.705883668347418336e-01 5.715538127209518926e+00 -4.470411898965641839e+00 0.000000000000000000e+00 0.000000000000000000e+00 -7.379122213527939067e+00 7.875767268335833293e+00 0.000000000000000000e+00 -1.813952226656425992e+01 0.000000000000000000e+00 0.000000000000000000e+00 0.000000000000000000e+00 0.000000000000000000e+00 0.000000000000000000e+00 0.000000000000000000e+00
2.079210681037499597e+01 2.154426110673545836e+01 -2.080590571491854490e+01 7.067112983571877116e+00 0.000000000000000000e+00 9.822244124489516892e+00 1.595052151268195750e+01 1.153529933381058026e+00 1.029908739309353471e+01 0.000000000000000000e+00 2.007302886787750751e+01 -3.723719582332621236e+00 2.611239856325994424e+01 0.000000000000000000e+00 0.000000000000000000e+00 2.659008040467575995e+01 1.049162350972040247e+00 0.000000000000000000e+00 -1.622227394712214021e+01 0.000000000000000000e+00 0.000000000000000000e+00 0.000000000000000000e+00 0.000000000000000000e+00 0.000000000000000000e+00 0.000000000000000000e+00
6.701444641149074677e+00 -3.434510914127407943e+00 2.065601087739024067e+01 -9.288087592727890751e+00 0.000000000000000000e+00 -9.281878540566946612e+00 -1.662774257082157758e+00 -6.851211597086042104e+00 2.566100397554837986e+00 0.000000000000000000e+00 5.893981279654552985e+00 2.059196324347216489e+01 3.307065247948619557e+00 0.000000000000000000e+00 0.000000000000000000e+00 1.302609216399260994e+01 -8.232618920675919938e+00 0.000000000000000000e+00 1.936101091493519988e+01 0.000000000000000000e+00 0.000000000000000000e+00 0.000000000000000000e+00 0.000000000000000000e+00 0.000000000000000000e+00 0.000000000000000000e+00
-1.728013804707686774e+01 5.741468660001087798e+00 1.458291555818406859e+00 -1.909337480484945004e+01 0.000000000000000000e+00 1.867723153867278540e+01 -1.662681338911561113e+01 7.746926685167101923e+00 0.000000000000000000e+00 0.000000000000000000e+00 -1.632749477546256500e+01 3.079386575259118075e+00 -1.628692735131861369e+01 0.000000000000000000e+00 0.000000000000000000e+00 2.547490516682263006e+00 -1.860983298785265205e+01 0.000000000000000000e+00 1.780511516898668845e+01 0.000000000000000000e+00 0.000000000000000000e+00 0.000000000000000000e+00 0.000000000000000000e+00 0.000000000000000000e+00 0.000000000000000000e+00
-2.559411730561085463e+01 5.451322385814648896e+00 -1.609799528833495330e+01 3.000000000000000000e+01 0.000000000000000000e+00 7.061288260324587895e+00 -2.347625125014709724e+01 -2.957299105871754374e+00 0.000000000000000000e+00 0.000000000000000000e+00 1.356161099197101194e+01 1.247600128119225271e+00 1.545863321331494689e+01 0.000000000000000000e+00 0.000000000000000000e+00 3.648232060698033408e+00 -9.560039048149848284e+00 -1.034108655605292248e-01 2.311869980393436208e+01 0.000000000000000000e+00 -1.430016613212099053e+00 0.000000000000000000e+00 0.000000000000000000e+00 0.000000000000000000e+00 0.000000000000000000e+00
1.372034392323817009e+01 -3.945997064395825760e+00 9.326577871335858916e+00 2.077584164737304562e+01 0.000000000000000000e+00 6.843756344298379091e+00 2.761816800783122972e+01 -1.716699312666499111e+01 0.000000000000000000e+00 0.000000000000000000e+00 -1.347703525842151961e+01 -1.661472058422641851e+01 2.375178838825665883e-02 0.000000000000000000e+00 0.000000000000000000e+00 -9.846465833728258232e+00 3.000000000000000000e+01 -8.870454931766447171e-01 -2.475587228370445558e+01 0.000000000000000000e+00 -8.255437022424949589e+00 -1.257604124118112121e-01 0.000000000000000000e+00 -3.650234819909985995e-01 0.000000000000000000e+00
-1.539219550602291342e+01 -3.973791728883191432e+00 -1.199475688055824563e+01 6.955434620945625923e+00 0.000000000000000000e+00 -5.977450720637138559e+00 1.273201017450967676e+01 -2.987035679516280240e+01 0.000000000000000000e+00 0.000000000000000000e+00 -2.406285450318211616e+01 4.853350237879368478e+00 -1.190674452391762550e+01 0.000000000000000000e+00 0.000000000000000000e+00 1.106100978303884474e+01 2.698111687191538621e+01 -3.485827973448953454e+00 2.862351776125411007e+01 0.000000000000000000e+00 -1.224162984196443915e+01 -1.159276271400710456e+01 -3.434141823771003632e-01 -1.432200868766522195e+00 0.000000000000000000e+00
-1.363262561436302533e+01 -1.387467016346969473e+01 -2.470373338666198038e+01 -3.952039632898221022e+00 0.000000000000000000e+00 -4.312426706906446583e+00 -1.454873054437515378e+01 -2.218977892988534428e+00 0.000000000000000000e+00 0.000000000000000000e+00 -1.774163383482889600e+01 -1.332898517970459551e+01 -1.928957498182071006e+01 0.000000000000000000e+00 0.000000000000000000e+00 -7.049355912858791484e+00 1.735209848965948964e+01 -1.003717493149972206e+01 1.705997691409832839e+01 0.000000000000000000e+00 -1.485094079988173910e+01 -1.874618836165427638e+01 -5.573514858322409005e+00 -6.592886844511081534e+00 0.000000000000000000e+00
-2.000609261828027385e+01 -2.748963525170817235e+01 -1.798771473392908860e+01 -1.377037572789303610e+01 0.000000000000000000e+00 1.687680887136403740e+00 2.667608163944905542e+01 -2.732275322473560664e+01 0.000000000000000000e+00 0.000000000000000000e+00 -2.802818834354142652e+01 -2.853993550224395293e+01 9.069418152469259198e+00 0.000000000000000000e+00 0.000000000000000000e+00 1.283238731799708887e+01 -2.477914862767000415e+01 -1.479689519830514222e+01 5.822129646881667675e+00 0.000000000000000000e+00 -1.419628024689118639e+01 -2.630018427459796371e+01 -1.670979053465079645e+01 -9.558978850108735159e+00 0.000000000000000000e+00
-2.898369286773096221e+01 -2.450843174812086289e+01 -2.785032835765762727e+01 -2.738869988113265919e+01 0.000000000000000000e+00 9.036462967401211799e+00 1.045164149393159470e+01 -3.000000000000000000e+01 0.000000000000000000e+00 0.000000000000000000e+00 3.000000000000000000e+01 1.383388820647336814e+01 3.141323830397217687e-02 0.000000000000000000e+00 0.000000000000000000e+00 -5.155668600619555342e+00 -7.977445995781124566e+00 -3.000000000000000000e+01 -8.937664139048093759e+00 0.000000000000000000e+00 -1.922499069059380261e+01 -3.000000000000000000e+01 -3.000000000000000000e+01 -1.086510776911344323e+01 0.000000000000000000e+00
3.000000000000000000e+01 3.000000000000000000e+01 3.000000000000000000e+01 2.610256566101806186e+01 0.000000000000000000e+00 1.891799919122180285e+01 -4.213870179690378137e+00 3.000000000000000000e+01 0.000000000000000000e+00 0.000000000000000000e+00 2.718328591737479982e+01 2.120338236378417562e+01 -9.740210598257007746e+00 0.000000000000000000e+00 0.000000000000000000e+00 1.772262687169911999e+01 2.186269663517927242e+01 3.000000000000000000e+01 -1.298413435511713665e+01 0.000000000000000000e+00 3.000000000000000000e+01 3.000000000000000000e+01 3.000000000000000000e+01 1.520441085807832948e+01 0.000000000000000000e+00
2.679912335875919993e+01 2.348861365516927080e+01 2.479742794780358395e+01 2.027066869582883157e+01 0.000000000000000000e+00 -1.107344842213954905e+00 2.005172854538968963e+01 3.000000000000000000e+01 0.000000000000000000e+00 0.000000000000000000e+00 2.558131755978160271e+01 6.938324063348805026e+00 -2.236724986541191029e+01 0.000000000000000000e+00 0.000000000000000000e+00 -9.828187617049709557e-01 7.281678183914606084e-01 2.473683324009768825e+01 -2.474330713417709759e+01 0.000000000000000000e+00 3.000000000000000000e+01 3.000000000000000000e+01 2.525907740976986915e+01 1.717604175402489730e+01 0.000000000000000000e+00
1.840570196253004198e+01 1.436443705868575726e+01 2.067699956363691172e+01 4.218896691294892420e+00 0.000000000000000000e+00 -1.281457294651669976e+01 1.091774331755171445e+01 2.272026998019333988e+01 -5.262741950547163983e-01 0.000000000000000000e+00 1.180132075149759352e+01 5.883124911704670446e+00 2.953632888569399739e+01 0.000000000000000000e+00 0.000000000000000000e+00 -1.165948171679140799e+01 -1.072173578216233025e+01 1.970089846635795894e+00 1.990623759457218256e+01 0.000000000000000000e+00 2.566673158295791524e+01 2.939179679339191154e+01 1.634367188432842255e+01 1.308837323983723877e+01 0.000000000000000000e+00
1.490302173332053215e+01 9.935492553018216100e+00 8.481234523520170043e+00 0.000000000000000000e+00 0.000000000000000000e+00 -2.851665888265732107e+01 -1.407066086020576101e+01 1.505178168146860962e+01 -2.256124732946990452e+00 0.000000000000000000e+00 -1.541036793527227777e+00 -7.939383224402495332e-01 3.000000000000000000e+01 0.000000000000000000e+00 0.000000000000000000e+00 5.989180066573519312e+00 1.332261334501598427e+01 3.000000000000000000e+01 1.229888724453198989e+01 0.000000000000000000e+00 1.253007673518645682e+01 1.541316796257452637e+01 7.446452466292892147e-01 8.817588664883814431e+00 0.000000000000000000e+00
8.102230828684700015e+00 3.824494723158100018e-01 5.351088605289683997e+00 0.000000000000000000e+00 0.000000000000000000e+00 2.608191118373128603e+01 2.388083069056492391e+01 1.554434760923883907e+01 -8.188622749059064176e+00 0.000000000000000000e+00 -5.992558489549446143e+00 1.188117289052041592e+01 2.243437713602954986e+01 0.000000000000000000e+00 0.000000000000000000e+00 -6.414794854489189291e+00 -6.658637497953274753e-01 1.740985548826554918e+01 1.952814455635231816e+00 0.000000000000000000e+00 1.559562567891254758e+01 -6.290954675952066255e-01 -1.745928931818155405e+01 4.643082620972014851e+00 0.000000000000000000e+00
1.356839255953619372e-01 0.000000000000000000e+00 9.811208863114098122e-01 0.000000000000000000e+00 0.000000000000000000e+00 4.327500641473841725e+00 -7.731335310197589017e-01 5.798016189217738869e+00 -1.874513944936606080e+01 0.000000000000000000e+00 -2.264587177660913397e+01 3.312222386270305741e+00 5.515467214354887737e+00 0.000000000000000000e+00 0.000000000000000000e+00 -2.232895110750273204e+01 -1.461480935936695325e+01 2.480053464524333506e+00 -5.202222747967845395e-02 0.000000000000000000e+00 1.067895047175542622e+00 1.475198709645197681e+01 9.596732111284307365e+00 -8.524444889088972133e+00 0.000000000000000000e+00
0.000000000000000000e+00 0.000000000000000000e+00 0.000000000000000000e+00 0.000000000000000000e+00 0.000000000000000000e+00 -1.422454352893991469e+01 -2.411393377268898419e+01 0.000000000000000000e+00 -2.195311748515742067e+01 0.000000000000000000e+00 -2.292695934438524219e+01 1.468419506653031270e+01 -1.533825778786052219e+01 0.000000000000000000e+00 0.000000000000000000e+00 -2.091883841463111793e+01 7.303302790315804316e+00 1.561693653541689564e+01 -5.695118777937777210e+00 0.000000000000000000e+00 -1.376596213056970797e+01 0.000000000000000000e+00 -1.931873329835312703e+01 -1.765442773444616620e+01 0.000000000000000000e+00
0.000000000000000000e+00 0.000000000000000000e+00 0.000000000000000000e+00 0.000000000000000000e+00 0.000000000000000000e+00 -1.861625645974946508e+01 -1.830102067547788314e-02 0.000000000000000000e+00 -2.643002408731871000e+01 0.000000000000000000e+00 2.418746471928342601e+01 1.488819932121986600e+00 1.966191717230687885e+01 0.000000000000000000e+00 0.000000000000000000e+00 -2.620244312252824770e+01 -2.086439050366993087e+01 9.159429720689931997e+00 -2.632992957715748972e+01 0.000000000000000000e+00 -9.519437105378083075e+00 -4.036545908300663399e+00 -2.031549196616259323e+01 -2.216974482700471327e+01 0.000000000000000000e+00
0.000000000000000000e+00 0.000000000000000000e+00 0.000000000000000000e+00 0.000000000000000000e+00 0.000000000000000000e+00 -2.252736909646818475e+01 1.232469996605678020e+01 0.000000000000000000e+00 2.626351603743744434e+00 0.000000000000000000e+00 1.703219619870196766e+01 -2.389054944426397142e+01 -7.330041503696382854e+00 0.000000000000000000e+00 0.000000000000000000e+00 -2.595179571316669609e+01 3.000000000000000000e+01 0.000000000000000000e+00 2.971284350290143905e+01 0.000000000000000000e+00 -2.242609447080896956e+01 7.213365059939155444e+00 3.000000000000000000e+01 3.000000000000000000e+01 0.000000000000000000e+00
0.000000000000000000e+00 0.000000000000000000e+00 0.000000000000000000e+00 0.000000000000000000e+00 0.000000000000000000e+00 3.000000000000000000e+01 2.178775786314548490e+00 0.000000000000000000e+00 3.000000000000000000e+01 0.000000000000000000e+00 -6.669836686099372969e+00 3.000000000000000000e+01 2.715404142775142660e+01 0.000000000000000000e+00 0.000000000000000000e+00 2.970847568309156372e+01 1.479775239849134927e+01 -7.165248617238506590e+00 1.843715831044412212e+01 0.000000000000000000e+00 -3.000000000000000000e+01 1.177340189220435462e+01 2.364355289705182628e+01 2.331274319463523170e+01 0.000000000000000000e+00
0.000000000000000000e+00 0.000000000000000000e+00 0.000000000000000000e+00 0.000000000000000000e+00 0.000000000000000000e+00 2.293244844049946352e+01 -1.519458152845988863e+01 0.000000000000000000e+00 2.720329613856133832e+01 0.000000000000000000e+00 -2.173083439501649039e+01 -1.720315114072724327e+01 5.087949003776158108e+00 0.000000000000000000e+00 0.000000000000000000e+00 2.364722627434472102e+01 1.006067571880320921e+00 2.675840740141662621e+00 -1.579928898546073546e-02 0.000000000000000000e+00 6.142734380304538000e+00 -6.709372515461963893e+00 2.593517209597737150e+01 1.481593649491632902e+01 0.000000000000000000e+00
0.000000000000000000e+00 0.000000000000000000e+00 0.000000000000000000e+00 0.000000000000000000e+00 0.000000000000000000e+00 1.880631853330935854e+01 -1.658227510378363334e+01 0.000000000000000000e+00 4.245420833684658390e+00 0.000000000000000000e+00 1.606397199335825832e+01 2.231560936657699301e+01 0.000000000000000000e+00 0.000000000000000000e+00 0.000000000000000000e+00 8.440321941181162302e+00 2.383321599579228334e+01 1.053735967177696153e+01 -1.137032767568435432e+01 0.000000000000000000e+00 2.876650531057710936e+01 4.334849867611186847e-01 -2.518684814754808343e+01 -5.060621013393911127e-01 0.000000000000000000e+00
0.000000000000000000e+00 0.000000000000000000e+00 0.000000000000000000e+00 0.000000000000000000e+00 0.000000000000000000e+00 9.978351977103709913e+00 2.576945003629515440e+01 0.000000000000000000e+00 -2.462340776348992222e+01 -5.134755815303718857e-02 -1.236684361260212306e+00 2.691594216083444735e+00 -6.338498684239659564e-01 0.000000000000000000e+00 -7.491921415324039046e-02 6.165269678110385954e+00 -9.209218470020502423e+00 7.450056194318601221e+00 -2.048451973339665955e+01 0.000000000000000000e+00 3.000000000000000000e+01 1.401728093275104570e+01 3.000000000000000000e+01 -1.528935903354594039e+01 -1.340107504165946595e-01
0.000000000000000000e+00 0.000000000000000000e+00 0.000000000000000000e+00 0.000000000000000000e+00 0.000000000000000000e+00 -3.744042673676306610e+00 2.079246267409621041e+01 0.000000000000000000e+00 3.000000000000000000e+01 -9.187184192019511864e-01 -1.541812116897151519e+01 -1.065794463997015029e+01 -1.627008436711144057e+01 0.000000000000000000e+00 -1.138865252428082675e+00 -3.298397911228380330e+00 3.000000000000000000e+01 0.000000000000000000e+00 3.000000000000000000e+01 -5.561866463446381026e-01 2.991468083989099469e+01 3.531280251674255410e+00 1.745555326007244545e+01 2.256210377538794276e+01 -8.035949971303390171e+00
0.000000000000000000e+00 0.000000000000000000e+00 0.000000000000000000e+00 0.000000000000000000e+00 0.000000000000000000e+00 -8.136610933373816579e+00 5.606381503865909721e+00 0.000000000000000000e+00 3.000000000000000000e+01 -2.243948493112278175e+00 2.033856309543370955e+01 1.325247635505015431e+01 1.842920789818312954e+01 0.000000000000000000e+00 -1.195481075128278192e+01 -1.185934321285958681e+01 7.825799687354045853e-01 -1.046902983050176772e+01 1.996284826428989589e+01 -9.044498405716007383e+00 2.748601809233892723e+01 -4.506296171652737215e+00 7.647624330044140883e+00 1.003733780510634688e+01 -1.316161851272777383e+01
0.000000000000000000e+00 0.000000000000000000e+00 0.000000000000000000e+00 0.000000000000000000e+00 0.000000000000000000e+00 -1.265181587876597469e+01 3.937263681333247334e-02 0.000000000000000000e+00 2.100366759259587468e+01 -6.592591791389287081e+00 -4.443382421370378310e+00 5.868983475898314595e+00 7.457753057914744410e+00 -9.108732224407694034e-01 -1.711975274031933481e+01 -2.547441231661313310e+01 3.000000000000000000e+01 1.962477889378060070e+01 4.703400052951987931e+00 -2.162926377475538686e+01 8.897432876344851138e+00 9.241930137766111386e+00 0.000000000000000000e+00 -1.515939848502754828e+01 -1.598358805133137572e+01
0.000000000000000000e+00 0.000000000000000000e+00 0.000000000000000000e+00 0.000000000000000000e+00 0.000000000000000000e+00 -1.232371388093748799e+01 -7.510294087674135532e+00 0.000000000000000000e+00 1.067499336760692508e+01 -1.228196909450851138e+01 -1.987712318532494038e+01 -6.436136274644118638e-01 -7.776064604637687339e+00 -1.463563340081457476e+01 -2.260761757787161130e+01 -3.883174853599096643e+00 2.393094509305642958e+01 2.498814137910406075e+01 0.000000000000000000e+00 -2.881745328355917835e+01 -1.493787072304567154e+01 2.740101642180301056e+00 -1.338605595238267121e+01 8.356966167891046737e+00 -1.571757502759167657e+01
0.000000000000000000e+00 0.000000000000000000e+00 0.000000000000000000e+00 0.000000000000000000e+00 0.000000000000000000e+00 -1.143112176285855064e+01 -1.939968959091529754e+01 0.000000000000000000e+00 0.000000000000000000e+00 -1.019161710194409842e+01 -2.897600503112517956e+01 -1.523519568623943954e+01 -1.799562054895644891e+01 -2.724475246857448951e+01 -3.000000000000000000e+01 -2.465571003828262775e+01 1.735444509514055156e+01 4.230318267641703045e+00 -7.272201155303832820e+00 -3.000000000000000000e+01 -2.099011953288679777e+01 -1.992448253946802694e+01 5.698892531000007367e+00 1.304220738100681132e+01 -2.182521899084967387e+01
