# yaw
0.000000000000000000e+00 0.000000000000000000e+00 0.000000000000000000e+00 0.000000000000000000e+00 0.000000000000000000e+00 2.489932191564327724e+01 2.754336496718562799e+01 -2.024933793803238302e+01 2.202741641633009806e+01 2.550084886285683794e+01 2.685139738985342106e+01 -1.738402472814993516e+01 3.000000000000000000e+01 2.773543028687703682e+01 2.660183310446932836e+01 2.687733276277024785e+01 6.101896690668315415e+00 2.034131270120209578e+01 -2.037675904897561807e+01 2.670050768158731458e+01 2.416380893669824559e+01 -6.395392140192029728e+00 0.000000000000000000e+00 -1.449329297735022593e+01 2.378969625623306428e+01
0.000000000000000000e+00 0.000000000000000000e+00 0.000000000000000000e+00 0.000000000000000000e+00 0.000000000000000000e+00 7.456590638707819352e+00 1.312239437361113303e+01 1.960341917741194351e+01 2.914257377130501148e+00 8.429574665620336305e+00 9.198001712305533317e+00 2.612676449601769590e+01 7.945997986632640675e+00 1.015955108873800583e+01 9.521537665508374104e+00 8.938091960266593361e+00 0.000000000000000000e+00 1.284787820908767531e+00 1.977989764415135454e+01 1.029541547529079892e+01 8.628345031744016680e+00 -7.620324951573871353e+00 -1.001179340099802495e+01 1.910125002633991897e+01 8.496684744328749872e+00
0.000000000000000000e+00 0.000000000000000000e+00 0.000000000000000000e+00 0.000000000000000000e+00 0.000000000000000000e+00 0.000000000000000000e+00 0.000000000000000000e+00 1.602936615531870057e+00 0.000000000000000000e+00 0.000000000000000000e+00 0.000000000000000000e+00 1.083027636892046175e+01 0.000000000000000000e+00 0.000000000000000000e+00 0.000000000000000000e+00 0.000000000000000000e+00 0.000000000000000000e+00 0.000000000000000000e+00 1.504483948619270706e+00 0.000000000000000000e+00 0.000000000000000000e+00 5.417573779939974798e+00 -1.888303951588484608e+01 1.761689771103583269e+00 0.000000000000000000e+00
0.000000000000000000e+00 0.000000000000000000e+00 0.000000000000000000e+00 0.000000000000000000e+00 0.000000000000000000e+00 0.000000000000000000e+00 0.000000000000000000e+00 0.000000000000000000e+00 0.000000000000000000e+00 0.000000000000000000e+00 0.000000000000000000e+00 0.000000000000000000e+00 0.000000000000000000e+00 0.000000000000000000e+00 0.000000000000000000e+00 0.000000000000000000e+00 1.058025942126379126e+00 0.000000000000000000e+00 0.000000000000000000e+00 0.000000000000000000e+00 0.000000000000000000e+00 1.319535967031201729e+01 1.915016513157702960e+01 -1.629518115322319716e+00 2.254072604701144122e+00
0.000000000000000000e+00 0.000000000000000000e+00 0.000000000000000000e+00 0.000000000000000000e+00 0.000000000000000000e+00 0.000000000000000000e+00 0.000000000000000000e+00 0.000000000000000000e+00 0.000000000000000000e+00 0.000000000000000000e+00 0.000000000000000000e+00 0.000000000000000000e+00 0.000000000000000000e+00 0.000000000000000000e+00 0.000000000000000000e+00 0.000000000000000000e+00 -6.077876594718636394e-01 1.736431317451844869e+00 4.907123477844870241e-01 1.750946957383200830e+00 0.000000000000000000e+00 4.717323082496513997e-01 2.474124677530298300e+00 4.857190746020066952e-01 1.982545657526646465e+00
0.000000000000000000e+00 0.000000000000000000e+00 0.000000000000000000e+00 0.000000000000000000e+00 0.000000000000000000e+00 0.000000000000000000e+00 0.000000000000000000e+00 0.000000000000000000e+00 0.000000000000000000e+00 0.000000000000000000e+00 0.000000000000000000e+00 -2.039752604604727626e-02 6.715955667938988682e-01 -3.999438562269057140e+00 2.020993090512382739e+00 0.000000000000000000e+00 6.622186643090439695e+00 1.706664960063294156e+00 -3.585064712242227447e+00 -5.216854822801455072e+00 0.000000000000000000e+00 -5.379498080585266351e+00 -3.537076297099265965e+00 -7.461437037994627097e-01 -5.103741638799617952e+00
0.000000000000000000e+00 0.000000000000000000e+00 0.000000000000000000e+00 0.000000000000000000e+00 0.000000000000000000e+00 0.000000000000000000e+00 0.000000000000000000e+00 0.000000000000000000e+00 0.000000000000000000e+00 0.000000000000000000e+00 0.000000000000000000e+00 8.102556850484702977e+00 7.027248305794396188e+00 4.868260601764117013e+00 2.587179652723449186e-01 0.000000000000000000e+00 0.000000000000000000e+00 -2.122917039238149783e+00 4.149856898428814667e+00 3.209262300732711459e+00 0.000000000000000000e+00 1.957236417637342907e+00 2.111597082123973568e+00 5.890345117430184629e+00 3.020014210932535081e-01
0.000000000000000000e+00 0.000000000000000000e+00 0.000000000000000000e+00 0.000000000000000000e+00 0.000000000000000000e+00 0.000000000000000000e+00 0.000000000000000000e+00 0.000000000000000000e+00 0.000000000000000000e+00 0.000000000000000000e+00 0.000000000000000000e+00 0.000000000000000000e+00 0.000000000000000000e+00 0.000000000000000000e+00 0.000000000000000000e+00 0.000000000000000000e+00 -1.340068444335676290e+01 1.618939934756632937e+01 1.202741253681256950e+00 1.233677859282913847e+00 0.000000000000000000e+00 0.000000000000000000e+00 -2.869583833056661426e+00 1.185655886501828515e+00 3.918257376554243443e+00
0.000000000000000000e+00 0.000000000000000000e+00 0.000000000000000000e+00 0.000000000000000000e+00 0.000000000000000000e+00 0.000000000000000000e+00 -4.146810293917937429e+00 0.000000000000000000e+00 -4.992357395207449589e-01 -6.271457547525233878e+00 0.000000000000000000e+00 0.000000000000000000e+00 1.864972729134278806e-02 -2.892140259991820450e+00 -1.520206279987014852e+00 0.000000000000000000e+00 1.058987954974328716e+01 -1.589487205770915068e+00 -1.339334386702607294e+00 -3.059609185558567646e+00 0.000000000000000000e+00 -9.433767101429495483e-01 0.000000000000000000e+00 0.000000000000000000e+00 -6.470420284364481134e+00
0.000000000000000000e+00 0.000000000000000000e+00 0.000000000000000000e+00 0.000000000000000000e+00 0.000000000000000000e+00 0.000000000000000000e+00 1.211335036912536722e+01 -1.387864539541533482e+01 9.795717874080031251e+00 1.068359323457312371e+01 0.000000000000000000e+00 0.000000000000000000e+00 1.273432456005898139e+01 4.547894448847686455e+00 7.939686788133701434e+00 0.000000000000000000e+00 0.000000000000000000e+00 5.674124631438838051e+00 1.077288967906355488e+01 9.343747074950949028e+00 0.000000000000000000e+00 5.511889029707202958e+00 -3.948520006510027436e+00 4.184175267877153992e+00 1.613488286719870146e+01
0.000000000000000000e+00 0.000000000000000000e+00 0.000000000000000000e+00 0.000000000000000000e+00 0.000000000000000000e+00 0.000000000000000000e+00 6.721131004529871333e+00 9.271344498261406386e+00 2.437032749709844293e+00 2.485129839014882935e-01 0.000000000000000000e+00 -7.917074366823254605e-01 1.979417098670083197e+00 1.258722806672007533e+00 4.549659679802647183e+00 0.000000000000000000e+00 0.000000000000000000e+00 0.000000000000000000e+00 8.046204838354702460e-01 3.188028946773084460e+00 0.000000000000000000e+00 3.731570833437218404e+00 2.101917214848906257e-01 -4.863572027299918332e+00 5.047654341293483782e-01
0.000000000000000000e+00 0.000000000000000000e+00 0.000000000000000000e+00 0.000000000000000000e+00 0.000000000000000000e+00 0.000000000000000000e+00 0.000000000000000000e+00 0.000000000000000000e+00 0.000000000000000000e+00 0.000000000000000000e+00 0.000000000000000000e+00 -1.379123482806746637e+01 0.000000000000000000e+00 -2.809225921422775496e+00 -3.298519718552630042e+00 0.000000000000000000e+00 0.000000000000000000e+00 -4.923209836137738549e+00 -3.870905294156036902e+00 1.692436516825211790e+00 0.000000000000000000e+00 0.000000000000000000e+00 5.874732214240931505e+00 2.676267857978317011e+00 2.424602881558803880e+00
0.000000000000000000e+00 0.000000000000000000e+00 0.000000000000000000e+00 0.000000000000000000e+00 0.000000000000000000e+00 0.000000000000000000e+00 0.000000000000000000e+00 -3.503190085440021750e+00 -3.594169143432677682e+00 -3.801078079510836982e+00 0.000000000000000000e+00 1.251162156996329777e+01 0.000000000000000000e+00 -5.643195226611495308e+00 -5.572329414913854251e+00 0.000000000000000000e+00 0.000000000000000000e+00 6.364857148407785381e+00 6.754838260394758542e+00 -5.274351863979784838e+00 0.000000000000000000e+00 0.000000000000000000e+00 2.727210980128790929e+00 4.516783858603091950e+00 0.000000000000000000e+00
0.000000000000000000e+00 0.000000000000000000e+00 0.000000000000000000e+00 0.000000000000000000e+00 0.000000000000000000e+00 0.000000000000000000e+00 0.000000000000000000e+00 7.754549801778299667e+00 6.045595469234078756e+00 6.032601850417123046e+00 0.000000000000000000e+00 0.000000000000000000e+00 -5.055212820789392048e+00 2.233122206376866536e+00 4.035562705187624388e+00 0.000000000000000000e+00 0.000000000000000000e+00 0.000000000000000000e+00 0.000000000000000000e+00 3.062835551622640207e+00 0.000000000000000000e+00 0.000000000000000000e+00 2.011668889278566130e+00 -3.450565200038460567e+00 -3.182855052769444359e-01
0.000000000000000000e+00 0.000000000000000000e+00 0.000000000000000000e+00 0.000000000000000000e+00 0.000000000000000000e+00 0.000000000000000000e+00 0.000000000000000000e+00 0.000000000000000000e+00 1.622938423403396779e+00 -3.025227316936941691e+00 0.000000000000000000e+00 0.000000000000000000e+00 7.944185785996293880e-02 0.000000000000000000e+00 1.525800805665949333e+00 0.000000000000000000e+00 0.000000000000000000e+00 0.000000000000000000e+00 -3.528577180282982173e+00 0.000000000000000000e+00 0.000000000000000000e+00 0.000000000000000000e+00 0.000000000000000000e+00 3.130606540728281040e+00 8.769751310515317755e+00
0.000000000000000000e+00 0.000000000000000000e+00 0.000000000000000000e+00 0.000000000000000000e+00 0.000000000000000000e+00 0.000000000000000000e+00 0.000000000000000000e+00 0.000000000000000000e+00 0.000000000000000000e+00 1.692922418912446991e+00 0.000000000000000000e+00 0.000000000000000000e+00 -1.539246128552951731e+01 4.551007932290803915e+00 -1.962573824058046590e+00 0.000000000000000000e+00 -1.966471349369021127e+00 0.000000000000000000e+00 0.000000000000000000e+00 1.320676505663712863e+00 0.000000000000000000e+00 0.000000000000000000e+00 0.000000000000000000e+00 0.000000000000000000e+00 7.541604562439204074e+00
0.000000000000000000e+00 -8.332136910495493431e-01 0.000000000000000000e+00 0.000000000000000000e+00 0.000000000000000000e+00 0.000000000000000000e+00 0.000000000000000000e+00 -1.003798621697707105e+01 -9.202522514147261745e+00 0.000000000000000000e+00 0.000000000000000000e+00 0.000000000000000000e+00 1.365011462915161289e+01 -8.917159178784569207e+00 -5.292822533597140833e+00 0.000000000000000000e+00 -2.219497738503051210e+01 -1.348036773298304603e+01 0.000000000000000000e+00 1.009920341445788711e-01 0.000000000000000000e+00 0.000000000000000000e+00 0.000000000000000000e+00 -1.206413671549514621e+00 -8.838704432865400751e-01
0.000000000000000000e+00 -1.561284453783496673e+01 -1.233286220865472949e+01 -9.798155867678595143e+00 -1.353876850848379476e+01 0.000000000000000000e+00 0.000000000000000000e+00 2.473544814439858541e+01 3.000000000000000000e+01 -1.068886902799317618e+01 0.000000000000000000e+00 0.000000000000000000e+00 7.431841641449876690e-02 -2.159706123791753640e+01 -1.630410455224848576e+01 0.000000000000000000e+00 2.399894382524577097e+01 1.640526861993886598e+01 0.000000000000000000e+00 -1.184414373493649819e+01 0.000000000000000000e+00 -1.259228211975599621e+01 -8.287943985784515633e+00 -1.929599412403575087e+01 -1.447792176603333836e+01
0.000000000000000000e+00 2.621880938683285223e+01 2.493972079894888694e+01 2.626178483343957382e+01 2.498169005117856400e+01 0.000000000000000000e+00 0.000000000000000000e+00 7.433478604761623032e+00 1.519507190883014225e+01 2.367494045584238904e+01 0.000000000000000000e+00 0.000000000000000000e+00 -5.967823518844331154e+00 1.723612878637943879e+01 1.765777650645961216e+01 0.000000000000000000e+00 2.588969317707339624e+00 5.214574411209065702e-02 -9.579883035727807084e+00 2.788718192522034656e+01 0.000000000000000000e+00 2.640066443466519885e+01 2.657198050149789381e+01 2.228055778718051627e+01 2.415552348933198701e+01
0.000000000000000000e+00 1.279465445335311813e+01 9.539636227454915129e+00 8.223796382156475460e+00 1.021713264050098147e+01 0.000000000000000000e+00 -1.077158833401318683e+00 1.092478435529122471e+01 0.000000000000000000e+00 1.100443008387833999e+01 0.000000000000000000e+00 0.000000000000000000e+00 2.703732415600557104e+00 4.378859886518791655e-01 1.162910121936097774e+00 0.000000000000000000e+00 0.000000000000000000e+00 0.000000000000000000e+00 5.796794977408765703e+00 1.542091494796983042e+01 0.000000000000000000e+00 9.812096872556285376e+00 1.294214371542858011e+01 5.416236346334102336e+00 1.240980308580129154e+01
0.000000000000000000e+00 0.000000000000000000e+00 0.000000000000000000e+00 0.000000000000000000e+00 0.000000000000000000e+00 0.000000000000000000e+00 -2.123526846369169263e+01 0.000000000000000000e+00 0.000000000000000000e+00 -4.894246168997862689e+00 0.000000000000000000e+00 -7.899842094199710729e+00 0.000000000000000000e+00 0.000000000000000000e+00 0.000000000000000000e+00 0.000000000000000000e+00 0.000000000000000000e+00 0.000000000000000000e+00 -1.950706800812840314e+01 1.130713201236175358e+00 0.000000000000000000e+00 0.000000000000000000e+00 0.000000000000000000e+00 0.000000000000000000e+00 0.000000000000000000e+00
0.000000000000000000e+00 0.000000000000000000e+00 0.000000000000000000e+00 0.000000000000000000e+00 2.345029025472887163e+00 0.000000000000000000e+00 3.000000000000000000e+01 0.000000000000000000e+00 -8.746023168132223802e+00 2.500255635419316724e-01 0.000000000000000000e+00 3.167670176165630291e+00 0.000000000000000000e+00 0.000000000000000000e+00 4.340943396313409863e+00 0.000000000000000000e+00 0.000000000000000000e+00 0.000000000000000000e+00 1.844795993643581511e+01 3.625482197125752037e+00 0.000000000000000000e+00 0.000000000000000000e+00 0.000000000000000000e+00 0.000000000000000000e+00 0.000000000000000000e+00
0.000000000000000000e+00 0.000000000000000000e+00 0.000000000000000000e+00 -4.423621266716802225e+00 0.000000000000000000e+00 0.000000000000000000e+00 0.000000000000000000e+00 0.000000000000000000e+00 6.558907481152267849e+00 -2.522158388894986558e+00 0.000000000000000000e+00 8.524738805355003279e+00 0.000000000000000000e+00 4.069217949249885891e+00 3.989426644135259714e+00 0.000000000000000000e+00 0.000000000000000000e+00 -3.844239174635507350e+00 1.208032184042135082e+00 4.859658105818152052e+00 0.000000000000000000e+00 0.000000000000000000e+00 0.000000000000000000e+00 0.000000000000000000e+00 0.000000000000000000e+00
0.000000000000000000e+00 0.000000000000000000e+00 0.000000000000000000e+00 0.000000000000000000e+00 0.000000000000000000e+00 0.000000000000000000e+00 0.000000000000000000e+00 0.000000000000000000e+00 0.000000000000000000e+00 0.000000000000000000e+00 0.000000000000000000e+00 0.000000000000000000e+00 0.000000000000000000e+00 0.000000000000000000e+00 0.000000000000000000e+00 0.000000000000000000e+00 0.000000000000000000e+00 0.000000000000000000e+00 0.000000000000000000e+00 0.000000000000000000e+00 0.000000000000000000e+00 0.000000000000000000e+00 0.000000000000000000e+00 0.000000000000000000e+00 0.000000000000000000e+00
0.000000000000000000e+00 0.000000000000000000e+00 0.000000000000000000e+00 0.000000000000000000e+00 0.000000000000000000e+00 0.000000000000000000e+00 0.000000000000000000e+00 0.000000000000000000e+00 0.000000000000000000e+00 0.000000000000000000e+00 0.000000000000000000e+00 0.000000000000000000e+00 0.000000000000000000e+00 0.000000000000000000e+00 0.000000000000000000e+00 0.000000000000000000e+00 0.000000000000000000e+00 0.000000000000000000e+00 0.000000000000000000e+00 0.000000000000000000e+00 0.000000000000000000e+00 0.000000000000000000e+00 0.000000000000000000e+00 0.000000000000000000e+00 0.000000000000000000e+00
0.000000000000000000e+00 0.000000000000000000e+00 0.000000000000000000e+00 0.000000000000000000e+00 0.000000000000000000e+00 0.000000000000000000e+00 0.000000000000000000e+00 0.000000000000000000e+00 0.000000000000000000e+00 0.000000000000000000e+00 0.000000000000000000e+00 0.000000000000000000e+00 0.000000000000000000e+00 0.000000000000000000e+00 0.000000000000000000e+00 0.000000000000000000e+00 0.000000000000000000e+00 0.000000000000000000e+00 0.000000000000000000e+00 0.000000000000000000e+00 0.000000000000000000e+00 0.000000000000000000e+00 0.000000000000000000e+00 0.000000000000000000e+00 0.000000000000000000e+00
0.000000000000000000e+00 0.000000000000000000e+00 6.600820970846751123e+00 -1.521674789173359166e+01 -6.174205724175022558e-01 0.000000000000000000e+00 0.000000000000000000e+00 3.964649579595573403e+00 6.475532327549669454e+00 -1.274785996477304018e+01 0.000000000000000000e+00 0.000000000000000000e+00 -8.868553293020304817e-01 0.000000000000000000e+00 -4.870545487880885815e+00 0.000000000000000000e+00 -9.155318559996471484e-01 1.973773398586038752e+01 -5.424200761526631887e-01 0.000000000000000000e+00 0.000000000000000000e+00 0.000000000000000000e+00 0.000000000000000000e+00 0.000000000000000000e+00 0.000000000000000000e+00
0.000000000000000000e+00 -3.070268782129891960e+00 1.220041855232879691e+01 1.448072833050318664e+01 1.911913098730567384e+01 0.000000000000000000e+00 -7.649391526327060653e-01 2.546361181880549385e+00 8.753129548302474916e+00 1.779602223006042294e+01 0.000000000000000000e+00 0.000000000000000000e+00 7.176482254750302658e+00 2.618315088747257491e+00 5.916679415001425468e+00 0.000000000000000000e+00 -1.993268468588603426e+01 0.000000000000000000e+00 -1.460239314497505703e+01 -1.090790924360582181e+01 0.000000000000000000e+00 0.000000000000000000e+00 0.000000000000000000e+00 0.000000000000000000e+00 0.000000000000000000e+00
0.000000000000000000e+00 4.909799986761185231e+00 0.000000000000000000e+00 0.000000000000000000e+00 6.177533798678055632e+00 0.000000000000000000e+00 4.886600145095089331e+00 0.000000000000000000e+00 0.000000000000000000e+00 4.804861517592230458e-01 0.000000000000000000e+00 -9.851682835419808271e+00 3.430430138663717266e+00 4.456918649509266750e+00 4.081779001566902210e+00 0.000000000000000000e+00 1.064643727570476628e+01 0.000000000000000000e+00 9.341782995921008137e+00 1.962637669974458632e+01 0.000000000000000000e+00 0.000000000000000000e+00 0.000000000000000000e+00 0.000000000000000000e+00 0.000000000000000000e+00
0.000000000000000000e+00 4.119095817384837765e+00 -8.701448374052688228e-01 1.131880602356543308e+00 4.128430203644726793e-01 0.000000000000000000e+00 3.807507212008776509e+00 -2.913180169274419029e+00 -2.571961093127896003e+00 -1.304035217318165518e+00 0.000000000000000000e+00 8.605015454157079802e+00 0.000000000000000000e+00 7.691326786162264728e-01 0.000000000000000000e+00 0.000000000000000000e+00 0.000000000000000000e+00 0.000000000000000000e+00 0.000000000000000000e+00 6.681121637101603561e-01 0.000000000000000000e+00 0.000000000000000000e+00 0.000000000000000000e+00 0.000000000000000000e+00 0.000000000000000000e+00
0.000000000000000000e+00 -1.929389742412606634e-01 1.716459214098295494e+00 -3.227637857909948949e+00 -1.320778930272823448e+00 0.000000000000000000e+00 0.000000000000000000e+00 -3.125745556127069502e+00 0.000000000000000000e+00 -2.151306437514337033e-01 0.000000000000000000e+00 0.000000000000000000e+00 0.000000000000000000e+00 0.000000000000000000e+00 -2.013088235991685182e-01 0.000000000000000000e+00 0.000000000000000000e+00 0.000000000000000000e+00 0.000000000000000000e+00 0.000000000000000000e+00 0.000000000000000000e+00 0.000000000000000000e+00 0.000000000000000000e+00 0.000000000000000000e+00 0.000000000000000000e+00
0.000000000000000000e+00 2.115037318416128631e+00 8.613698007609322804e-01 9.530129025814244592e-01 6.523618714142999764e+00 0.000000000000000000e+00 -4.594372879108473029e+00 2.026986237216517495e+00 1.859403205587745189e+00 9.214661030183556534e+00 0.000000000000000000e+00 -2.821952214755005794e+00 1.981062275808558759e+00 -4.905723996242222995e+00 2.142799425196437291e+00 0.000000000000000000e+00 0.000000000000000000e+00 0.000000000000000000e+00 0.000000000000000000e+00 0.000000000000000000e+00 0.000000000000000000e+00 0.000000000000000000e+00 0.000000000000000000e+00 0.000000000000000000e+00 0.000000000000000000e+00
0.000000000000000000e+00 2.296954868489642920e-01 7.011627712569343807e-01 -1.521296935851417231e+00 -1.694310784272461401e+00 0.000000000000000000e+00 6.146185171762775790e-01 -1.184637165940332970e+00 0.000000000000000000e+00 0.000000000000000000e+00 0.000000000000000000e+00 1.848379217885895986e+00 0.000000000000000000e+00 2.081933545418674036e+00 1.239655753490417067e-01 0.000000000000000000e+00 0.000000000000000000e+00 0.000000000000000000e+00 0.000000000000000000e+00 0.000000000000000000e+00 0.000000000000000000e+00 0.000000000000000000e+00 0.000000000000000000e+00 0.000000000000000000e+00 0.000000000000000000e+00
0.000000000000000000e+00 3.667833985800672103e+00 -2.180643221837012813e-01 1.688421075824446116e-01 -4.833544608426129652e-02 0.000000000000000000e+00 4.818643611928657755e+00 2.416917701047362144e+00 5.693653550995197321e+00 3.931103822803032610e+00 0.000000000000000000e+00 0.000000000000000000e+00 0.000000000000000000e+00 0.000000000000000000e+00 0.000000000000000000e+00 0.000000000000000000e+00 0.000000000000000000e+00 0.000000000000000000e+00 0.000000000000000000e+00 0.000000000000000000e+00 0.000000000000000000e+00 0.000000000000000000e+00 0.000000000000000000e+00 0.000000000000000000e+00 0.000000000000000000e+00
0.000000000000000000e+00 -3.903160639430802159e-01 0.000000000000000000e+00 -4.753908147509146032e-01 0.000000000000000000e+00 -5.566934113291157615e-01 0.000000000000000000e+00 0.000000000000000000e+00 0.000000000000000000e+00 0.000000000000000000e+00 0.000000000000000000e+00 -3.262972198720725192e+00 0.000000000000000000e+00 0.000000000000000000e+00 -3.146275112561643938e-01 0.000000000000000000e+00 0.000000000000000000e+00 0.000000000000000000e+00 0.000000000000000000e+00 0.000000000000000000e+00 0.000000000000000000e+00 0.000000000000000000e+00 0.000000000000000000e+00 0.000000000000000000e+00 0.000000000000000000e+00
-8.738404555928044104e+00 -1.146614917856581428e+01 -1.616297956202538355e+00 -1.348341704304586663e+01 -9.454151320876963638e+00 -1.324288163956674325e+01 -3.636401784635322265e+00 -1.039980719013960275e+01 -1.175100175121134960e+01 -1.096761099780882631e+01 -1.105508566198783527e+01 6.819536420792630338e+00 -5.774782828246950217e+00 -1.277761059623661488e+00 -1.188669520528983981e+01 -1.096573545211435352e+01 0.000000000000000000e+00 0.000000000000000000e+00 -8.781705027651381945e-01 -1.096251574314400656e+01 0.000000000000000000e+00 0.000000000000000000e+00 0.000000000000000000e+00 0.000000000000000000e+00 0.000000000000000000e+00
2.161005289140993924e+01 2.649690858612755306e+01 -1.797821521352443241e+01 1.879849973754689785e+01 2.216753451655237939e+01 2.547423876493521533e+01 -2.286821004733217322e+01 2.495281182792767893e+01 2.546688278793012472e+01 2.439448691162045790e+01 2.435222479041699728e+01 -3.929292863702644301e+00 2.061028818355428882e+01 -1.741960937678118526e+01 2.474538433991433450e+01 2.428164293039650445e+01 0.000000000000000000e+00 0.000000000000000000e+00 -1.773052942561744771e+01 2.359624664942999672e+01 0.000000000000000000e+00 0.000000000000000000e+00 0.000000000000000000e+00 0.000000000000000000e+00 0.000000000000000000e+00
6.244727579187524746e+00 9.561177720073940733e+00 1.686685707697329661e+01 3.073709636544429635e+00 7.069102431237909379e+00 9.443375275486204146e+00 2.274096276759688706e+01 1.113427363523596192e+01 9.148049498424315473e+00 8.094415668440319678e+00 8.086189968736565703e+00 3.054526263179540568e-01 8.370001597261564896e+00 1.641148535508675010e+01 8.908723810952505318e+00 7.921085451866843208e+00 -9.345756385649163889e+00 -4.475463220689782418e+00 1.883543107687017937e+01 7.870820192137804483e+00 0.000000000000000000e+00 0.000000000000000000e+00 0.000000000000000000e+00 0.000000000000000000e+00 0.000000000000000000e+00
0.000000000000000000e+00 0.000000000000000000e+00 1.123623846680260829e+00 -1.072293846423125335e-01 0.000000000000000000e+00 0.000000000000000000e+00 8.472855354337681888e+00 0.000000000000000000e+00 0.000000000000000000e+00 0.000000000000000000e+00 0.000000000000000000e+00 0.000000000000000000e+00 0.000000000000000000e+00 1.042000740333050457e+00 0.000000000000000000e+00 0.000000000000000000e+00 9.331341329905278315e+00 -2.031708978769628970e+01 1.264284827784898591e+00 0.000000000000000000e+00 0.000000000000000000e+00 0.000000000000000000e+00 0.000000000000000000e+00 0.000000000000000000e+00 0.000000000000000000e+00
2.533210815362552992e+00 -1.287279731240613956e-01 -2.197652497324539045e+00 3.415921105438630700e+00 0.000000000000000000e+00 0.000000000000000000e+00 0.000000000000000000e+00 0.000000000000000000e+00 0.000000000000000000e+00 0.000000000000000000e+00 0.000000000000000000e+00 0.000000000000000000e+00 0.000000000000000000e+00 0.000000000000000000e+00 0.000000000000000000e+00 0.000000000000000000e+00 1.004046149440308255e+01 1.870804479033829182e+01 0.000000000000000000e+00 0.000000000000000000e+00 0.000000000000000000e+00 0.000000000000000000e+00 0.000000000000000000e+00 0.000000000000000000e+00 0.000000000000000000e+00
0.000000000000000000e+00 4.505700744134145452e+00 1.595408899496911337e+00 4.174964544888472240e+00 0.000000000000000000e+00 -4.475604812889006467e+00 -3.034352130835074046e+00 1.569301183481459638e+00 5.665164700391361663e+00 0.000000000000000000e+00 0.000000000000000000e+00 0.000000000000000000e+00 0.000000000000000000e+00 0.000000000000000000e+00 0.000000000000000000e+00 0.000000000000000000e+00 0.000000000000000000e+00 2.883045783516509086e+00 0.000000000000000000e+00 0.000000000000000000e+00 0.000000000000000000e+00 0.000000000000000000e+00 0.000000000000000000e+00 0.000000000000000000e+00 0.000000000000000000e+00
-9.147249304203226572e-01 -7.880857048351964655e-01 -3.616341203548862904e+00 2.708198573967455225e+00 0.000000000000000000e+00 6.943193748074802940e+00 2.261035190596181188e+00 -4.160505595219204267e+00 -5.392215172915928001e+00 0.000000000000000000e+00 -5.572258237055043750e+00 -3.844910749158450880e+00 -1.379830452813355590e+00 -5.822932262476278709e+00 0.000000000000000000e+00 0.000000000000000000e+00 0.000000000000000000e+00 0.000000000000000000e+00 0.000000000000000000e+00 0.000000000000000000e+00 0.000000000000000000e+00 0.000000000000000000e+00 0.000000000000000000e+00 0.000000000000000000e+00 0.000000000000000000e+00
1.278203577406383751e+01 9.161076435603785484e+00 6.973279681238997441e+00 4.341014815673949201e-01 0.000000000000000000e+00 0.000000000000000000e+00 0.000000000000000000e+00 6.261540618982294859e+00 5.680251945622986298e+00 0.000000000000000000e+00 3.927351516048769753e+00 2.144330512705735714e+00 8.047764137895677905e+00 4.854901507675865036e-01 0.000000000000000000e+00 0.000000000000000000e+00 0.000000000000000000e+00 0.000000000000000000e+00 0.000000000000000000e+00 0.000000000000000000e+00 0.000000000000000000e+00 0.000000000000000000e+00 0.000000000000000000e+00 0.000000000000000000e+00 0.000000000000000000e+00
1.823736777763942107e-01 1.346572562964248432e+00 1.372584879928639978e+00 0.000000000000000000e+00 0.000000000000000000e+00 -3.014247415249123208e+00 1.271291911156602117e+00 4.366436359041379944e+00 0.000000000000000000e+00 0.000000000000000000e+00 -9.953496403926612501e+00 1.105080530424683616e+01 0.000000000000000000e+00 0.000000000000000000e+00 0.000000000000000000e+00 0.000000000000000000e+00 0.000000000000000000e+00 0.000000000000000000e+00 0.000000000000000000e+00 0.000000000000000000e+00 0.000000000000000000e+00 0.000000000000000000e+00 0.000000000000000000e+00 0.000000000000000000e+00 0.000000000000000000e+00
-4.674638349853960761e+00 -1.782431699729474239e-01 -5.966391498132199711e-01 -8.796201212386916879e+00 0.000000000000000000e+00 -1.793433705694377878e+00 -5.609364440302223587e-01 -3.323534576277400898e+00 -1.981910980437549208e+00 0.000000000000000000e+00 1.065627130318374860e+01 0.000000000000000000e+00 -1.579193011696993887e+00 -3.606839498166232616e+00 0.000000000000000000e+00 -1.461312041492949909e+00 0.000000000000000000e+00 0.000000000000000000e+00 -9.057584548986968187e+00 0.000000000000000000e+00 0.000000000000000000e+00 0.000000000000000000e+00 0.000000000000000000e+00 0.000000000000000000e+00 0.000000000000000000e+00
1.158854129778080200e+01 -1.136681327047331891e+01 7.082219300066427081e+00 1.221962463276634381e+01 0.000000000000000000e+00 2.873414752833360897e+00 1.839285682821076051e+01 1.698137554213113276e+01 1.210925373701120300e+01 0.000000000000000000e+00 -3.436934447859043118e+00 2.759804566975645468e+00 1.725940672011997279e+01 1.853701894178769294e+01 0.000000000000000000e+00 5.787515289755691406e+00 0.000000000000000000e+00 0.000000000000000000e+00 1.410238567930936782e+01 0.000000000000000000e+00 0.000000000000000000e+00 0.000000000000000000e+00 0.000000000000000000e+00 0.000000000000000000e+00 0.000000000000000000e+00
6.671405392228463072e+00 9.261009644301379851e+00 2.416343244936005608e+00 2.478484039685317497e-01 0.000000000000000000e+00 -8.388330926288202205e-01 1.962682788699442016e+00 1.432012849075221972e+00 4.574261995329215402e+00 0.000000000000000000e+00 3.861350200353700912e-01 0.000000000000000000e+00 7.171633348954352671e-01 3.174241041079834957e+00 0.000000000000000000e+00 3.723746205397585385e+00 -4.462513375751874234e-01 -4.847112535892931895e+00 1.157388741795060266e-01 0.000000000000000000e+00 0.000000000000000000e+00 0.000000000000000000e+00 0.000000000000000000e+00 0.000000000000000000e+00 0.000000000000000000e+00
-1.852994410622507582e+00 -2.210972025805175711e+00 0.000000000000000000e+00 0.000000000000000000e+00 0.000000000000000000e+00 -1.718677853980063830e+01 9.936962636649160352e-01 0.000000000000000000e+00 0.000000000000000000e+00 0.000000000000000000e+00 -3.740088413148152213e+00 -1.660464502963399092e+00 0.000000000000000000e+00 0.000000000000000000e+00 0.000000000000000000e+00 0.000000000000000000e+00 5.268624930189658606e+00 7.358479486812415260e+00 0.000000000000000000e+00 0.000000000000000000e+00 0.000000000000000000e+00 0.000000000000000000e+00 0.000000000000000000e+00 0.000000000000000000e+00 0.000000000000000000e+00
-3.061897467177852494e+00 -3.352190525802964949e+00 -3.514680175480585866e+00 0.000000000000000000e+00 0.000000000000000000e+00 1.202306687387096318e+01 -5.294611759441728793e+00 -5.262883804585885450e+00 0.000000000000000000e+00 0.000000000000000000e+00 5.847080072560803643e+00 6.902601074006068593e+00 -4.895894179888234277e+00 0.000000000000000000e+00 0.000000000000000000e+00 0.000000000000000000e+00 1.355661137038110642e+00 3.415577457128780914e+00 0.000000000000000000e+00 0.000000000000000000e+00 0.000000000000000000e+00 0.000000000000000000e+00 0.000000000000000000e+00 0.000000000000000000e+00 0.000000000000000000e+00
7.012074086472120271e+00 5.737123494780695054e+00 5.726553676145787364e+00 0.000000000000000000e+00 0.000000000000000000e+00 -4.193796553006818861e+00 2.172611706329251824e+00 4.454718168710654957e+00 0.000000000000000000e+00 0.000000000000000000e+00 1.185666324287409257e+00 -7.857362467975805842e-01 2.567350809754134211e+00 0.000000000000000000e+00 0.000000000000000000e+00 1.891784330899804800e+00 -3.273330169943700518e+00 -9.992544328720425195e-01 0.000000000000000000e+00 0.000000000000000000e+00 0.000000000000000000e+00 0.000000000000000000e+00 0.000000000000000000e+00 0.000000000000000000e+00 0.000000000000000000e+00
1.653656092040736159e+00 -3.076656743850699094e+00 0.000000000000000000e+00 0.000000000000000000e+00 0.000000000000000000e+00 2.857600592693358532e+00 1.556680785649428023e+00 0.000000000000000000e+00 0.000000000000000000e+00 0.000000000000000000e+00 -3.629837629456826420e+00 -8.580616961276237298e-01 0.000000000000000000e+00 0.000000000000000000e+00 0.000000000000000000e+00 -2.032052781966774191e+00 3.591407520764064110e+00 9.681035038759301159e+00 0.000000000000000000e+00 0.000000000000000000e+00 0.000000000000000000e+00 0.000000000000000000e+00 0.000000000000000000e+00 0.000000000000000000e+00 0.000000000000000000e+00
9.952655287628167091e-01 0.000000000000000000e+00 0.000000000000000000e+00 0.000000000000000000e+00 0.000000000000000000e+00 1.990078414522509886e+00 0.000000000000000000e+00 0.000000000000000000e+00 0.000000000000000000e+00 0.000000000000000000e+00 1.139208119044860856e+00 -1.699346383530988547e+01 0.000000000000000000e+00 0.000000000000000000e+00 0.000000000000000000e+00 -2.929391872394018659e+00 1.809958232613130491e+00 0.000000000000000000e+00 0.000000000000000000e+00 0.000000000000000000e+00 0.000000000000000000e+00 0.000000000000000000e+00 0.000000000000000000e+00 0.000000000000000000e+00 0.000000000000000000e+00
-7.184564346446004057e-01 0.000000000000000000e+00 0.000000000000000000e+00 0.000000000000000000e+00 0.000000000000000000e+00 0.000000000000000000e+00 -8.370021388629865555e+00 -8.328006054580093576e+00 0.000000000000000000e+00 0.000000000000000000e+00 1.323308615358901874e-01 2.062126548332883402e+01 -2.668725417228323238e+00 -4.042230186857365126e+00 0.000000000000000000e+00 -1.511244994895188398e+01 -1.775916417499312772e+01 0.000000000000000000e+00 0.000000000000000000e+00 0.000000000000000000e+00 0.000000000000000000e+00 0.000000000000000000e+00 -1.021667160934901064e+00 -6.878265690100462404e-01 0.000000000000000000e+00
-1.343764815949636393e+01 -1.258865136308097021e+01 -1.052612809390950055e+01 -1.338383798570065508e+01 0.000000000000000000e+00 0.000000000000000000e+00 2.227396752789458034e+01 -2.269377294334020689e+01 -1.234475563540823906e+01 0.000000000000000000e+00 0.000000000000000000e+00 3.137602432189292578e+00 -1.670958017740010249e+01 -2.201393267839047496e+01 0.000000000000000000e+00 2.138629998918301212e+01 1.844215789526415250e+01 0.000000000000000000e+00 -1.157139185887625565e+01 0.000000000000000000e+00 -1.144642342134329205e+01 -6.196549265030669496e+00 -1.645175717553350481e+01 -1.651918006894051061e+01 0.000000000000000000e+00
2.474513114133151248e+01 2.572817222697747752e+01 2.383687465645150994e+01 2.513782643015633411e+01 0.000000000000000000e+00 -3.252756948483695787e+00 5.986509175694035179e+00 8.144404214625161842e+00 2.456462313854321167e+01 0.000000000000000000e+00 -1.024532144551739599e+01 0.000000000000000000e+00 1.096969500223173810e+01 1.776564133632078324e+01 0.000000000000000000e+00 6.858352124215873147e+00 -2.128215925664700858e+00 0.000000000000000000e+00 2.846800182426983028e+01 0.000000000000000000e+00 2.132730280900377551e+01 2.859068018435684166e+01 2.128980503030568627e+01 2.565897580078356199e+01 0.000000000000000000e+00
1.096394142153275197e+01 9.060808735781458623e+00 7.387081732426872271e+00 9.617640879479120386e+00 0.000000000000000000e+00 1.951331345964666175e+00 0.000000000000000000e+00 0.000000000000000000e+00 9.985704903373406438e+00 0.000000000000000000e+00 2.336120293353245891e+00 0.000000000000000000e+00 3.909166193007024281e-01 1.027106984500045783e+00 0.000000000000000000e+00 0.000000000000000000e+00 5.220172875450763250e+00 -5.392682063532324932e+00 7.048667600219503448e+00 0.000000000000000000e+00 8.237506631004785973e+00 1.201511786719734687e+01 4.296808832025913460e+00 1.141274014692435834e+01 0.000000000000000000e+00
0.000000000000000000e+00 0.000000000000000000e+00 0.000000000000000000e+00 0.000000000000000000e+00 0.000000000000000000e+00 -1.752771962695793206e+01 0.000000000000000000e+00 0.000000000000000000e+00 0.000000000000000000e+00 0.000000000000000000e+00 -7.585529831069086626e+00 -2.904146009389065419e+00 0.000000000000000000e+00 0.000000000000000000e+00 0.000000000000000000e+00 0.000000000000000000e+00 0.000000000000000000e+00 -1.198260453258391856e+01 0.000000000000000000e+00 0.000000000000000000e+00 0.000000000000000000e+00 0.000000000000000000e+00 0.000000000000000000e+00 0.000000000000000000e+00 0.000000000000000000e+00
0.000000000000000000e+00 0.000000000000000000e+00 0.000000000000000000e+00 0.000000000000000000e+00 0.000000000000000000e+00 1.907962022315446049e+01 1.944001788003706377e+00 0.000000000000000000e+00 0.000000000000000000e+00 0.000000000000000000e+00 2.275712350192748090e+01 -3.606408951105782190e+00 0.000000000000000000e+00 0.000000000000000000e+00 0.000000000000000000e+00 2.568051637933825848e+00 -4.828596246065420400e-02 1.296684108529313662e+01 0.000000000000000000e+00 0.000000000000000000e+00 3.074335123361390032e+00 0.000000000000000000e+00 0.000000000000000000e+00 0.000000000000000000e+00 0.000000000000000000e+00
0.000000000000000000e+00 0.000000000000000000e+00 0.000000000000000000e+00 0.000000000000000000e+00 0.000000000000000000e+00 9.193399646661370994e-01 -2.011040830804654789e+00 0.000000000000000000e+00 0.000000000000000000e+00 0.000000000000000000e+00 8.891562263833188595e+00 7.338058391426828919e+00 -2.735711838184472722e+00 0.000000000000000000e+00 0.000000000000000000e+00 4.212322328950495631e+00 4.117454659841716769e+00 0.000000000000000000e+00 0.000000000000000000e+00 0.000000000000000000e+00 2.402056454346169101e+00 4.944394851711882310e+00 0.000000000000000000e+00 0.000000000000000000e+00 0.000000000000000000e+00
0.000000000000000000e+00 0.000000000000000000e+00 0.000000000000000000e+00 0.000000000000000000e+00 0.000000000000000000e+00 -2.777147220008654438e-01 4.689077145377355649e+00 2.504374833160242009e+00 0.000000000000000000e+00 0.000000000000000000e+00 -6.354993298453280204e+00 0.000000000000000000e+00 7.063578351044789372e+00 0.000000000000000000e+00 0.000000000000000000e+00 -3.871524235748788900e+00 -5.013108463012821758e+00 0.000000000000000000e+00 0.000000000000000000e+00 0.000000000000000000e+00 -5.174962967898564248e-01 -5.199858826024696512e+00 -4.508273828387304505e+00 0.000000000000000000e+00 0.000000000000000000e+00
0.000000000000000000e+00 0.000000000000000000e+00 0.000000000000000000e+00 0.000000000000000000e+00 0.000000000000000000e+00 2.645189830695592104e+00 0.000000000000000000e+00 0.000000000000000000e+00 0.000000000000000000e+00 0.000000000000000000e+00 3.170741557243748510e+00 -2.153480462551728980e+00 0.000000000000000000e+00 0.000000000000000000e+00 0.000000000000000000e+00 7.159487197934266689e+00 2.314105150947521672e+00 2.464346496217580729e+00 0.000000000000000000e+00 0.000000000000000000e+00 0.000000000000000000e+00 5.146090417683601981e-01 8.270478098373690301e+00 0.000000000000000000e+00 0.000000000000000000e+00
0.000000000000000000e+00 0.000000000000000000e+00 0.000000000000000000e+00 0.000000000000000000e+00 0.000000000000000000e+00 0.000000000000000000e+00 -7.408449929752696228e-01 0.000000000000000000e+00 0.000000000000000000e+00 0.000000000000000000e+00 3.260025644586726834e+00 6.476894902809180010e+00 3.483042746508624443e-01 0.000000000000000000e+00 0.000000000000000000e+00 5.819151617590792025e-01 6.899667675868850214e-01 0.000000000000000000e+00 0.000000000000000000e+00 0.000000000000000000e+00 3.561201645266117932e+00 -8.505307693595320018e+00 0.000000000000000000e+00 0.000000000000000000e+00 0.000000000000000000e+00
0.000000000000000000e+00 0.000000000000000000e+00 0.000000000000000000e+00 0.000000000000000000e+00 0.000000000000000000e+00 0.000000000000000000e+00 4.539517756324001674e+00 -6.305765648884988472e+00 -6.119374114412338139e-01 0.000000000000000000e+00 0.000000000000000000e+00 8.595451668772273734e+00 4.451162228790431108e+00 -9.050740040064306768e+00 0.000000000000000000e+00 0.000000000000000000e+00 -4.897500812921838365e-01 0.000000000000000000e+00 -5.273222725946008715e+00 0.000000000000000000e+00 -6.865825072996250000e-01 1.773875250744355370e+01 -4.107229335529650749e-01 0.000000000000000000e+00 0.000000000000000000e+00
0.000000000000000000e+00 0.000000000000000000e+00 0.000000000000000000e+00 0.000000000000000000e+00 0.000000000000000000e+00 -1.616281382629244590e+00 2.767280666676943390e+00 1.027993520903979707e+01 7.375852566829395052e+00 0.000000000000000000e+00 -2.515577431102734796e+00 0.000000000000000000e+00 5.366437149414345242e+00 1.361241506158273218e+01 0.000000000000000000e+00 2.853738366188354192e+00 1.422272371436570637e+01 -8.141011608740936767e-01 2.136445968642800608e+01 0.000000000000000000e+00 -1.746887455828522207e+01 3.981021990651593345e+00 -1.391216589762261080e+01 -8.707089011576634618e+00 0.000000000000000000e+00
0.000000000000000000e+00 0.000000000000000000e+00 0.000000000000000000e+00 0.000000000000000000e+00 0.000000000000000000e+00 5.938070977215080148e+00 0.000000000000000000e+00 0.000000000000000000e+00 6.183150266433992570e+00 0.000000000000000000e+00 6.532602282339638577e+00 0.000000000000000000e+00 0.000000000000000000e+00 1.501291388698677565e-01 0.000000000000000000e+00 -8.378466721301442988e+00 2.358031232132857369e+00 5.085245544771723303e+00 1.849394047116046824e+00 0.000000000000000000e+00 1.026575078479504199e+01 0.000000000000000000e+00 1.196384261505562208e+01 1.434967754849206933e+01 0.000000000000000000e+00
0.000000000000000000e+00 0.000000000000000000e+00 0.000000000000000000e+00 0.000000000000000000e+00 0.000000000000000000e+00 3.860164545188178309e+00 0.000000000000000000e+00 0.000000000000000000e+00 0.000000000000000000e+00 0.000000000000000000e+00 3.575044532821058940e+00 0.000000000000000000e+00 0.000000000000000000e+00 0.000000000000000000e+00 0.000000000000000000e+00 6.798161721318012773e+00 1.084593930685146868e+00 8.022044370564844762e-01 0.000000000000000000e+00 0.000000000000000000e+00 -2.669579949526083240e+00 -2.270704120362276313e-01 -1.204167157508338803e+00 6.163595674890371967e-01 0.000000000000000000e+00
0.000000000000000000e+00 0.000000000000000000e+00 0.000000000000000000e+00 0.000000000000000000e+00 0.000000000000000000e+00 0.000000000000000000e+00 0.000000000000000000e+00 0.000000000000000000e+00 0.000000000000000000e+00 0.000000000000000000e+00 -1.417503919970249937e-01 1.078219551975347912e+00 -2.269667387322654939e+00 -2.006545995309035213e+00 0.000000000000000000e+00 0.000000000000000000e+00 -2.336909152800721756e+00 3.465801397594683309e-01 -9.013635768593752928e-01 0.000000000000000000e+00 0.000000000000000000e+00 0.000000000000000000e+00 7.710728793614392007e-01 -1.478909246149326395e-01 0.000000000000000000e+00
0.000000000000000000e+00 0.000000000000000000e+00 0.000000000000000000e+00 0.000000000000000000e+00 0.000000000000000000e+00 0.000000000000000000e+00 0.000000000000000000e+00 0.000000000000000000e+00 0.000000000000000000e+00 0.000000000000000000e+00 2.043935189371470340e+00 0.000000000000000000e+00 7.268734988473839476e-01 4.647969405607012661e+00 0.000000000000000000e+00 -4.491530646469865218e+00 1.504017783146973652e+00 1.781897529448047690e+00 9.113681250453943505e+00 0.000000000000000000e+00 -3.769635622216739534e+00 4.913833207842245976e+00 -4.934093250979914025e+00 2.072532615616418550e+00 0.000000000000000000e+00
0.000000000000000000e+00 0.000000000000000000e+00 0.000000000000000000e+00 0.000000000000000000e+00 0.000000000000000000e+00 0.000000000000000000e+00 0.000000000000000000e+00 0.000000000000000000e+00 0.000000000000000000e+00 0.000000000000000000e+00 6.161358334118698099e-02 0.000000000000000000e+00 0.000000000000000000e+00 0.000000000000000000e+00 0.000000000000000000e+00 3.937482597723201416e-01 3.238169030083098976e-01 -7.413214933999954237e-01 -8.378494212778681005e-01 0.000000000000000000e+00 9.584789895707072072e-01 -5.073870564813833806e-01 1.060736874044149181e+00 1.150474191040797289e-01 0.000000000000000000e+00
0.000000000000000000e+00 0.000000000000000000e+00 0.000000000000000000e+00 0.000000000000000000e+00 0.000000000000000000e+00 0.000000000000000000e+00 0.000000000000000000e+00 0.000000000000000000e+00 0.000000000000000000e+00 0.000000000000000000e+00 0.000000000000000000e+00 0.000000000000000000e+00 0.000000000000000000e+00 0.000000000000000000e+00 0.000000000000000000e+00 2.201096493946858246e+00 0.000000000000000000e+00 0.000000000000000000e+00 1.408652221937188864e-01 0.000000000000000000e+00 2.272246607564147425e+00 9.654051283142013329e-01 2.712953472457829029e+00 1.707433075523246080e+00 0.000000000000000000e+00
0.000000000000000000e+00 0.000000000000000000e+00 0.000000000000000000e+00 0.000000000000000000e+00 0.000000000000000000e+00 0.000000000000000000e+00 0.000000000000000000e+00 0.000000000000000000e+00 -2.477412819862365723e-01 0.000000000000000000e+00 -4.363121390342711847e-01 0.000000000000000000e+00 0.000000000000000000e+00 0.000000000000000000e+00 0.000000000000000000e+00 0.000000000000000000e+00 -2.555134251713752747e+00 0.000000000000000000e+00 0.000000000000000000e+00 -2.463130950927734097e-01 0.000000000000000000e+00 0.000000000000000000e+00 0.000000000000000000e+00 0.000000000000000000e+00 0.000000000000000000e+00
0.000000000000000000e+00 0.000000000000000000e+00 0.000000000000000000e+00 0.000000000000000000e+00 0.000000000000000000e+00 -1.094651007954265332e+01 -1.233439169008744152e+01 -3.874286597190954584e+00 -1.417836418040084823e+01 -1.174242779251591884e+01 -1.416718197966703663e+01 -3.593377189071690569e+00 -1.135528048747566210e+01 -1.072060541934976818e+01 -1.214020259432297344e+01 -1.185388099979835985e+01 -7.646107830265532757e-01 -5.083263843915911906e+00 -1.633239507168192883e+00 -1.227958589508357434e+01 -1.064879602412618453e+01 0.000000000000000000e+00 0.000000000000000000e+00 -1.009077398943514448e+00 -1.061829630756997034e+01
