# yaw
0.000000000000000000e+00 0.000000000000000000e+00 0.000000000000000000e+00 0.000000000000000000e+00 0.000000000000000000e+00 2.666441718349171097e+01 1.719559525499160202e+01 0.000000000000000000e+00 -1.042558676363290715e+01 2.920698088793987424e+01 3.000000000000000000e+01 9.305082931651291744e+00 1.687090697880765688e+01 -3.000000000000000000e+01 3.000000000000000000e+01 2.950400702377612205e+01 -3.000000000000000000e+01 1.769297200643363510e+01 1.715551808337257000e+01 -3.000000000000000000e+01 2.913037833413435607e+01 -3.000000000000000000e+01 -2.728598268242024361e+01 3.000000000000000000e+01 2.941838227588790744e+01
0.000000000000000000e+00 0.000000000000000000e+00 0.000000000000000000e+00 0.000000000000000000e+00 0.000000000000000000e+00 2.569907276351977288e+01 1.428944671341959172e+01 0.000000000000000000e+00 -1.013124517914487299e+01 2.022495079564752984e+01 2.274042804549719321e+01 2.622435618431617765e+00 1.156102182914652410e+01 2.621689005965465213e+01 2.092818248573612294e+01 2.151577251948753400e+01 3.000000000000000000e+01 1.666889017700882825e+00 1.497058396571115502e+00 3.000000000000000000e+01 1.895095974837152752e+01 3.000000000000000000e+01 2.387186769225678518e+01 2.928146080892507541e+01 3.000000000000000000e+01
0.000000000000000000e+00 0.000000000000000000e+00 0.000000000000000000e+00 0.000000000000000000e+00 0.000000000000000000e+00 1.610246462347510032e+01 3.195878840292170953e+00 0.000000000000000000e+00 -1.369388863746692131e+01 1.758300335159607997e+01 1.176835765459759564e+01 -1.854116785788708910e+01 -1.749718457526677984e+00 1.289156718295084936e+01 8.690796809850247939e+00 9.611434133092533472e+00 3.000000000000000000e+01 -1.906805885863878203e+01 -5.725217130852976233e+00 3.000000000000000000e+01 1.651928350406322110e+01 3.000000000000000000e+01 2.072214367562894211e+01 3.000000000000000000e+01 2.772530158159657887e+01
0.000000000000000000e+00 0.000000000000000000e+00 0.000000000000000000e+00 0.000000000000000000e+00 0.000000000000000000e+00 1.205712229135423108e+01 -1.455750436404271930e+00 0.000000000000000000e+00 2.447958086377721543e+01 2.848662044059446785e+00 5.913851067687526886e+00 -3.000000000000000000e+01 -1.958576255076263450e+01 6.172151070804378747e+00 -2.191193997923452130e+01 0.000000000000000000e+00 3.000000000000000000e+01 2.867478764532252811e+01 1.159818702411696378e+01 3.000000000000000000e+01 7.839400433899561094e+00 2.754453062930321749e+01 3.415411839081355261e+00 2.801573876759693604e+01 1.484565106067705997e+01
0.000000000000000000e+00 0.000000000000000000e+00 0.000000000000000000e+00 0.000000000000000000e+00 0.000000000000000000e+00 4.565285953778215777e+00 -1.266620173553430106e+01 0.000000000000000000e+00 1.802420348528929495e+01 -7.654516444197257741e+00 2.261945905077847208e+00 3.000000000000000000e+01 -2.630349050586169923e+01 -1.023175791582602301e+01 3.000000000000000000e+01 0.000000000000000000e+00 -2.753313681565840554e+01 2.417683309741290998e+01 -1.297774078689716326e+01 3.000000000000000000e+01 2.241176771815794611e-01 1.167104547595258346e+01 -9.858823772851032174e+00 2.178361537620666510e+01 8.115075506323154997e+00
0.000000000000000000e+00 0.000000000000000000e+00 0.000000000000000000e+00 0.000000000000000000e+00 0.000000000000000000e+00 -3.123887252249777369e-01 -2.113068503353133565e+01 0.000000000000000000e+00 2.694774903781245179e+00 -1.625697955966922237e+01 -3.444284378953413661e+00 2.405160620515237113e+01 2.959710046255328209e+01 -1.587116583486872123e+01 2.246758082434782722e+01 0.000000000000000000e+00 2.913126690422886611e+01 -1.969974393884243469e+01 -2.534559546178614298e+01 3.000000000000000000e+01 0.000000000000000000e+00 -1.111105580016310057e+01 -2.860321586673789884e+00 8.763967861355446587e+00 -1.271986645441521568e-01
0.000000000000000000e+00 0.000000000000000000e+00 0.000000000000000000e+00 0.000000000000000000e+00 0.000000000000000000e+00 0.000000000000000000e+00 2.986608377011541648e+01 0.000000000000000000e+00 1.857802534582970289e+00 -2.603163312806686491e+01 0.000000000000000000e+00 2.632117552873316058e+01 1.941086469988417562e+01 2.987372543723714813e+01 9.096482727692356107e+00 0.000000000000000000e+00 1.870040194942744094e+01 -2.772300703868358340e+01 2.552159606373975009e+01 1.805105691617043462e+01 0.000000000000000000e+00 -2.184431242758425640e+01 2.546674723571922172e+01 1.617921727896229456e+01 -2.144461930139222972e+01
0.000000000000000000e+00 0.000000000000000000e+00 0.000000000000000000e+00 0.000000000000000000e+00 0.000000000000000000e+00 0.000000000000000000e+00 2.465572904267827425e+01 0.000000000000000000e+00 -6.792611700546236086e-01 3.000000000000000000e+01 0.000000000000000000e+00 3.000000000000000000e+01 -2.038816896769019671e+00 2.469885560556459225e+01 -2.082508612054573405e+01 0.000000000000000000e+00 4.090602795277265891e+00 -2.869611747891525511e+01 1.642481734192814358e+01 4.136269220366576072e+00 0.000000000000000000e+00 -2.505576741864712531e+01 1.744804889849395479e+01 5.501981439950589525e-01 -3.000000000000000000e+01
0.000000000000000000e+00 0.000000000000000000e+00 0.000000000000000000e+00 0.000000000000000000e+00 0.000000000000000000e+00 0.000000000000000000e+00 9.413994430445221440e+00 0.000000000000000000e+00 -3.430832438397126150e-01 3.000000000000000000e+01 0.000000000000000000e+00 2.190416160184512151e+01 -1.293256943446873208e+01 1.501965024145391148e+01 1.531079689822341328e+00 0.000000000000000000e+00 2.216502949169421310e-01 3.000000000000000000e+01 -1.776466956042628276e-01 -1.110116780566766970e+01 0.000000000000000000e+00 3.000000000000000000e+01 -3.234022760753875403e+00 -1.621159613793925658e+01 1.244853811437020674e+01
0.000000000000000000e+00 0.000000000000000000e+00 0.000000000000000000e+00 0.000000000000000000e+00 0.000000000000000000e+00 0.000000000000000000e+00 -5.382388023506843311e+00 0.000000000000000000e+00 -9.005993527647147445e+00 -2.852877709762850156e+00 0.000000000000000000e+00 7.108122104398842289e+00 1.414749927398659679e+01 2.058895960312266737e+01 2.608501509118598705e+01 0.000000000000000000e+00 0.000000000000000000e+00 1.952017418578853736e+01 -3.000000000000000000e+01 2.614899844168108345e+01 0.000000000000000000e+00 2.111139908216877714e+01 -2.458599887626563785e+01 1.882817601941121666e+01 -2.041986797806522347e+01
0.000000000000000000e+00 0.000000000000000000e+00 0.000000000000000000e+00 0.000000000000000000e+00 0.000000000000000000e+00 0.000000000000000000e+00 -1.750510659499713739e+01 -1.474432417910396032e+00 -1.380877501764681625e+01 -2.721209407350158571e+01 0.000000000000000000e+00 5.397275828744197312e+00 -8.737705416257467661e+00 6.463719742602421547e+00 1.170490996206684997e+01 0.000000000000000000e+00 -3.095478037561804285e+00 -1.455983192669408766e+01 -2.451540078873937745e+01 1.645150311397500076e+01 0.000000000000000000e+00 1.269000006854410856e+01 1.059928444142810910e+01 -7.101749661351742127e+00 2.887314059691483692e+01
0.000000000000000000e+00 0.000000000000000000e+00 0.000000000000000000e+00 0.000000000000000000e+00 0.000000000000000000e+00 0.000000000000000000e+00 -5.116723381745770460e+00 -1.268265574809294982e+01 -1.064775084127120586e+01 3.000000000000000000e+01 0.000000000000000000e+00 2.143483714113425878e-02 2.777018361682928926e+01 2.700746854397752372e+01 -1.339983714896527545e+01 0.000000000000000000e+00 -8.832568283654897101e+00 -2.644042885130084031e+01 1.271507788187113164e+01 -5.978906282590732424e+00 0.000000000000000000e+00 9.123082772857886713e-01 -8.382340406765747431e+00 -1.312754359974743323e+01 2.105312156785430133e+01
0.000000000000000000e+00 0.000000000000000000e+00 -4.325330574258367394e-02 0.000000000000000000e+00 -9.624138343501378312e-01 0.000000000000000000e+00 1.318534669958903294e+01 -1.448706015492317789e+01 -2.282722070736497955e+01 2.861662897639784120e+01 0.000000000000000000e+00 0.000000000000000000e+00 1.308321386017030541e+01 1.525926470764400555e+01 2.936762957386897099e+01 0.000000000000000000e+00 -6.734342860621365112e+00 2.811575447106070769e+01 -1.440153585995637187e+01 1.843848921045693956e+01 0.000000000000000000e+00 -1.564682544096126726e+00 -2.484574926469284861e+01 2.023011200903734519e+01 1.712223180843266590e+01
0.000000000000000000e+00 -4.219003035596424311e+00 -2.323821110328032180e+00 0.000000000000000000e+00 -5.273618968870716017e+00 0.000000000000000000e+00 1.344608554909814657e+01 -1.044481444951258631e+01 3.000000000000000000e+01 2.817757801976267373e+01 0.000000000000000000e+00 0.000000000000000000e+00 -6.177309757141244972e+00 4.625919984099603255e+00 3.000000000000000000e+01 0.000000000000000000e+00 -7.957628137568409699e+00 1.417676176408227562e+01 1.545149438383454843e+01 -7.798141952342843908e+00 0.000000000000000000e+00 -7.668849112861108708e+00 3.000000000000000000e+01 -5.162488495204627270e+00 9.709863960794773430e-01
0.000000000000000000e+00 -1.016966981591315822e+01 -7.550732121922637319e+00 0.000000000000000000e+00 -8.916393794638166170e+00 0.000000000000000000e+00 9.414648650024346921e+00 -1.481653342474580803e+01 2.168605499481613208e+01 1.896409182325801268e+01 0.000000000000000000e+00 0.000000000000000000e+00 -1.894838943618405835e+01 -1.748304222840667776e+01 2.181211156376183169e+01 0.000000000000000000e+00 -7.036816407733668122e+00 -4.128574619410162683e+00 -1.126122257783825020e+01 -2.031442708069217673e+00 0.000000000000000000e+00 -1.333825345136684071e+01 1.734607826105136041e+01 -2.474149941162529487e+01 -7.513718927340606868e+00
0.000000000000000000e+00 -1.129725019327287328e+01 -1.423203271498532629e+01 -7.668395492193682550e+00 -1.206489974732594916e+01 0.000000000000000000e+00 5.552815181643307341e+00 -2.793658519559478393e+01 1.827571545911395745e+01 3.855848456445646555e+00 0.000000000000000000e+00 0.000000000000000000e+00 -2.969210987397664780e+01 2.928426907983036287e+01 -7.351832913366225242e+00 0.000000000000000000e+00 1.379150745675005041e+01 -1.962051741689445095e+01 1.270333728254516714e+01 -2.423341336903990850e+01 0.000000000000000000e+00 -1.746315999009610209e+01 -3.633087867082939404e+00 -2.969581095171303886e+01 -2.388698607519054207e+01
0.000000000000000000e+00 -2.720274560013267973e+01 -1.870030350497372851e+01 -1.752027749499511700e+01 -1.064917045200997237e+01 0.000000000000000000e+00 6.790762296039286605e-01 -3.000000000000000000e+01 7.879608627235906937e+00 -1.638074935158527623e+01 0.000000000000000000e+00 0.000000000000000000e+00 3.000000000000000000e+01 2.575002720990167404e+01 1.673447924589311242e+01 0.000000000000000000e+00 2.182770625358564232e+01 -2.539555105664641843e+01 1.690542105919221161e+00 3.000000000000000000e+01 0.000000000000000000e+00 -2.239644779067181801e+01 -1.561194750887074711e+01 -2.903208203355959682e+01 -1.016225680324246028e+01
0.000000000000000000e+00 -2.680214004525501537e+01 -2.618334733870324982e+01 -3.000000000000000000e+01 -1.884606761101994721e+01 0.000000000000000000e+00 -1.707302901883613444e+00 2.746809719147874773e+01 -5.640378207259152177e+00 2.011220226543074574e+01 0.000000000000000000e+00 0.000000000000000000e+00 3.000000000000000000e+01 2.241934145659348587e+01 -7.299152412397127421e+00 0.000000000000000000e+00 1.627746183741253816e+01 -2.588427926072885654e+01 -2.795356603079429902e+01 -2.225779206694472734e+01 0.000000000000000000e+00 -3.000000000000000000e+01 -2.661788086664141417e+01 -3.000000000000000000e+01 -2.197911922944545182e+01
0.000000000000000000e+00 3.000000000000000000e+01 3.000000000000000000e+01 -3.000000000000000000e+01 3.000000000000000000e+01 0.000000000000000000e+00 -5.408814049344862873e+00 1.530611572011302179e+01 1.003412050390095622e+01 -1.373911593861889102e+01 0.000000000000000000e+00 0.000000000000000000e+00 3.000000000000000000e+01 1.138545914144284055e+01 1.204949887724423974e+01 0.000000000000000000e+00 1.968225171617471148e+01 -2.803463465788848197e+01 3.000000000000000000e+01 2.622231737041456157e+01 0.000000000000000000e+00 3.000000000000000000e+01 3.000000000000000000e+01 3.000000000000000000e+01 3.000000000000000000e+01
0.000000000000000000e+00 2.633511444154463987e+01 2.586323988169060328e+01 3.000000000000000000e+01 2.098456471731228135e+01 0.000000000000000000e+00 -1.447578549492495270e+01 7.866044364981507719e+00 -1.199894688031547219e+01 -2.574092502023389173e+01 0.000000000000000000e+00 0.000000000000000000e+00 1.532824606156588665e+01 -1.984620503283639259e+00 8.771183333787102576e-01 0.000000000000000000e+00 3.904470181902345072e+00 3.000000000000000000e+01 1.953407592144491645e+01 2.011323381301007274e+01 0.000000000000000000e+00 3.000000000000000000e+01 1.784401151100419725e+01 2.569935903693956547e+01 2.435632593826064607e+01
0.000000000000000000e+00 2.512308780221653848e+01 1.714544093459174334e+01 2.979943804504807048e+01 1.950549334160095682e+01 0.000000000000000000e+00 -2.979910210295570749e+01 -2.797073622361600798e+01 -2.152122776167215434e+01 -2.553061385626177682e+01 0.000000000000000000e+00 0.000000000000000000e+00 2.928008147739212585e+00 -2.111596585041518992e+01 -2.009579311082770658e+01 0.000000000000000000e+00 9.808567864516894164e-02 2.979637626500338854e+01 -1.404769627071591209e+01 -2.769815206987413703e+01 0.000000000000000000e+00 2.575597276127598434e+01 6.679540988472306040e+00 2.530312497081326839e+01 1.529587598111866775e+01
0.000000000000000000e+00 2.757922833685008612e+01 6.768909245273062147e+00 3.000000000000000000e+01 8.232214829752225072e+00 0.000000000000000000e+00 -2.950165185261098344e+01 3.000000000000000000e+01 2.215007115112344849e+01 3.000000000000000000e+01 0.000000000000000000e+00 -7.024247688111330490e+00 -2.125268585547240296e-01 -3.000000000000000000e+01 2.827376943949801458e+01 0.000000000000000000e+00 0.000000000000000000e+00 3.000000000000000000e+01 2.525527802494019269e+01 3.000000000000000000e+01 0.000000000000000000e+00 1.823942864167695888e+01 1.113285779312313817e-01 2.471211493925298441e+01 1.695876842878968915e+01
0.000000000000000000e+00 9.611847250189198277e+00 4.543749607837507476e+00 3.000000000000000000e+01 3.000000000000000000e+01 0.000000000000000000e+00 -4.740226043343673368e+00 9.512288480001533486e+00 -1.289199762558467910e+01 3.000000000000000000e+01 0.000000000000000000e+00 -1.029258710566226398e+01 -8.408315893163234023e+00 3.000000000000000000e+01 5.634140405104103522e+00 0.000000000000000000e+00 0.000000000000000000e+00 3.000000000000000000e+01 1.764964098748501442e+01 1.245690870488969360e+01 0.000000000000000000e+00 3.452108009085606000e+00 0.000000000000000000e+00 2.289715098623660516e+00 1.365785382526331304e+00
0.000000000000000000e+00 0.000000000000000000e+00 0.000000000000000000e+00 0.000000000000000000e+00 0.000000000000000000e+00 0.000000000000000000e+00 0.000000000000000000e+00 0.000000000000000000e+00 0.000000000000000000e+00 0.000000000000000000e+00 0.000000000000000000e+00 0.000000000000000000e+00 0.000000000000000000e+00 0.000000000000000000e+00 0.000000000000000000e+00 0.000000000000000000e+00 0.000000000000000000e+00 0.000000000000000000e+00 0.000000000000000000e+00 0.000000000000000000e+00 0.000000000000000000e+00 0.000000000000000000e+00 0.000000000000000000e+00 0.000000000000000000e+00 0.000000000000000000e+00
0.000000000000000000e+00 0.000000000000000000e+00 0.000000000000000000e+00 0.000000000000000000e+00 0.000000000000000000e+00 0.000000000000000000e+00 0.000000000000000000e+00 0.000000000000000000e+00 0.000000000000000000e+00 0.000000000000000000e+00 0.000000000000000000e+00 0.000000000000000000e+00 0.000000000000000000e+00 0.000000000000000000e+00 0.000000000000000000e+00 0.000000000000000000e+00 0.000000000000000000e+00 0.000000000000000000e+00 0.000000000000000000e+00 0.000000000000000000e+00 0.000000000000000000e+00 0.000000000000000000e+00 0.000000000000000000e+00 0.000000000000000000e+00 0.000000000000000000e+00
0.000000000000000000e+00 0.000000000000000000e+00 0.000000000000000000e+00 0.000000000000000000e+00 0.000000000000000000e+00 0.000000000000000000e+00 0.000000000000000000e+00 0.000000000000000000e+00 0.000000000000000000e+00 0.000000000000000000e+00 0.000000000000000000e+00 0.000000000000000000e+00 0.000000000000000000e+00 0.000000000000000000e+00 0.000000000000000000e+00 0.000000000000000000e+00 0.000000000000000000e+00 0.000000000000000000e+00 0.000000000000000000e+00 0.000000000000000000e+00 0.000000000000000000e+00 0.000000000000000000e+00 0.000000000000000000e+00 0.000000000000000000e+00 0.000000000000000000e+00
0.000000000000000000e+00 -2.302759445693325802e+01 -1.308477400708423488e+01 -1.027514201585765363e+01 -2.287754316534639898e+01 0.000000000000000000e+00 1.235116458125835237e+01 1.638684090718054520e+01 -2.721114138633835466e+01 3.000000000000000000e+01 0.000000000000000000e+00 -3.000000000000000000e+01 -2.118651773885406442e+01 3.000000000000000000e+01 -2.511034125086393232e+01 0.000000000000000000e+00 -2.351809372524394348e+01 0.000000000000000000e+00 -3.000000000000000000e+01 -2.273604155001927296e+01 0.000000000000000000e+00 0.000000000000000000e+00 0.000000000000000000e+00 0.000000000000000000e+00 0.000000000000000000e+00
0.000000000000000000e+00 3.000000000000000000e+01 -2.982707763050020233e+01 1.334931686004708062e+01 3.000000000000000000e+01 0.000000000000000000e+00 3.883383429397191833e+00 -7.741436237630447081e+00 2.384408311277215020e+01 3.000000000000000000e+01 0.000000000000000000e+00 3.000000000000000000e+01 -2.583217760100660954e+01 3.000000000000000000e+01 3.000000000000000000e+01 0.000000000000000000e+00 3.000000000000000000e+01 0.000000000000000000e+00 3.000000000000000000e+01 3.000000000000000000e+01 0.000000000000000000e+00 0.000000000000000000e+00 0.000000000000000000e+00 0.000000000000000000e+00 0.000000000000000000e+00
0.000000000000000000e+00 3.000000000000000000e+01 3.000000000000000000e+01 -1.636009220474684511e+01 3.000000000000000000e+01 0.000000000000000000e+00 3.428387973630656393e+00 2.937286010558939253e+01 2.762121903983180715e+01 2.141209435091694502e+01 0.000000000000000000e+00 3.000000000000000000e+01 2.142909022907274874e+01 3.000000000000000000e+01 2.243219551433899994e+01 0.000000000000000000e+00 3.000000000000000000e+01 0.000000000000000000e+00 3.000000000000000000e+01 2.706346466707029208e+01 0.000000000000000000e+00 0.000000000000000000e+00 0.000000000000000000e+00 0.000000000000000000e+00 0.000000000000000000e+00
0.000000000000000000e+00 3.000000000000000000e+01 3.000000000000000000e+01 -2.652693364807772980e+01 3.000000000000000000e+01 0.000000000000000000e+00 -1.320041228407627276e+00 1.637153693408181709e+01 -5.408303260294599291e+00 1.719240791032198601e+01 0.000000000000000000e+00 2.466799820776776286e+01 -6.673225202940212819e-01 1.338230735847281316e+01 1.494125668612065994e+01 0.000000000000000000e+00 1.978889042864956949e+01 0.000000000000000000e+00 1.887080847821924579e+01 1.259676173142684164e+01 0.000000000000000000e+00 0.000000000000000000e+00 0.000000000000000000e+00 0.000000000000000000e+00 0.000000000000000000e+00
-1.891755428626560875e-01 2.366667696242980412e+01 2.921264616891102150e+01 2.342652272862612151e+01 2.351557724923089054e+01 0.000000000000000000e+00 -7.077460314886150350e+00 1.108967956347915162e+01 1.549296608882007931e+01 1.883373451790775732e+01 0.000000000000000000e+00 1.129123456599084463e+01 1.433152547915289077e+01 -5.720735790699746914e+00 -2.547002855302180180e+00 0.000000000000000000e+00 1.066209095629158732e+01 0.000000000000000000e+00 1.257965839130569385e+01 2.042567938373377689e+00 0.000000000000000000e+00 0.000000000000000000e+00 0.000000000000000000e+00 0.000000000000000000e+00 0.000000000000000000e+00
-6.062634191457435762e+00 1.951921334288185150e+01 3.000000000000000000e+01 2.576972718464505974e+01 3.000000000000000000e+01 -2.820185747669686993e+00 -5.661199782811612735e+00 2.303722249232505703e+01 5.834307346804412653e-01 1.341970983057159472e+01 0.000000000000000000e+00 -1.590989412538394276e+01 -1.253233267344231461e+00 -1.913478121367123563e+01 1.216842980394580720e-01 0.000000000000000000e+00 6.061847524253811681e-01 0.000000000000000000e+00 1.409425601730529554e+00 -8.045705834685445978e+00 0.000000000000000000e+00 0.000000000000000000e+00 0.000000000000000000e+00 0.000000000000000000e+00 0.000000000000000000e+00
-8.582210885310001203e+00 6.571361593280866664e-01 6.266067682921088178e+00 7.475087312351714530e+00 2.160377342488145658e+01 -8.237476069869149597e+00 -1.475396466348830060e+01 5.131482464613032590e+00 -1.466371857193392714e+01 -1.786914837634484243e+01 0.000000000000000000e+00 1.751414380402722060e+01 -9.007895120348875295e+00 8.436153834110200478e+00 -2.523990695544121365e+00 -1.396340914530643351e+00 -4.825181383557643144e+00 0.000000000000000000e+00 -2.801714678682040827e+00 -1.329010717906913008e+01 0.000000000000000000e+00 0.000000000000000000e+00 0.000000000000000000e+00 0.000000000000000000e+00 0.000000000000000000e+00
-9.575163806741342043e+00 -2.405421441978819175e+01 -4.998791809905059225e+00 -6.319473023118916899e+00 7.059795326204687527e-02 -1.830411315935203831e+01 2.755204623243901807e+01 -1.814791254336149962e+01 1.694747149223070792e+01 2.022520281196280934e+01 -5.167509651589343722e-01 1.326319784177023919e+01 1.171382467623142531e+01 -6.552946861700140957e+00 -1.157888405336746551e+01 -1.001246190644344836e+01 -1.537434472208738079e+01 0.000000000000000000e+00 -1.103358964479913062e+01 -1.892111670176330307e+01 0.000000000000000000e+00 0.000000000000000000e+00 0.000000000000000000e+00 0.000000000000000000e+00 0.000000000000000000e+00
-1.609576760337225920e+01 -2.756757011284118519e+01 1.021172020661119184e+01 2.657734175498453144e+00 -4.058894489264481820e+00 -2.045006769811987013e+01 -7.478188122218544009e+00 2.755788414415977172e+01 -1.967688325074385958e+01 -1.917964752785823279e+01 -8.639971534714710799e+00 -2.340184235267122048e+00 5.732273263350172954e+00 -2.112791173325691219e+01 -1.878887656497522940e+01 -1.419519760523974838e+01 -1.144732379095625241e+01 0.000000000000000000e+00 -1.041450845894707733e+01 -2.031712764961597628e+01 0.000000000000000000e+00 0.000000000000000000e+00 0.000000000000000000e+00 0.000000000000000000e+00 0.000000000000000000e+00
-2.268088140797468100e+01 3.000000000000000000e+01 -5.385099713208544081e+00 -1.518636767534790977e+01 -1.880831977543799738e+01 -2.747457147096142549e+01 -2.789112294957052285e+01 -9.420948105144530516e+00 3.000000000000000000e+01 -2.772289262151151235e+01 -2.443896847297895292e+01 -9.903874015655658170e+00 -1.531084131235710899e+01 2.963081227512300941e+01 -2.840176331904076434e+01 -2.296638872737853987e+01 -1.374805012443961516e+01 0.000000000000000000e+00 -7.736287183629186437e+00 -2.084041506092300011e+01 0.000000000000000000e+00 0.000000000000000000e+00 0.000000000000000000e+00 0.000000000000000000e+00 0.000000000000000000e+00
3.000000000000000000e+01 2.562206935027440480e+01 9.279909188173963486e+00 -3.000000000000000000e+01 2.941638818284656764e+01 3.000000000000000000e+01 3.000000000000000000e+01 2.155276925964138357e+01 1.637248072756551309e+01 3.000000000000000000e+01 3.000000000000000000e+01 -1.317214636312429477e+01 -2.265367080383842335e+01 1.560823974659964719e+01 3.000000000000000000e+01 2.353785604635096007e+01 5.761307851142417391e+00 0.000000000000000000e+00 -9.984706661471711708e-01 2.160582496894981119e+01 0.000000000000000000e+00 0.000000000000000000e+00 0.000000000000000000e+00 0.000000000000000000e+00 0.000000000000000000e+00
2.259300172063125700e+01 1.263447095354400496e+01 9.957049378315671051e-01 2.979769434055950228e+01 1.629034981449920139e+01 2.483918514056425764e+01 1.600247976620005375e+01 1.103460508810663754e+01 2.825109011356515154e+00 2.344846192180648714e+01 1.885153463101415028e+01 -2.772810999234424401e+01 2.181056360403393768e+01 4.438863500546773366e+00 2.320934042468566005e+01 2.124520006755343715e+01 1.074581933621100660e+01 0.000000000000000000e+00 1.145743309384058328e+01 1.944593241819142193e+01 0.000000000000000000e+00 0.000000000000000000e+00 0.000000000000000000e+00 0.000000000000000000e+00 0.000000000000000000e+00
3.000000000000000000e+01 1.940368292021631902e+01 -1.652533336558170873e+01 3.000000000000000000e+01 9.339662157475205007e+00 -1.038906034964037772e+01 4.511862992278802831e-01 -1.308149965890913435e+01 -2.931487401235041190e+01 1.298610924734438576e+01 8.306872187802113672e+00 3.000000000000000000e+01 3.148377509446839362e+00 -7.618597991414444159e+00 1.011870071357215117e+01 1.595000142282654565e+01 1.018365485225531586e+01 0.000000000000000000e+00 7.538380933336277678e+00 1.396710423172309312e+01 0.000000000000000000e+00 0.000000000000000000e+00 0.000000000000000000e+00 0.000000000000000000e+00 0.000000000000000000e+00
1.292997878779140564e+01 6.390928882897533470e+00 -8.898826933274404993e+00 3.000000000000000000e+01 7.168631478807143687e-01 3.000000000000000000e+01 -1.034097414333209208e+01 1.757457015302211545e+01 3.000000000000000000e+01 7.103905323096231239e-01 -7.110530684896676945e+00 2.700089092811630920e+01 -6.467455945838304743e+00 -2.163843757791829958e+01 8.638997250961285346e+00 9.541875397171914130e+00 8.537580103277603527e+00 0.000000000000000000e+00 1.066901154521194783e+01 7.641710840161134222e+00 0.000000000000000000e+00 0.000000000000000000e+00 0.000000000000000000e+00 0.000000000000000000e+00 0.000000000000000000e+00
-1.351938057220207590e+01 -1.137444583071144244e+01 -2.060446707543719569e+01 -2.231341670688338752e+01 0.000000000000000000e+00 2.643390294758878056e+01 1.158636750905770540e+01 -1.041159027310208884e+01 3.000000000000000000e+01 0.000000000000000000e+00 -2.022584622311698510e+01 1.811748355850133407e+01 -2.768490092952571402e+01 3.000000000000000000e+01 2.165011563972395248e+00 1.506549395724854135e+00 4.045122383290665091e+00 0.000000000000000000e+00 4.658509698050176340e+00 6.817681114671476195e+00 0.000000000000000000e+00 0.000000000000000000e+00 0.000000000000000000e+00 0.000000000000000000e+00 0.000000000000000000e+00
-2.028362539357310368e+01 3.121724783076699428e+00 2.768400940548941591e+01 -2.801647435479187465e+01 0.000000000000000000e+00 2.307281635258907926e+01 -1.070853683683634117e+01 -2.406556864217779435e+01 2.085826256797596656e+01 0.000000000000000000e+00 -2.811724973967921670e+01 -3.497531274396952217e-01 3.000000000000000000e+01 3.000000000000000000e+01 3.161511687231322032e-02 -1.178504118421770741e+01 1.047337718838999177e+00 0.000000000000000000e+00 4.204300860428046072e+00 1.037592994549439013e-01 0.000000000000000000e+00 0.000000000000000000e+00 0.000000000000000000e+00 0.000000000000000000e+00 0.000000000000000000e+00
3.000000000000000000e+01 6.158825582248176111e+00 2.071838741201722911e+01 3.000000000000000000e+01 0.000000000000000000e+00 1.031022342836807049e+01 3.000000000000000000e+01 3.000000000000000000e+01 4.549979067383429943e+00 0.000000000000000000e+00 2.555900306824046098e+01 -2.499087012493883364e+01 3.000000000000000000e+01 3.000000000000000000e+01 0.000000000000000000e+00 -1.861188222872462816e+01 -4.134834184878348751e-01 0.000000000000000000e+00 -6.750519747220254274e+00 0.000000000000000000e+00 0.000000000000000000e+00 0.000000000000000000e+00 0.000000000000000000e+00 0.000000000000000000e+00 0.000000000000000000e+00
2.312042582621074871e+01 -1.161547991974739880e+01 6.226314611628819051e+00 1.930065856900595733e+01 0.000000000000000000e+00 -9.089136448988783812e+00 8.431651906323718748e+00 2.552852712343788255e+01 -4.684852887304562508e+00 0.000000000000000000e+00 2.037477238917712086e+01 3.000000000000000000e+01 1.937388545990702937e+01 -3.526771626141790517e+00 0.000000000000000000e+00 -2.434922833318663393e+01 -1.732722885150960845e+00 0.000000000000000000e+00 -1.384056709005536590e+01 0.000000000000000000e+00 0.000000000000000000e+00 0.000000000000000000e+00 0.000000000000000000e+00 0.000000000000000000e+00 0.000000000000000000e+00
1.233448577643844679e+01 -1.556332060475372892e+01 -7.567122487586722457e+00 8.610612671423249154e+00 0.000000000000000000e+00 -5.497534596995865996e+00 -8.985901583336449505e+00 5.645786367007743500e+00 -8.090989913962079783e+00 0.000000000000000000e+00 -1.258431745606748864e+00 2.032800694253813134e+01 -3.266941882094178240e+00 -1.783031414781422441e+01 0.000000000000000000e+00 2.555530921425348723e+01 -6.794129010001434210e+00 0.000000000000000000e+00 -2.210836132951188304e+01 0.000000000000000000e+00 0.000000000000000000e+00 0.000000000000000000e+00 0.000000000000000000e+00 0.000000000000000000e+00 0.000000000000000000e+00
1.542332784902688125e+01 2.346191824828085615e+01 2.086665032589422353e+01 6.050892455036327444e-01 0.000000000000000000e+00 -2.590212260477415995e+01 -3.798669335631168487e+00 -1.151792641109810944e+01 -7.688515658547089515e+00 0.000000000000000000e+00 2.213878590734829999e+01 -3.236825861881248212e+00 5.728101461358465762e+00 1.843114086978116717e+01 0.000000000000000000e+00 1.905147786523694364e+01 -8.811207093953258962e+00 0.000000000000000000e+00 3.000000000000000000e+01 0.000000000000000000e+00 0.000000000000000000e+00 0.000000000000000000e+00 0.000000000000000000e+00 0.000000000000000000e+00 0.000000000000000000e+00
-1.242897627209604217e+01 -5.525476061107650771e+00 2.656923111193404630e+00 0.000000000000000000e+00 0.000000000000000000e+00 -1.671031941368162421e+01 3.000000000000000000e+01 -2.129135579119076738e+01 5.913386589673677918e+00 0.000000000000000000e+00 6.208216335855457402e+00 1.813402784117573674e+01 7.846226646555162887e+00 1.967721779632936929e+01 0.000000000000000000e+00 6.068433316200481542e+00 9.310236624737427968e-01 0.000000000000000000e+00 2.745839588557510424e+01 0.000000000000000000e+00 0.000000000000000000e+00 0.000000000000000000e+00 0.000000000000000000e+00 0.000000000000000000e+00 0.000000000000000000e+00
-2.648496792085277551e+00 2.304734627525918711e+01 -8.211888450280577345e+00 0.000000000000000000e+00 0.000000000000000000e+00 2.923670574045188530e+01 1.482863169463877995e+01 -3.000000000000000000e+01 7.113774443593413821e+00 0.000000000000000000e+00 1.308962817537052681e+00 -5.610263694741381535e+00 -1.406257699610956280e+01 1.535982838624887847e+01 0.000000000000000000e+00 -1.223495815365877171e+01 -1.590057037240856097e+01 -2.731167444711441128e+00 1.721899332022908169e+01 0.000000000000000000e+00 0.000000000000000000e+00 0.000000000000000000e+00 0.000000000000000000e+00 0.000000000000000000e+00 0.000000000000000000e+00
1.884356524994165838e+01 4.513238663346307078e+00 -2.112147844028863375e+01 -1.351321520290195366e+00 0.000000000000000000e+00 2.466258929280595069e+01 1.313091115650994389e+01 2.451310826734462012e+01 1.164009322077821906e+01 0.000000000000000000e+00 -2.250455383977199730e+01 2.241155897400392405e+01 -2.103092483355144893e+01 3.942874055421779822e+00 0.000000000000000000e+00 -2.539995106204262854e+01 -2.456782601838098401e+01 -8.417575605201173872e+00 6.172917588468173733e+00 0.000000000000000000e+00 -5.338567654772623516e-01 0.000000000000000000e+00 -4.466861284023798673e-02 -3.424558841576326451e-02 0.000000000000000000e+00
-1.682759078502677363e+00 -1.609218662186765059e+01 3.000000000000000000e+01 -8.669896111169279607e+00 0.000000000000000000e+00 -1.113834986442355302e+01 -8.178232332589608689e+00 1.289885064529643088e+01 1.119473792799167455e+01 0.000000000000000000e+00 1.856321318727832193e+01 1.384358822650871446e+01 3.000000000000000000e+01 9.558122781050528705e-01 0.000000000000000000e+00 3.000000000000000000e+01 3.000000000000000000e+01 -1.006884218814498233e+01 -5.556153852006269211e-01 0.000000000000000000e+00 -5.266723478597291397e+00 0.000000000000000000e+00 -3.458026713515618855e+00 -2.119612541106160375e+00 0.000000000000000000e+00
-1.004120158899941551e+01 -2.855870470126768268e+01 2.793919286590789142e+01 -1.258455050884593796e+01 0.000000000000000000e+00 2.972201051663070714e+01 -2.507842327260481952e+01 8.173315016877364059e+00 1.474130957899841166e+00 0.000000000000000000e+00 6.105305980409253763e+00 -1.482239497989573884e+01 1.238274458137730427e+01 0.000000000000000000e+00 0.000000000000000000e+00 2.972435166222616232e+01 2.407718547182579627e+01 -1.641355821744382126e+01 -6.589408805649433987e+00 0.000000000000000000e+00 -8.754975509904534547e+00 -6.319610943921109225e+00 -4.897509495630491649e+00 -9.718489377694188747e+00 0.000000000000000000e+00
-2.094677073297228631e+01 -2.791066325598606568e+01 4.651174568028370260e+00 -1.547402002732482096e+01 0.000000000000000000e+00 1.716712400173651787e+01 -2.956509086583116641e+01 -8.527037158448584009e+00 2.381011027916904998e-01 0.000000000000000000e+00 -7.901480280176357951e+00 2.802530007440870818e+01 -2.854182630698542056e+00 0.000000000000000000e+00 0.000000000000000000e+00 2.417100601178502828e+01 2.423312657134317405e+01 -2.350793055581927149e+01 -6.921642593171872804e+00 0.000000000000000000e+00 -9.255556685404455308e+00 -1.418868973710074144e+01 -1.327227396042415464e+01 -1.146875694617149044e+01 0.000000000000000000e+00
1.707479912061157279e+01 -3.000000000000000000e+01 -1.560302264328436550e+01 -2.131491186424991824e+01 0.000000000000000000e+00 -7.311847707447796552e+00 2.720314472463932276e+01 -1.867689790030690844e+01 0.000000000000000000e+00 0.000000000000000000e+00 1.524871498511835100e+01 8.132966407017480748e+00 2.190626257247049580e+01 0.000000000000000000e+00 0.000000000000000000e+00 2.297267969700551760e+01 2.121900344274264771e+00 -3.000000000000000000e+01 -1.082095677481997420e+01 0.000000000000000000e+00 -9.160499727132361159e+00 -2.102374366217004464e+01 -1.693661996473573694e+01 -2.585263939129648492e+01 0.000000000000000000e+00
-2.473695063822924212e+01 3.000000000000000000e+01 -2.480720884751203315e+01 3.000000000000000000e+01 0.000000000000000000e+00 6.844628884959141679e+00 1.791327675999218627e+01 -1.398993468398125017e+01 0.000000000000000000e+00 0.000000000000000000e+00 -1.530678287982503960e+01 -8.935346152089376659e+00 1.465494129989337146e+01 0.000000000000000000e+00 0.000000000000000000e+00 2.854938610017301670e+01 -1.821394162310648568e+01 3.000000000000000000e+01 -1.274614780768122735e+01 0.000000000000000000e+00 -1.709610774233658859e+01 -3.000000000000000000e+01 -2.543281799552325140e+01 -2.654037743549666573e+01 0.000000000000000000e+00
3.000000000000000000e+01 3.000000000000000000e+01 2.967979630705880112e+01 2.941221484698197131e+01 0.000000000000000000e+00 1.753654672068231335e+01 7.880570208044845870e+00 -1.895764578510011233e+01 0.000000000000000000e+00 0.000000000000000000e+00 -2.972498527164534110e+01 1.800911409706938571e+01 5.872352428745907460e+00 0.000000000000000000e+00 0.000000000000000000e+00 1.284754353773085178e+01 2.896705472317676922e+01 1.995275118277359638e+01 2.001352078047660754e+01 0.000000000000000000e+00 -2.912274332700324564e+01 -3.000000000000000000e+01 3.000000000000000000e+01 2.801912479319226534e+01 0.000000000000000000e+00
2.188460131257090069e+01 2.374578965128794650e+01 1.469231150715572198e+01 2.535631681335076593e+01 0.000000000000000000e+00 -1.771557183599926866e+00 -1.698987704447081981e+01 -2.974568589883334369e+01 0.000000000000000000e+00 0.000000000000000000e+00 2.826251506960164406e+01 -2.289816327761505121e+00 -3.319591121963855196e-02 -3.248829508419686096e-01 0.000000000000000000e+00 5.311563041164744980e+00 1.502726903295114980e+01 2.073809342446959647e+01 1.431274650405667614e+01 0.000000000000000000e+00 1.913554966834586679e+01 2.972668010277803319e+01 2.509382743596607312e+01 2.319463165135343630e+01 0.000000000000000000e+00
1.385788705220424433e+01 2.202583455776253629e+01 7.579275534421514582e-01 2.577896773302170885e+01 0.000000000000000000e+00 -2.186809316923050517e+01 2.951561828782405428e+01 2.959893041282232673e+01 0.000000000000000000e+00 0.000000000000000000e+00 -1.392166071866493127e+01 -1.845855184326697085e+01 1.595938114449985790e+01 -5.767939926204356915e+00 0.000000000000000000e+00 8.637643888242182655e+00 -1.232096028567669599e+01 3.000000000000000000e+01 6.206957202951706165e+00 0.000000000000000000e+00 -5.179781890890049034e+00 3.000000000000000000e+01 1.379050898267969139e+01 2.204515199851150697e+01 0.000000000000000000e+00
1.005970050795142612e+01 1.296689738425846805e+01 0.000000000000000000e+00 1.231248341756611886e+01 0.000000000000000000e+00 2.713355675481177087e+01 1.992593766369238040e+01 3.000000000000000000e+01 0.000000000000000000e+00 0.000000000000000000e+00 3.000000000000000000e+01 -1.912927534198336943e+00 3.432178550727145172e+00 -1.504927148998213760e+01 0.000000000000000000e+00 -7.332718490034706882e+00 2.217937619531740268e+01 -2.550224267697333680e+00 2.105052106910900722e+00 0.000000000000000000e+00 1.798261870269800156e+01 3.000000000000000000e+01 9.796509782878660033e+00 1.704602716968072329e+01 0.000000000000000000e+00
5.696151561978610722e+00 3.014499722922117098e+00 0.000000000000000000e+00 3.767593519158179305e+00 0.000000000000000000e+00 1.131820350507703843e+01 3.000000000000000000e+01 2.360487349496999343e+01 0.000000000000000000e+00 0.000000000000000000e+00 -2.405891335593086211e+01 -2.071777047464826538e+01 -9.674238358630457668e+00 -1.748237148804784269e+01 0.000000000000000000e+00 -2.211061554354780156e+01 1.185321542520437976e+00 2.767588656102278932e+01 1.244869819390083121e+00 0.000000000000000000e+00 1.348860232590229735e+01 2.267064942440068265e+01 1.120378228762460182e+00 9.785653442259082624e+00 0.000000000000000000e+00
1.236578373911421558e+00 1.101242866674462945e-02 0.000000000000000000e+00 8.452701207016269924e-01 0.000000000000000000e+00 -2.110743203248975419e+01 3.000000000000000000e+01 1.849230913962608369e+01 -6.893661966427748755e-01 0.000000000000000000e+00 3.000000000000000000e+01 -2.759803530313625686e+01 -2.283408517358464351e+01 -2.298720084783317574e+01 0.000000000000000000e+00 -3.210506641762376212e+00 -6.657349076008476807e+00 2.635673520123396685e+01 -4.566503462245822043e+00 0.000000000000000000e+00 -1.309438270924327741e+00 2.060696336183992372e+01 -5.211426303142276950e-01 7.043336636346662072e-01 0.000000000000000000e+00
0.000000000000000000e+00 0.000000000000000000e+00 0.000000000000000000e+00 0.000000000000000000e+00 0.000000000000000000e+00 -2.279171322973645886e+01 2.238833872407621328e+01 1.843272654310723269e+01 -1.077906244851995687e+01 0.000000000000000000e+00 2.446165747827658876e+01 2.275831625719559170e+01 -2.477821456776846532e+01 -2.815829978129155009e+01 0.000000000000000000e+00 -2.320410898925581833e+01 1.395848742430958467e+01 1.839467662940651849e+01 -1.243282268675776869e+01 0.000000000000000000e+00 -1.363446587121618236e+01 1.203356403737430469e+01 -1.265562022833769440e+01 -7.977035693088554424e+00 0.000000000000000000e+00
0.000000000000000000e+00 0.000000000000000000e+00 0.000000000000000000e+00 0.000000000000000000e+00 0.000000000000000000e+00 -1.774543392358269500e+01 1.880267533033127236e+01 9.792548711141886741e+00 -2.298179548665934036e+01 0.000000000000000000e+00 1.835728166780134529e+01 2.792425225296877755e+01 -2.273106352068429103e+01 2.979884515336228645e+01 0.000000000000000000e+00 2.981534234742920120e+01 1.713727455123520427e+00 6.277106241181836133e+00 -2.678141309659230274e+01 0.000000000000000000e+00 -2.100113093877476445e+01 4.132726152660973540e+00 -1.231280753003172990e+01 -1.714041208316058729e+01 0.000000000000000000e+00
0.000000000000000000e+00 0.000000000000000000e+00 0.000000000000000000e+00 0.000000000000000000e+00 0.000000000000000000e+00 -2.513578978247002027e+01 7.477859389712890881e+00 2.091022317008108533e-01 -2.499274517590306033e+01 0.000000000000000000e+00 3.000000000000000000e+01 -3.000000000000000000e+01 -2.962243129314039436e+01 3.000000000000000000e+01 0.000000000000000000e+00 -2.030075698518259841e+01 -1.809696029396065597e+01 -6.396288834299274084e-01 -3.000000000000000000e+01 0.000000000000000000e+00 -2.020450028567314504e+01 2.521859040291433729e+01 -2.247793145098449941e+01 -2.302312022525011059e+01 0.000000000000000000e+00
0.000000000000000000e+00 0.000000000000000000e+00 0.000000000000000000e+00 0.000000000000000000e+00 0.000000000000000000e+00 3.000000000000000000e+01 -6.753738705625936589e+00 0.000000000000000000e+00 -2.269378069013954047e+01 0.000000000000000000e+00 2.428905431737538123e+01 3.000000000000000000e+01 2.008558228542290536e+01 2.120215927638000508e+01 0.000000000000000000e+00 3.000000000000000000e+01 3.000000000000000000e+01 -1.826007197509852631e+01 3.000000000000000000e+01 0.000000000000000000e+00 3.000000000000000000e+01 7.437931635441779932e+00 3.000000000000000000e+01 3.000000000000000000e+01 0.000000000000000000e+00
0.000000000000000000e+00 0.000000000000000000e+00 0.000000000000000000e+00 0.000000000000000000e+00 0.000000000000000000e+00 2.391439280492141251e+01 -1.728053487052795134e+01 0.000000000000000000e+00 3.000000000000000000e+01 0.000000000000000000e+00 8.899073713224051829e+00 3.000000000000000000e+01 -1.789707569430321055e+00 2.311837231292453154e+01 0.000000000000000000e+00 2.921232881675341631e+01 3.000000000000000000e+01 2.459532201021916364e+01 2.908804848582626690e+01 0.000000000000000000e+00 2.652709553274186760e+01 -9.655915552032359628e+00 2.209919941599861204e+01 2.407736154094274283e+01 0.000000000000000000e+00
0.000000000000000000e+00 0.000000000000000000e+00 0.000000000000000000e+00 0.000000000000000000e+00 0.000000000000000000e+00 1.415533438336498229e+01 3.000000000000000000e+01 0.000000000000000000e+00 2.880591350523985028e+01 0.000000000000000000e+00 -6.788569517473200143e+00 1.536293863006944704e+01 -1.393141913641369101e+01 9.751312340890795127e+00 0.000000000000000000e+00 2.050676607355111969e+01 7.644433328499077085e+00 1.367619587038364415e+01 1.237277599140108464e+01 0.000000000000000000e+00 2.110374350569404456e+01 -1.282221087703154438e+01 2.267875093571655043e+01 2.345131730973044881e+01 0.000000000000000000e+00
0.000000000000000000e+00 0.000000000000000000e+00 0.000000000000000000e+00 0.000000000000000000e+00 0.000000000000000000e+00 3.253250607734895716e+00 2.288753866076232768e+01 0.000000000000000000e+00 2.349644092564659559e+01 0.000000000000000000e+00 -9.743295703306833033e+00 -5.936484724085613784e+00 1.512296430686035542e+01 -3.504595205940055913e-01 0.000000000000000000e+00 -2.361177589027569113e+01 -8.901323798582346569e+00 1.702830841515912752e+01 -5.333386182649149987e+00 0.000000000000000000e+00 1.513751520869668532e+01 2.125643426936131419e+01 2.044663500439243364e+01 2.401303204234438482e+01 2.388208697075890896e-01
0.000000000000000000e+00 0.000000000000000000e+00 0.000000000000000000e+00 0.000000000000000000e+00 0.000000000000000000e+00 -7.347804633289499066e+00 1.074522105422152762e+01 0.000000000000000000e+00 8.669382105956870532e+00 0.000000000000000000e+00 4.082630073881995392e-01 -1.728503301752622789e+01 5.405212184062805569e+00 -1.500803492750983281e+01 0.000000000000000000e+00 2.055570682035961028e+01 2.790492520932780884e+00 -5.251284203879720280e+00 2.025222082947942148e+00 -1.349791198977898343e+00 -5.943707306882290098e+00 -5.178681084265923218e+00 -1.117820281273229188e+00 1.427351959537788240e+01 -5.403160161247557269e+00
0.000000000000000000e+00 0.000000000000000000e+00 0.000000000000000000e+00 0.000000000000000000e+00 0.000000000000000000e+00 -1.719075587102791047e+01 1.106618794607583611e+00 0.000000000000000000e+00 5.937668347458544105e+00 0.000000000000000000e+00 -1.850160508967709561e+00 7.550667529863497762e+00 1.816385085952569867e-01 1.890914029984101319e+01 -2.404609914706613838e-01 -3.869838286128127969e+00 -6.535366671613585865e+00 2.630404723315649917e+01 -6.968838318477175164e+00 -6.910290645334656645e+00 -2.543148055203449331e+01 7.739620197218931352e+00 2.331385784969505792e+01 -1.804869373270675936e+01 -9.105781634035018612e+00
0.000000000000000000e+00 0.000000000000000000e+00 0.000000000000000000e+00 0.000000000000000000e+00 0.000000000000000000e+00 -2.127222837057860261e+01 -8.209200357482421495e+00 0.000000000000000000e+00 -1.631954245573301043e-01 -2.669580743550274526e+00 -8.144023364420938549e+00 -1.723998769894169669e+01 -1.195421050824124087e+01 -2.021151847751849306e+00 -4.842440297649627468e+00 -3.000000000000000000e+01 2.939496899739764757e+01 -2.598395599562417502e+01 -2.925200863268691620e+01 -2.428951657721213664e+01 2.591436648063271164e+01 -1.537735443424899806e+01 1.029528711106995864e+01 3.000000000000000000e+01 -7.099376804201898317e+00
0.000000000000000000e+00 0.000000000000000000e+00 0.000000000000000000e+00 0.000000000000000000e+00 0.000000000000000000e+00 -2.567995266438742874e+01 -1.318726029927184484e+01 0.000000000000000000e+00 -5.040680741980919422e+00 -1.140696370959892114e+01 -1.949045139262085513e+01 -2.382352999457220122e+01 -1.013196778933626163e+01 -2.349353503795314069e+01 -1.374506654732209832e+01 -1.803978959726384446e+01 1.280355089367709809e+00 1.333650495349080600e+01 -2.841696956428550536e+01 -2.388857810651487057e+01 -4.047478589600822518e-02 -2.689984112003774541e+01 9.152464454775278924e+00 -2.373628731240826184e+01 -1.585506707940191262e+01
0.000000000000000000e+00 0.000000000000000000e+00 0.000000000000000000e+00 0.000000000000000000e+00 0.000000000000000000e+00 -2.160496289921630719e+01 -1.033416258553459066e+01 0.000000000000000000e+00 -1.378895944468117030e+01 -2.269338794294066020e+01 -2.785061828782185600e+01 2.555354445433089339e+01 1.464312856914267869e+01 -2.446989231160079115e+01 -2.526276688959827865e+01 -2.631633559234176900e+01 -2.404430610021919179e+01 -8.002352361146929383e+00 2.775095280260097041e+01 -2.791633483068422805e+01 -1.833673804700796950e+01 -1.656635685416845760e+01 -1.252394235270761058e+01 -3.000000000000000000e+01 -2.297579225557279514e+01
