# yaw
0.000000000000000000e+00 0.000000000000000000e+00 0.000000000000000000e+00 0.000000000000000000e+00 0.000000000000000000e+00 2.098656456676643245e+01 -2.047975147957273734e+01 0.000000000000000000e+00 -1.154371745512731806e+01 2.505505309776239997e+01 3.000000000000000000e+01 -1.260691161414308503e+01 -1.624519438947892880e+01 2.882622805703177704e+01 3.000000000000000000e+01 3.000000000000000000e+01 3.000000000000000000e+01 1.164736250858535094e+01 3.000000000000000000e+01 3.000000000000000000e+01 3.000000000000000000e+01 1.065563279996466939e+00 2.168218647331924132e+01 -3.000000000000000000e+01 3.000000000000000000e+01
0.000000000000000000e+00 0.000000000000000000e+00 0.000000000000000000e+00 0.000000000000000000e+00 0.000000000000000000e+00 2.084289040300371454e+01 -2.513531921847356632e+00 0.000000000000000000e+00 -1.540303975443247353e+01 1.785072634360659549e+01 3.000000000000000000e+01 -2.001327946459478113e+01 4.633099790764832804e+00 1.248073720246309470e+01 2.204608935970260220e+01 2.869864452295304602e+01 3.000000000000000000e+01 2.467529216985780316e+00 2.484743423178481692e+01 1.851048659078766079e+01 2.626060396789038620e+01 -1.311811162275031695e+00 -9.291230815960336287e+00 2.827871051756106269e+01 2.423486385352810757e+01
0.000000000000000000e+00 0.000000000000000000e+00 0.000000000000000000e+00 0.000000000000000000e+00 0.000000000000000000e+00 1.639768392306312350e+01 2.824167453787392645e+01 0.000000000000000000e+00 -2.239751342189336469e+01 1.644845308654358007e+01 1.226108582362278554e+01 1.737584879736544607e+01 1.796138405317987363e+01 5.471929457645333117e-02 1.278767220132441551e+01 1.760803174843458052e+01 2.234431565523355090e+01 -1.864281549524331894e+01 1.677242549804043747e+01 8.214748185895411225e+00 1.729898630219042133e+01 -1.642480822479869573e+01 -2.860601131246230011e+01 2.529574915122904244e+01 5.691171229619838456e+00
0.000000000000000000e+00 0.000000000000000000e+00 0.000000000000000000e+00 0.000000000000000000e+00 0.000000000000000000e+00 1.088088957510844956e+01 2.179998799013928590e+01 0.000000000000000000e+00 2.674039938257529769e+01 1.347178750336403930e+01 1.199549095351721739e+01 4.440712809791675930e+00 6.804034695102775920e+00 -8.003185715874131745e+00 0.000000000000000000e+00 1.249670858812126362e+01 8.139390485315933788e+00 1.962036713456223325e+01 1.892683963713842132e+01 -1.535783709322627999e+01 1.298364545406432136e+01 2.657722170419471297e+01 2.470655471730750108e+01 1.742518422469736095e+01 2.111903506918470086e+01
0.000000000000000000e+00 0.000000000000000000e+00 0.000000000000000000e+00 0.000000000000000000e+00 0.000000000000000000e+00 5.686473422125778443e-01 1.685665537011671944e+01 0.000000000000000000e+00 2.622080832364648728e+01 1.069649129285406630e+01 -8.083591303499166880e-01 -6.527316358239225735e-01 -1.228962444999879011e+01 -2.624777292504067461e+01 -7.147755516630346584e+00 7.367526931933841006e+00 3.275205237670384406e+00 1.892994791049876468e+01 -9.169426416154143666e+00 1.501942343684730652e+01 1.732166520642207219e+00 -2.619150228093598187e+01 2.160302209068044377e+01 1.776906539458394008e+01 -1.110900048934605922e+00
0.000000000000000000e+00 0.000000000000000000e+00 0.000000000000000000e+00 0.000000000000000000e+00 0.000000000000000000e+00 0.000000000000000000e+00 7.969253183360636150e+00 0.000000000000000000e+00 2.049557489455984083e+01 2.703224699511278306e+00 0.000000000000000000e+00 -1.383633493141026527e+01 -2.915580675223651852e+01 2.297617644108198576e+01 -2.730711326648206594e+01 2.534222116410930425e+00 1.895022815004725913e+00 -1.222665786570657964e+01 2.047665065302632570e+01 -6.504236218555587534e+00 0.000000000000000000e+00 2.932981396045597577e+01 -5.624418374741669169e+00 -2.454396482086876885e-01 2.509976779417568338e+01
0.000000000000000000e+00 0.000000000000000000e+00 0.000000000000000000e+00 0.000000000000000000e+00 0.000000000000000000e+00 0.000000000000000000e+00 7.395424560086266474e+00 0.000000000000000000e+00 2.456596132161358526e+01 0.000000000000000000e+00 0.000000000000000000e+00 -2.469507935638930007e+00 3.000000000000000000e+01 -1.124277789130800898e+00 3.000000000000000000e+01 0.000000000000000000e+00 0.000000000000000000e+00 -2.379140835791445241e+01 -1.078839682192044158e+01 -3.000000000000000000e+01 0.000000000000000000e+00 2.894680708258736601e+01 -1.218672060028760740e+01 2.380013223896837005e+01 1.792373781705885705e+01
0.000000000000000000e+00 0.000000000000000000e+00 0.000000000000000000e+00 0.000000000000000000e+00 0.000000000000000000e+00 0.000000000000000000e+00 0.000000000000000000e+00 0.000000000000000000e+00 1.114450255430513081e+01 0.000000000000000000e+00 0.000000000000000000e+00 -2.524455726036935133e+01 3.000000000000000000e+01 2.680014288046112370e+01 2.371880660018023335e+01 0.000000000000000000e+00 0.000000000000000000e+00 3.000000000000000000e+01 -1.726061373812147792e+01 3.000000000000000000e+01 0.000000000000000000e+00 1.807263165391417559e+01 6.685411361318803536e+00 4.244652232327624120e+00 -4.219436802393871311e+00
0.000000000000000000e+00 0.000000000000000000e+00 0.000000000000000000e+00 0.000000000000000000e+00 0.000000000000000000e+00 0.000000000000000000e+00 -4.331875132532322370e-01 0.000000000000000000e+00 8.347170367699897620e-01 -6.948750425702284517e+00 0.000000000000000000e+00 2.350531939670384673e+01 3.000000000000000000e+01 6.745611943649813647e+00 2.304241950800553695e+01 0.000000000000000000e+00 0.000000000000000000e+00 7.952656517684911108e+00 2.937272292090361603e+01 2.474997018963103557e+01 0.000000000000000000e+00 1.764872580442850492e+01 -2.396999899873858197e+00 -5.494142064332590003e-01 -2.155514920945248036e+01
0.000000000000000000e+00 0.000000000000000000e+00 0.000000000000000000e+00 0.000000000000000000e+00 0.000000000000000000e+00 0.000000000000000000e+00 -8.480176277080246905e+00 0.000000000000000000e+00 -2.828919862409966512e+00 -1.819913270169724484e+01 0.000000000000000000e+00 5.569970070354032465e+00 2.140907062936482319e+01 1.983813949849426450e+01 2.117561091984375921e+01 0.000000000000000000e+00 0.000000000000000000e+00 1.077186825813477000e+01 1.839246823360025829e+01 6.244154430710620929e+00 0.000000000000000000e+00 1.253763916580597915e+01 2.172807053563008139e+01 -2.176638171241591024e+01 -3.000000000000000000e+01
0.000000000000000000e+00 0.000000000000000000e+00 0.000000000000000000e+00 0.000000000000000000e+00 0.000000000000000000e+00 0.000000000000000000e+00 -2.117997547464531749e+01 -1.632331795837198563e+00 -1.470122951244112386e+01 -2.210212339200160159e+01 0.000000000000000000e+00 -4.593289974615235138e+00 -9.817696677047726972e-01 9.800772163974095008e+00 2.105908757554560395e+01 0.000000000000000000e+00 0.000000000000000000e+00 -5.876108260738690525e+00 2.446105016219775052e+01 -1.925703661969208058e+00 0.000000000000000000e+00 8.378887115261275387e-01 1.267147884970601046e+00 2.415929477526936608e+01 3.000000000000000000e+01
0.000000000000000000e+00 0.000000000000000000e+00 0.000000000000000000e+00 0.000000000000000000e+00 0.000000000000000000e+00 0.000000000000000000e+00 -3.000000000000000000e+01 -1.099618597724309410e+01 -1.754981831026896799e+01 3.000000000000000000e+01 0.000000000000000000e+00 -1.255638715397282468e+01 -1.914104912265766956e+01 -9.903297366593671214e+00 6.329904428485946255e-01 0.000000000000000000e+00 0.000000000000000000e+00 2.154276287615203245e+01 -6.825234720047379078e+00 -1.402230778329226091e+01 0.000000000000000000e+00 0.000000000000000000e+00 -1.772302024405616905e+01 7.680117087402719811e+00 3.000000000000000000e+01
0.000000000000000000e+00 0.000000000000000000e+00 -1.688454746699963316e+00 0.000000000000000000e+00 0.000000000000000000e+00 0.000000000000000000e+00 2.504107016787251894e+01 -1.614510084559979930e+01 -2.228266368278055509e+01 2.307271168484041723e+01 0.000000000000000000e+00 1.690352393220814875e+01 2.081853532925432049e+01 8.420599457739491811e+00 4.046625946936632801e+00 0.000000000000000000e+00 0.000000000000000000e+00 2.737705099978929635e+00 -2.340883611922093621e+01 1.103044787209625532e+01 0.000000000000000000e+00 -1.663747896989666186e+00 2.569926453949112144e+01 -1.271265040589799966e+01 2.399492751287166215e+01
0.000000000000000000e+00 0.000000000000000000e+00 -1.135938145895593365e+01 0.000000000000000000e+00 0.000000000000000000e+00 0.000000000000000000e+00 1.957435952058591511e+01 -1.046616666668903228e+01 3.000000000000000000e+01 8.687710359884080802e+00 0.000000000000000000e+00 1.800015887418521743e+01 4.960355476857536416e+00 -1.237778706022191777e+01 2.082107568917647100e+01 0.000000000000000000e+00 0.000000000000000000e+00 -1.404259239755621103e+01 1.755697322890359757e+01 -6.840675921901015144e+00 0.000000000000000000e+00 -7.273927285598572823e+00 1.208026994316472624e+01 5.487496719913107057e+00 1.236653697971488519e+01
0.000000000000000000e+00 -4.019517186556786470e+00 -1.318053652609721915e+01 0.000000000000000000e+00 -1.088320338633041173e-01 0.000000000000000000e+00 8.733257207688772894e+00 -1.611235324907541866e+01 2.481503739124865504e+01 -1.901367545637480561e+01 0.000000000000000000e+00 1.197997584910785562e+01 0.000000000000000000e+00 1.273194429864236099e+01 4.653429432320924652e-01 0.000000000000000000e+00 0.000000000000000000e+00 3.951835551012228276e+00 -9.176790912734050565e+00 8.253782900249030163e+00 0.000000000000000000e+00 -1.090872442276980792e+01 -1.859258706422949547e+00 -1.528368020590247589e+01 4.535481278956409179e-01
0.000000000000000000e+00 -1.613330013090731541e+01 -1.647664878796954468e+01 -9.206823543001393384e-01 -1.118046401567240977e+01 0.000000000000000000e+00 0.000000000000000000e+00 -2.355576024938823565e+01 -3.000000000000000000e+01 3.000000000000000000e+01 0.000000000000000000e+00 -1.302484719992872408e+00 -9.880979432733118628e+00 -1.061718808685232673e+01 -1.261117980123870375e+01 0.000000000000000000e+00 0.000000000000000000e+00 -1.414315890914541107e+01 9.123029271163646925e+00 -1.636676172423030096e+01 0.000000000000000000e+00 -1.330994310922222468e+01 -1.332804710337016196e+01 -2.403713373866452230e+01 -1.884145174650495136e+01
0.000000000000000000e+00 -1.924571580597260123e+01 -2.140867284911229618e+01 -1.286902637176062392e+01 -1.689861437056252313e+01 0.000000000000000000e+00 -5.056575912644071025e+00 -2.930861323395770057e+01 9.738406591039115767e+00 2.095599308791414828e+01 0.000000000000000000e+00 -1.334490868666583907e+01 -2.819550178882871094e+01 -1.596027216216559808e+01 -1.642651543009443316e+01 0.000000000000000000e+00 0.000000000000000000e+00 -1.985647325597351909e+01 -6.994599408730124424e+00 -3.961016327536977411e+00 0.000000000000000000e+00 -1.645554780900807401e+01 -2.442822540382696772e+01 -2.705005243186333175e+01 -1.122655079123135735e+01
0.000000000000000000e+00 -2.279165492187236453e+01 -3.000000000000000000e+01 -2.699463706029765575e+01 -2.090055730036666048e+01 0.000000000000000000e+00 -1.677935804412603105e+01 3.000000000000000000e+01 -2.759463169024094142e+01 -1.217359319770063841e+01 0.000000000000000000e+00 -2.370240482867423992e+01 3.000000000000000000e+01 2.357738607256460028e+01 -3.000000000000000000e+01 0.000000000000000000e+00 0.000000000000000000e+00 -3.000000000000000000e+01 3.000000000000000000e+01 -1.718853354961573032e+01 0.000000000000000000e+00 -2.285759396118951869e+01 -3.000000000000000000e+01 -3.000000000000000000e+01 -2.167089060613116658e+01
0.000000000000000000e+00 3.000000000000000000e+01 3.000000000000000000e+01 -3.000000000000000000e+01 3.000000000000000000e+01 0.000000000000000000e+00 -2.441709374981420666e+01 1.817880207585953301e+01 -3.000000000000000000e+01 3.000000000000000000e+01 0.000000000000000000e+00 3.000000000000000000e+01 2.133155552912750608e+01 2.026640767005639887e+01 3.000000000000000000e+01 0.000000000000000000e+00 0.000000000000000000e+00 3.000000000000000000e+01 1.303000314115208269e+01 2.026703046816519560e+01 0.000000000000000000e+00 2.804432863734422199e+01 3.000000000000000000e+01 3.000000000000000000e+01 3.000000000000000000e+01
0.000000000000000000e+00 2.339917960888483250e+01 2.782748952760964656e+01 3.000000000000000000e+01 2.379857539476152084e+01 0.000000000000000000e+00 -1.892060142497715347e+01 1.437700534392066487e+01 1.801013935431412705e+01 1.628674187784217509e+01 0.000000000000000000e+00 2.498195832238563696e+01 2.729549689472638985e+00 -1.765740704053233401e+01 3.000000000000000000e+01 0.000000000000000000e+00 0.000000000000000000e+00 2.820156626021415747e+01 -3.103801937239265007e-01 1.850432593889594557e+01 0.000000000000000000e+00 2.283119565142003893e+01 2.570538868259970045e+01 3.000000000000000000e+01 1.977272392080986307e+01
0.000000000000000000e+00 2.155326986362482344e+01 1.640446626395749874e+01 3.000000000000000000e+01 2.865162449076737161e+01 0.000000000000000000e+00 2.338426066211899013e+01 -8.899486314471491966e-01 0.000000000000000000e+00 1.545089548669657731e+01 0.000000000000000000e+00 1.761028573743739756e+01 -1.123427647251972239e+01 3.000000000000000000e+01 1.573085697511289993e+01 0.000000000000000000e+00 0.000000000000000000e+00 2.124239776732285634e+01 -1.716549775290796731e+01 3.000000000000000000e+01 0.000000000000000000e+00 1.743651030298951099e+01 1.230559305186090135e+01 1.883147083662860410e+01 1.735802983485635664e+01
0.000000000000000000e+00 1.021333415487137586e+01 2.885944858722992734e+01 -2.927075592324656306e+00 1.744842680192614282e+01 0.000000000000000000e+00 1.534590376643666865e+01 -2.861728118161133239e+01 -1.821961264678694548e+01 1.502638834044117822e+01 0.000000000000000000e+00 8.367965478885045494e-01 3.222475502199291686e+00 3.000000000000000000e+01 2.711804846769985389e+01 0.000000000000000000e+00 0.000000000000000000e+00 1.282459913620324521e+01 3.000000000000000000e+01 3.000000000000000000e+01 0.000000000000000000e+00 2.104699889965642257e+01 3.334769345429712928e+00 2.066492737933627666e+01 1.372001978289756963e+01
0.000000000000000000e+00 3.736389655595487858e-01 -4.961903689870318379e-01 3.000000000000000000e+01 -1.345125481998685402e+01 0.000000000000000000e+00 2.341736084898376369e+00 3.000000000000000000e+01 1.659516647514256960e+01 -6.592865265088783566e+00 0.000000000000000000e+00 -1.747627142530730637e+01 1.376636147942755173e+01 1.462885474222013471e+01 0.000000000000000000e+00 0.000000000000000000e+00 0.000000000000000000e+00 3.207873655319466888e+00 3.000000000000000000e+01 -2.661108135014041309e+01 0.000000000000000000e+00 8.351087115051738508e+00 0.000000000000000000e+00 2.232223823984604394e+00 2.957897470399223572e+00
0.000000000000000000e+00 0.000000000000000000e+00 0.000000000000000000e+00 0.000000000000000000e+00 0.000000000000000000e+00 0.000000000000000000e+00 0.000000000000000000e+00 0.000000000000000000e+00 0.000000000000000000e+00 0.000000000000000000e+00 0.000000000000000000e+00 0.000000000000000000e+00 0.000000000000000000e+00 0.000000000000000000e+00 0.000000000000000000e+00 0.000000000000000000e+00 0.000000000000000000e+00 0.000000000000000000e+00 0.000000000000000000e+00 0.000000000000000000e+00 0.000000000000000000e+00 0.000000000000000000e+00 0.000000000000000000e+00 0.000000000000000000e+00 0.000000000000000000e+00
0.000000000000000000e+00 0.000000000000000000e+00 0.000000000000000000e+00 0.000000000000000000e+00 0.000000000000000000e+00 0.000000000000000000e+00 0.000000000000000000e+00 0.000000000000000000e+00 0.000000000000000000e+00 0.000000000000000000e+00 0.000000000000000000e+00 0.000000000000000000e+00 0.000000000000000000e+00 0.000000000000000000e+00 0.000000000000000000e+00 0.000000000000000000e+00 0.000000000000000000e+00 0.000000000000000000e+00 0.000000000000000000e+00 0.000000000000000000e+00 0.000000000000000000e+00 0.000000000000000000e+00 0.000000000000000000e+00 0.000000000000000000e+00 0.000000000000000000e+00
0.000000000000000000e+00 0.000000000000000000e+00 0.000000000000000000e+00 0.000000000000000000e+00 0.000000000000000000e+00 0.000000000000000000e+00 0.000000000000000000e+00 0.000000000000000000e+00 0.000000000000000000e+00 0.000000000000000000e+00 0.000000000000000000e+00 0.000000000000000000e+00 0.000000000000000000e+00 0.000000000000000000e+00 0.000000000000000000e+00 0.000000000000000000e+00 0.000000000000000000e+00 0.000000000000000000e+00 0.000000000000000000e+00 0.000000000000000000e+00 0.000000000000000000e+00 0.000000000000000000e+00 0.000000000000000000e+00 0.000000000000000000e+00 0.000000000000000000e+00
0.000000000000000000e+00 3.000000000000000000e+01 -1.479372467315492479e+01 1.334211156910867402e+01 3.000000000000000000e+01 0.000000000000000000e+00 -3.000000000000000000e+01 -2.407880515002539301e+00 3.000000000000000000e+01 -1.649485280556350242e+00 0.000000000000000000e+00 7.830043032788000623e+00 3.000000000000000000e+01 2.768997063063017805e+01 2.166689993899921163e+01 0.000000000000000000e+00 0.000000000000000000e+00 0.000000000000000000e+00 3.000000000000000000e+01 2.547161251705921003e+01 0.000000000000000000e+00 0.000000000000000000e+00 0.000000000000000000e+00 0.000000000000000000e+00 0.000000000000000000e+00
0.000000000000000000e+00 2.275284286379298138e+01 -2.225272646797114717e+01 2.473955251855631254e-01 2.168353792708401784e+01 0.000000000000000000e+00 1.725266307896151430e+00 2.119303428792210298e+01 3.000000000000000000e+01 -2.030424700705826524e+01 0.000000000000000000e+00 -6.912020037325133259e+00 -2.105559327488774812e+01 4.516071229946026833e+00 -7.598666431057329085e+00 0.000000000000000000e+00 0.000000000000000000e+00 0.000000000000000000e+00 2.216311296815242216e+01 1.819913158497407935e+01 0.000000000000000000e+00 0.000000000000000000e+00 0.000000000000000000e+00 0.000000000000000000e+00 0.000000000000000000e+00
0.000000000000000000e+00 1.965466973080862800e+01 3.000000000000000000e+01 -1.486168649984417200e+01 1.899392564696014318e+01 0.000000000000000000e+00 3.000000000000000000e+01 -2.497837711305341379e+00 4.837939416392837977e+00 -2.369752900713026378e+01 0.000000000000000000e+00 -1.578411563424866415e+01 2.743361500326303570e+01 -1.282380491458921412e+01 -3.000000000000000000e+01 0.000000000000000000e+00 0.000000000000000000e+00 0.000000000000000000e+00 1.265497379667825228e+01 1.062704719720367841e+01 0.000000000000000000e+00 0.000000000000000000e+00 0.000000000000000000e+00 0.000000000000000000e+00 0.000000000000000000e+00
0.000000000000000000e+00 1.224563130112753306e+00 3.000000000000000000e+01 2.900068596601457216e+01 2.425870192603159392e+00 0.000000000000000000e+00 -2.227172913111245212e+00 7.954859096201436053e+00 7.093757202247312321e+00 2.575774444073187297e+01 0.000000000000000000e+00 2.069336308164139737e+01 9.877880414966378808e+00 2.263876830483655667e+01 3.000000000000000000e+01 0.000000000000000000e+00 0.000000000000000000e+00 0.000000000000000000e+00 1.014572600199412200e+01 -4.028655025102606535e-02 0.000000000000000000e+00 0.000000000000000000e+00 0.000000000000000000e+00 0.000000000000000000e+00 0.000000000000000000e+00
0.000000000000000000e+00 -9.584731804529189603e+00 2.584727719638580368e+01 1.800042890646823679e+01 -1.674077779618474437e+01 0.000000000000000000e+00 2.583643765632408673e+01 -1.731591064296531712e+01 -6.576877383082857520e-01 7.847437267498293956e+00 -8.971623692857055854e-02 -4.225783951851386222e-01 1.802676365731520036e+01 3.955728204337182419e+00 2.575657194545214423e+01 4.818119490766203938e-02 0.000000000000000000e+00 0.000000000000000000e+00 0.000000000000000000e+00 -1.896437918481110207e+00 0.000000000000000000e+00 0.000000000000000000e+00 0.000000000000000000e+00 0.000000000000000000e+00 0.000000000000000000e+00
-1.708305948307301536e+00 2.450875369781466162e+01 1.197922879723942557e+01 3.427975555340761815e+00 -1.593874343522256432e+01 0.000000000000000000e+00 -1.753966901034793224e+01 -2.218300796670779107e+01 7.836980588904951972e+00 3.283873974305377086e+00 -9.011141111563615302e-01 -2.144058252212701632e+01 7.073815842111880414e+00 -1.536225356177499002e+01 1.861950050358417741e+01 -1.831145177474232444e+00 -3.035281793051345864e-02 0.000000000000000000e+00 -3.024617996622688820e-01 -6.906372749462617477e+00 0.000000000000000000e+00 0.000000000000000000e+00 0.000000000000000000e+00 0.000000000000000000e+00 0.000000000000000000e+00
-9.324274572537284200e+00 2.070078321893310047e+01 5.505101480446805695e+00 -5.607631782431335310e+00 -6.097380051070342866e+00 -5.350071203046192991e+00 1.560531122216955957e+01 1.242645195548528747e+01 -5.006380722996200960e-01 -1.175977274502810133e+01 -6.771926241315343376e+00 2.884968148952274802e+01 1.404076488147727210e-02 2.602916150946512275e+01 1.178045222998416719e+01 -6.859788110872923284e+00 -2.947709156210982062e+00 0.000000000000000000e+00 -7.587948472191512472e+00 -1.017945583395975007e+01 0.000000000000000000e+00 0.000000000000000000e+00 0.000000000000000000e+00 0.000000000000000000e+00 0.000000000000000000e+00
-1.405134176083992870e+01 -5.745205822469151791e+00 -1.419140793909914677e+01 7.887411013529914694e-01 -2.508034016647665254e+01 -1.163858263829898476e+01 8.994175133243867748e+00 9.330943562679575365e+00 -2.121731500758475164e+01 1.139831185885563647e+00 -1.502555868774429015e+01 1.641193931842721554e+01 -1.543221473155426349e+00 1.072091085514351150e+01 -1.340566901436242908e+00 -1.031504609062040956e+01 -1.356009596145229423e+01 0.000000000000000000e+00 -7.078858357679619573e+00 -1.153037582527431582e+01 0.000000000000000000e+00 0.000000000000000000e+00 0.000000000000000000e+00 0.000000000000000000e+00 0.000000000000000000e+00
-1.640425826505057927e+01 -9.562826921301162741e+00 1.861965134102785768e+01 -1.018762907175133670e+01 -6.640858478604999782e+00 -1.670938060384289514e+01 -1.109397120734662145e+01 1.696310242553556691e+01 -1.886741343375846824e+01 -1.332694303572758976e+01 -2.338477058591110946e+01 4.807840547788205576e+00 -1.305687116726236496e+01 -6.423152756461462332e+00 -1.333602818583627503e+01 -1.533429704236202085e+01 -2.465798162852577846e+01 0.000000000000000000e+00 -1.408052864219138023e+01 -1.380329647102095869e+01 0.000000000000000000e+00 0.000000000000000000e+00 0.000000000000000000e+00 0.000000000000000000e+00 0.000000000000000000e+00
-2.327042653747573198e+01 -2.164904469435582968e+01 6.999806472875498287e+00 -1.126601560527060997e+01 -2.197959042538790797e+01 -2.607656017996476905e+01 1.005367873253108790e+01 -3.055271307418690463e-01 -2.556872368665645112e+01 -2.035605366369082248e+01 -3.000000000000000000e+01 0.000000000000000000e+00 2.698431654676120672e+01 -1.691741294505671434e+01 -2.576688609122809481e+01 -2.054527006678768686e+01 -3.000000000000000000e+01 0.000000000000000000e+00 -2.486707517427092284e+01 -1.476002136066104775e+01 0.000000000000000000e+00 0.000000000000000000e+00 0.000000000000000000e+00 0.000000000000000000e+00 0.000000000000000000e+00
3.000000000000000000e+01 -7.088947428982096177e+00 -2.174647436846623094e+01 -2.915093004944914057e+01 3.000000000000000000e+01 3.000000000000000000e+01 -1.767726260977882902e+01 9.095618390580865409e+00 1.732679197993539688e+01 2.962022688577193463e+01 3.000000000000000000e+01 0.000000000000000000e+00 1.148089759071720017e+01 -2.573190927104705139e+01 3.000000000000000000e+01 2.513702855156238769e+01 3.000000000000000000e+01 0.000000000000000000e+00 -1.862367096323187354e+01 1.840057069725213523e+01 0.000000000000000000e+00 0.000000000000000000e+00 0.000000000000000000e+00 0.000000000000000000e+00 0.000000000000000000e+00
2.406588931154764310e+01 -2.389929867310997835e+01 3.692058603245381043e+00 2.374844054917404179e+01 2.117592411617727421e+01 2.311534067417438720e+01 -2.203296062555228119e+01 4.542877779130829907e+00 4.062003821268251436e+00 1.756411169600960065e+01 2.759485777491829595e+01 -1.190284533672421396e+01 -5.581796594307984805e+00 2.299952341233886699e+01 2.004088227098415942e+01 2.001178252718075257e+01 2.855174239246323253e+01 0.000000000000000000e+00 2.387802197799771520e+01 1.759683592951358833e+01 0.000000000000000000e+00 0.000000000000000000e+00 0.000000000000000000e+00 0.000000000000000000e+00 0.000000000000000000e+00
1.750104023669727837e+01 2.382317247189710230e+01 2.088088319711922836e+01 1.212363008476756931e+00 1.612141058521415360e+01 2.388295126791886602e+01 2.503897275791876353e+01 -8.290862137988490588e+00 -1.018851767341641334e+01 8.518247646520148209e+00 1.939227313890381055e+01 -1.205013286081326385e+01 -1.592937688999408508e+01 1.058695147713273244e+01 8.626926757873876639e+00 1.396689996426020919e+01 2.141836733549494909e+01 0.000000000000000000e+00 1.793811760650782006e+01 1.215271357563467447e+01 0.000000000000000000e+00 0.000000000000000000e+00 0.000000000000000000e+00 0.000000000000000000e+00 0.000000000000000000e+00
1.141066523843519320e+01 4.056176848448810546e+00 4.771624206519987865e+00 2.736424153031824957e+01 1.394607850593212639e+01 9.125461051856284200e+00 9.035869700366633950e+00 -1.418548933790115463e+01 2.592578385556552689e+01 0.000000000000000000e+00 2.226548325375298631e+01 1.634206303019840689e+01 1.551573635438871079e+01 7.002039513081624589e-02 0.000000000000000000e+00 -4.284140580888235128e+00 1.350189111876520620e+01 0.000000000000000000e+00 1.370166238662911695e+01 1.130081042198456842e+01 0.000000000000000000e+00 0.000000000000000000e+00 0.000000000000000000e+00 0.000000000000000000e+00 0.000000000000000000e+00
-5.070816145845348899e+00 2.519707484641595840e+01 -1.438106029042184453e+01 1.784098498335442784e+01 9.166208889751644051e+00 1.031774489392375482e+00 -1.411946094549352537e+01 -2.033746741713739681e+01 1.056657100948104144e+01 0.000000000000000000e+00 9.445882764278094257e+00 5.784730183143722115e+00 1.900974595143239965e+00 -9.071031905220864999e+00 0.000000000000000000e+00 3.000000000000000000e+01 1.176582255364150065e+00 0.000000000000000000e+00 8.422961142438037285e+00 4.950497175573458364e+00 0.000000000000000000e+00 0.000000000000000000e+00 0.000000000000000000e+00 0.000000000000000000e+00 0.000000000000000000e+00
-9.284193412857890237e+00 1.832834545810895932e+01 1.628851106887097799e+01 2.115362343154393443e+01 2.598871639550223378e+00 -6.257105886313398813e+00 -1.158521835612444129e+01 2.987663610129893144e+01 -1.467891351739076278e+01 0.000000000000000000e+00 1.857578494278291581e+00 -9.386633656805791759e+00 -4.288944515334458529e+00 -1.248387797005216626e+01 0.000000000000000000e+00 1.887714152960615621e+01 -7.350737523887696412e+00 0.000000000000000000e+00 3.947651838048335193e+00 1.237747353895882196e-01 0.000000000000000000e+00 0.000000000000000000e+00 0.000000000000000000e+00 0.000000000000000000e+00 0.000000000000000000e+00
1.308080949488291722e+01 1.230200924898025683e+01 -1.388677668771685525e+01 1.093357838225398027e+01 0.000000000000000000e+00 -3.044245753199165794e+00 -2.353076073402568724e+01 1.276771429138332437e+01 3.000000000000000000e+01 0.000000000000000000e+00 -6.460660142927213023e+00 -2.208507750891605781e+01 -2.237530877200233803e+01 -1.436576191489902321e+01 0.000000000000000000e+00 4.337691495614997450e+00 -1.686063015955482669e+01 0.000000000000000000e+00 2.996891412500853058e-02 0.000000000000000000e+00 0.000000000000000000e+00 0.000000000000000000e+00 0.000000000000000000e+00 0.000000000000000000e+00 0.000000000000000000e+00
-3.715466499998959726e+00 -1.766974638624904115e+00 1.968077859915135974e+01 6.824107816236566926e+00 0.000000000000000000e+00 -2.475197860251095250e+01 2.673277336515880975e+01 6.124232253431728668e-02 2.172462675603346227e+01 0.000000000000000000e+00 2.210727108766366200e+01 2.178718542730956287e+01 1.290049722099529994e+01 2.962097557332879560e+01 0.000000000000000000e+00 0.000000000000000000e+00 2.205156023602793880e+01 0.000000000000000000e+00 -1.599813591648234778e-01 0.000000000000000000e+00 0.000000000000000000e+00 0.000000000000000000e+00 0.000000000000000000e+00 0.000000000000000000e+00 0.000000000000000000e+00
-1.595629507177065776e+01 -7.143992074976535989e+00 8.731877860333828067e+00 -3.826469830743601364e+00 0.000000000000000000e+00 2.301427221102414933e+01 1.489024263154767169e+01 -9.986092420021019933e+00 6.414745210481032522e+00 0.000000000000000000e+00 3.136268573449766617e+00 8.367758734806685084e+00 2.999050368866719163e-01 1.811787612540452486e+01 0.000000000000000000e+00 -6.805581350403439700e+00 1.866916417641913384e+01 0.000000000000000000e+00 -1.009273672425706181e+01 0.000000000000000000e+00 0.000000000000000000e+00 0.000000000000000000e+00 0.000000000000000000e+00 0.000000000000000000e+00 0.000000000000000000e+00
2.983073883046012398e+01 1.817375744176288066e+01 -2.710360399019259514e+00 -1.502997842125236971e+01 0.000000000000000000e+00 1.507308651207769579e+01 -6.056224222352248887e+00 2.127245402478207481e+00 0.000000000000000000e+00 0.000000000000000000e+00 1.631947368688700095e+01 -1.414074810252260406e+01 2.580469723206611832e+01 6.419188263475896328e+00 0.000000000000000000e+00 1.282995669779016445e+01 1.259552053546520689e+01 0.000000000000000000e+00 -1.490918044810304011e+01 0.000000000000000000e+00 0.000000000000000000e+00 0.000000000000000000e+00 0.000000000000000000e+00 0.000000000000000000e+00 0.000000000000000000e+00
-2.571792217467840658e+01 9.490958633496251906e+00 -1.055392144987902370e+01 -2.135158431587068151e+01 0.000000000000000000e+00 -3.481996429894334000e+00 2.633116085763984593e-01 -1.040418148625498240e+01 0.000000000000000000e+00 0.000000000000000000e+00 -7.273468687758345652e+00 2.162726825578745959e+01 1.407744582519510068e+00 0.000000000000000000e+00 0.000000000000000000e+00 -2.068420495084569488e+00 1.299123796737969627e+00 0.000000000000000000e+00 -2.664170714118668215e+01 0.000000000000000000e+00 0.000000000000000000e+00 0.000000000000000000e+00 0.000000000000000000e+00 0.000000000000000000e+00 0.000000000000000000e+00
-2.401735848753076041e+01 -6.947948587237718243e+00 -7.448591704256153356e+00 3.000000000000000000e+01 0.000000000000000000e+00 -1.279752293928616780e+01 -2.727050669505871738e+01 -1.547750689571158667e+01 0.000000000000000000e+00 0.000000000000000000e+00 -2.141778729950145177e+01 -3.161950666804870025e+00 -1.835316527862717351e+01 0.000000000000000000e+00 0.000000000000000000e+00 2.211164016259747811e+01 -1.769287568165019309e+01 0.000000000000000000e+00 2.750959112978717158e+01 0.000000000000000000e+00 0.000000000000000000e+00 0.000000000000000000e+00 0.000000000000000000e+00 0.000000000000000000e+00 0.000000000000000000e+00
2.736328279236354888e+01 1.512340031052597400e+00 -1.768896309617595008e+01 2.225459453790601927e+01 0.000000000000000000e+00 1.765714943962709427e+01 1.248859128792322970e+01 1.701293596915831685e+01 0.000000000000000000e+00 0.000000000000000000e+00 -2.511517186944857372e+01 -2.141726991753247589e+01 1.311147816633889285e+01 0.000000000000000000e+00 0.000000000000000000e+00 1.276042109863789076e+00 2.703195459307460169e+01 0.000000000000000000e+00 1.896217384919922466e+01 0.000000000000000000e+00 -2.710261497735601210e+00 0.000000000000000000e+00 -1.622069740728834031e+00 0.000000000000000000e+00 0.000000000000000000e+00
1.795501420947384830e+01 -5.462532859288736553e+00 -2.709919290819292215e+01 1.514746151026124110e+01 0.000000000000000000e+00 -1.738865204677227716e+00 2.510550868958140569e+01 -8.410687991251908358e+00 -1.929992268087742935e-01 0.000000000000000000e+00 2.280923820245955014e+01 8.925690146787649937e+00 0.000000000000000000e+00 0.000000000000000000e+00 0.000000000000000000e+00 1.330640916619128156e+01 2.843890519623360191e+01 -2.716077583324546296e+00 1.325480897646327350e+01 0.000000000000000000e+00 -8.430240317912417680e+00 0.000000000000000000e+00 -2.430296351711463299e+00 0.000000000000000000e+00 0.000000000000000000e+00
3.567597750706917648e+00 -1.314607227123169153e+01 3.000000000000000000e+01 -2.986432472443923541e-02 0.000000000000000000e+00 1.904246177382457006e+01 5.071544695153269444e+00 -3.000000000000000000e+01 -5.332476735165245785e+00 0.000000000000000000e+00 1.134833216330605410e+01 2.234780034145790140e+01 -1.143389257540730730e+00 -9.785198226848730307e-01 0.000000000000000000e+00 -1.594129593095848119e+00 1.614043630324790612e+01 -8.817305487227409699e+00 1.736356115278794299e-01 0.000000000000000000e+00 -1.292073331550140658e+01 -3.627340547285228922e+00 -9.844880929355076304e+00 -2.238240021662396106e+00 0.000000000000000000e+00
-1.446355169044003652e+01 -2.632723269988203896e+01 2.851765825183268532e+01 -9.900894974774921309e+00 0.000000000000000000e+00 5.613864609408953044e+00 0.000000000000000000e+00 2.598537574332833344e+01 -1.183734151891597186e+01 0.000000000000000000e+00 -7.068352949299699262e+00 3.816350231150078987e+00 -1.480502986282159306e+01 -7.985336486285207869e+00 0.000000000000000000e+00 -7.342635251729656254e+00 1.471850267614330932e+01 -1.848231600304634625e+01 -7.722211153824741992e+00 0.000000000000000000e+00 -1.506018773666564314e+01 -1.115047465349052835e+01 -1.568601371789909926e+01 -6.830055306921742897e+00 0.000000000000000000e+00
-2.745811154893292283e+01 -2.950537210766130158e+01 -1.817166986834444131e+01 -1.473849327316849056e+01 0.000000000000000000e+00 -4.104478640843935544e+00 3.124317692146170167e-01 -1.623640968409676333e+01 -1.233359449970228994e+01 0.000000000000000000e+00 -1.892655769554304257e+01 0.000000000000000000e+00 -2.416272801432925732e+01 -1.599638314228778135e+01 0.000000000000000000e+00 -1.321304395782921759e+01 -5.897022861800786053e+00 -2.796739818110541265e+01 -1.536020573977408610e+01 0.000000000000000000e+00 -1.763805612307581328e+01 -1.857615376353617620e+01 -1.958489259571241092e+01 -1.529678704372123832e+01 0.000000000000000000e+00
-2.603160131615678452e+01 -3.000000000000000000e+01 -2.890699167594623376e+01 -1.916358422194885591e+01 0.000000000000000000e+00 -9.251492713403489887e+00 -1.545858682773272541e+01 -2.559933171679272590e+01 -2.186661011492165585e+01 0.000000000000000000e+00 2.848553454409598373e+01 0.000000000000000000e+00 3.000000000000000000e+01 -1.126395481916259378e+01 0.000000000000000000e+00 -1.920544130366496560e+01 2.250356019599184165e+01 -3.000000000000000000e+01 -2.668536837891257107e+01 0.000000000000000000e+00 -2.546189723677127859e+01 -2.609845213433052891e+01 -2.792846060919220363e+01 -2.966981593645759929e+01 0.000000000000000000e+00
3.000000000000000000e+01 3.000000000000000000e+01 3.000000000000000000e+01 2.845255809212522280e+01 0.000000000000000000e+00 -1.873386421437891869e+01 3.000000000000000000e+01 -1.829495437930827961e+01 2.617508651112274265e+01 0.000000000000000000e+00 1.703090717414061217e+01 -5.789947219409203871e-01 2.373869838058838155e+01 1.834548914552140175e+01 0.000000000000000000e+00 3.000000000000000000e+01 6.316854102961311668e+00 3.000000000000000000e+01 2.410349348766537503e+01 0.000000000000000000e+00 3.000000000000000000e+01 3.000000000000000000e+01 3.000000000000000000e+01 3.000000000000000000e+01 0.000000000000000000e+00
2.408111633527541784e+01 2.134467659032178233e+01 1.874518569911569799e+01 1.913893609164291121e+01 0.000000000000000000e+00 1.944497878140691327e+01 1.588492693949102730e+01 -3.000000000000000000e+01 2.410538660525678267e+01 0.000000000000000000e+00 1.459723403487363402e+00 -1.484094441949902432e+01 2.624485916662848251e+00 1.828337468917880315e+01 0.000000000000000000e+00 3.000000000000000000e+01 0.000000000000000000e+00 3.000000000000000000e+01 2.201864124112967502e+01 0.000000000000000000e+00 2.778428550303695133e+01 2.418972902203509534e+01 2.609514061972643262e+01 2.624641361800547656e+01 0.000000000000000000e+00
1.533716437124742171e+01 1.662908574529887673e+01 3.679875668124039656e+00 1.133588523389336267e+01 0.000000000000000000e+00 -1.944765736642088783e+01 -1.805344354674810958e+01 3.000000000000000000e+01 1.596629688143446657e+01 0.000000000000000000e+00 -1.948837962114944311e+00 3.000000000000000000e+01 1.065583305658021951e+00 1.465777688100345166e+01 0.000000000000000000e+00 2.150993456529543124e+01 -2.795870217559546678e+00 2.367716423677187976e+01 1.085621742565770020e+01 0.000000000000000000e+00 3.000000000000000000e+01 2.701236950570341833e+01 1.885925489553812540e+01 1.674127028711355791e+01 0.000000000000000000e+00
8.737146876631445735e+00 1.159255856363104087e+01 0.000000000000000000e+00 6.449265801369440609e+00 0.000000000000000000e+00 2.809495772820740811e+01 3.000000000000000000e+01 3.000000000000000000e+01 2.128986318259039390e+00 0.000000000000000000e+00 -2.087505958791944138e+01 2.088838164151276189e+01 0.000000000000000000e+00 5.734158362577321810e-01 0.000000000000000000e+00 1.735710945924140347e+01 -4.258839983957417807e+00 2.923836177778949974e+01 3.178722048726787985e+00 0.000000000000000000e+00 1.723946238513342877e+01 1.384410385557320744e+01 2.530357792517695614e+01 8.350661559141967061e+00 0.000000000000000000e+00
-2.471308063403768740e-01 8.446684501642085507e-01 0.000000000000000000e+00 0.000000000000000000e+00 0.000000000000000000e+00 9.740624134989975147e+00 2.366492733752556177e+01 2.743232930021882510e+01 -5.144294201801127286e+00 0.000000000000000000e+00 2.482292710749251441e+01 7.209625358148632479e-01 -4.569758651279840628e-02 0.000000000000000000e+00 0.000000000000000000e+00 5.718960006117985273e+00 -1.688569288032445925e+01 2.872055805261570782e+01 0.000000000000000000e+00 0.000000000000000000e+00 9.149349076858436902e+00 9.564003555125126788e-01 4.075066691540556896e+00 -4.022876733356122170e-01 0.000000000000000000e+00
0.000000000000000000e+00 1.041665955587260384e-01 0.000000000000000000e+00 0.000000000000000000e+00 0.000000000000000000e+00 -1.055054549871067060e+01 2.044472340899301344e+01 1.771895065022463811e+01 -1.421364500535836761e+01 0.000000000000000000e+00 4.790576085613365009e+00 -1.625636589436021495e+01 -1.205383280533259516e+01 0.000000000000000000e+00 0.000000000000000000e+00 6.679420032462039636e+00 -1.289711011932143947e+01 1.359085837384261453e+01 0.000000000000000000e+00 0.000000000000000000e+00 8.905515128298024052e+00 0.000000000000000000e+00 2.469088207033027871e+01 -1.152382047476455540e+01 0.000000000000000000e+00
0.000000000000000000e+00 0.000000000000000000e+00 0.000000000000000000e+00 0.000000000000000000e+00 0.000000000000000000e+00 -1.715357100744081720e+01 9.672840837760160682e+00 5.592032470948216982e+00 -2.241580199806815443e+01 0.000000000000000000e+00 -1.379492088396902538e+01 -2.584734355469724676e+01 1.717823249874934177e+01 0.000000000000000000e+00 0.000000000000000000e+00 1.215445483225572687e+01 -2.622844447523061717e+01 -5.166650584000125335e+00 0.000000000000000000e+00 0.000000000000000000e+00 -8.556233569722406784e+00 -2.709155590885083953e+00 1.278149628601160082e+01 -1.880458968924980567e+01 0.000000000000000000e+00
0.000000000000000000e+00 0.000000000000000000e+00 0.000000000000000000e+00 0.000000000000000000e+00 0.000000000000000000e+00 -2.080428793786443364e+01 -1.278533253508445533e+01 1.261743229178437176e+00 -3.000000000000000000e+01 0.000000000000000000e+00 -2.168070689986849686e+01 1.504163745514006045e+01 -5.691171063118023454e+00 0.000000000000000000e+00 0.000000000000000000e+00 -5.951786813775329144e+00 2.613280607336737660e+01 -1.369003666181986212e+01 0.000000000000000000e+00 0.000000000000000000e+00 1.011013730352824780e+01 -3.481463721877223527e+00 -6.780259385936275862e+00 3.000000000000000000e+01 0.000000000000000000e+00
0.000000000000000000e+00 0.000000000000000000e+00 0.000000000000000000e+00 0.000000000000000000e+00 0.000000000000000000e+00 2.975494615977270740e+01 -2.924039611254878324e+01 0.000000000000000000e+00 2.896089078563609576e+01 0.000000000000000000e+00 -1.589526993757009166e+01 2.161948948978489327e+01 -2.944545140666675564e+01 -2.351361115668099688e-01 0.000000000000000000e+00 1.448403414890273488e+01 8.168339808997208351e+00 1.281659728647161778e+01 0.000000000000000000e+00 0.000000000000000000e+00 1.087662068490002021e+01 2.353866089598766109e+01 2.185046137110039766e+01 2.479688934139587175e+01 0.000000000000000000e+00
0.000000000000000000e+00 0.000000000000000000e+00 0.000000000000000000e+00 0.000000000000000000e+00 0.000000000000000000e+00 2.187243674044304242e+01 -3.000000000000000000e+01 0.000000000000000000e+00 2.051244740668598610e+01 0.000000000000000000e+00 3.000000000000000000e+01 1.468279301743237575e+01 2.263895373681782530e+01 -1.077944362991347305e+01 0.000000000000000000e+00 2.067799565463447209e+01 9.607850741268171291e+00 1.961659000327184188e+01 -6.335733887496648897e+00 0.000000000000000000e+00 -1.672716290011438289e+01 1.550245558051430628e+01 2.157035535196955234e+00 1.829489792294808481e+01 0.000000000000000000e+00
0.000000000000000000e+00 0.000000000000000000e+00 0.000000000000000000e+00 0.000000000000000000e+00 0.000000000000000000e+00 1.431847359229966443e+01 3.000000000000000000e+01 0.000000000000000000e+00 8.315649448446992054e+00 0.000000000000000000e+00 1.917049937847179919e+01 -1.938869021190172859e+01 5.885419279203767395e+00 -2.321704342476121496e+01 0.000000000000000000e+00 1.757035215960491170e+00 -1.012529429625319466e+01 1.747096320006899717e+01 -1.865487451210371361e+01 0.000000000000000000e+00 2.946163860602247553e+01 -6.177565115171908872e+00 -9.636770336105669799e+00 1.069533771803179789e+01 0.000000000000000000e+00
0.000000000000000000e+00 0.000000000000000000e+00 0.000000000000000000e+00 0.000000000000000000e+00 0.000000000000000000e+00 2.484585938663037563e+00 2.533152059528124056e+01 0.000000000000000000e+00 7.101490924923514747e-01 0.000000000000000000e+00 -4.708035347570505458e+00 1.770472172427820112e+01 -1.543156219777499594e+01 2.895454720986101904e+01 0.000000000000000000e+00 -1.248706431097512493e+01 1.003220566770065325e+01 7.002706859185598987e+00 2.659695618080644053e+01 0.000000000000000000e+00 1.802040181036781519e+01 3.608508217694127662e+00 2.193900948853752197e+01 4.010794737372433971e-01 0.000000000000000000e+00
0.000000000000000000e+00 0.000000000000000000e+00 0.000000000000000000e+00 0.000000000000000000e+00 0.000000000000000000e+00 0.000000000000000000e+00 1.892373620277750135e+01 0.000000000000000000e+00 0.000000000000000000e+00 0.000000000000000000e+00 -1.609862482009985740e+01 -7.979711283091028839e+00 1.419629970927528539e+01 1.482075016750907537e+01 0.000000000000000000e+00 1.058342971378177388e+01 -1.257296438921687987e+01 -9.603717197516081328e+00 1.733764576799953971e+01 0.000000000000000000e+00 1.171735890788876056e+01 -2.079512522208563396e+01 1.425555302913711309e+01 -6.340220349852156545e+00 -2.022406598303732039e+00
0.000000000000000000e+00 0.000000000000000000e+00 0.000000000000000000e+00 0.000000000000000000e+00 0.000000000000000000e+00 -1.478064332845214102e+00 7.016199460416901346e+00 0.000000000000000000e+00 0.000000000000000000e+00 -3.209540780561634055e+00 9.250423552638768143e+00 2.848085786951550347e+01 2.564682259246875873e+00 1.578090009366198743e+01 0.000000000000000000e+00 -1.488324892988749326e+01 -2.347682904179550434e+01 -2.375772818077662762e+01 -1.890052151945145753e-01 0.000000000000000000e+00 -3.163930030012196415e+00 -1.835928107333085180e+01 9.274821784889120124e+00 -1.028738336908086382e+01 -8.506682768255053873e+00
0.000000000000000000e+00 0.000000000000000000e+00 0.000000000000000000e+00 0.000000000000000000e+00 0.000000000000000000e+00 -8.692646371831264318e+00 -2.296131763521080255e-02 0.000000000000000000e+00 0.000000000000000000e+00 -1.158716506530670287e+01 -6.538176217814604563e+00 1.175261566473966646e+01 -1.407158057397075623e+01 3.034444153106617970e-01 0.000000000000000000e+00 2.560217413792362962e+01 -1.684462154775946274e+01 2.859347416304771183e+00 -1.551900923705916391e+01 0.000000000000000000e+00 -1.284808865753461049e+01 2.784846628455303019e+01 9.190004577085209903e+00 4.466578867872730285e+00 -1.426480393727439022e+01
0.000000000000000000e+00 0.000000000000000000e+00 0.000000000000000000e+00 0.000000000000000000e+00 0.000000000000000000e+00 -1.473560109975367993e+01 -8.515439231017834842e+00 0.000000000000000000e+00 -8.242605460880249035e-01 -1.328816676284936626e+01 -1.780268427733764725e+01 -6.888443547130306932e+00 2.188041869674120932e+01 -1.096189564513792547e+01 -1.268315357385183528e-01 -1.016124903125174050e+01 -2.414437032503117564e+01 2.051231336823727958e+01 1.413301851003406462e+01 4.288397034554969345e-02 -2.120095700425396501e+01 2.409604901796559773e+01 -9.008869049563195119e-01 -2.227391057982741529e+01 -1.774473617554210492e+01
0.000000000000000000e+00 0.000000000000000000e+00 0.000000000000000000e+00 0.000000000000000000e+00 0.000000000000000000e+00 -1.822843831780635071e+01 -1.591922968308644393e+01 0.000000000000000000e+00 -6.533295434383528999e+00 -1.407680966201991879e+01 -2.419582155704409843e+01 -1.246073276182988465e+01 1.302746265168364914e+01 -1.400555762256958658e+01 -1.325835995499303621e+01 -1.875847019642872482e+01 -2.592538720864971324e+01 1.852519144533338746e+01 -1.207105882995022839e+01 -1.558440383328831835e+01 -1.799841932187655047e+01 3.813536694933554738e+00 -2.005533630082405949e+01 -3.591087393906465142e+00 -1.708631887555969442e+01
0.000000000000000000e+00 0.000000000000000000e+00 0.000000000000000000e+00 0.000000000000000000e+00 0.000000000000000000e+00 -2.288683268253042158e+01 -1.532636709417181464e+01 0.000000000000000000e+00 -1.783472615850590515e+01 -1.621550943164808345e+01 -2.962138321302474608e+01 8.060894282976853731e+00 1.213883687619729423e+00 -2.435755744700506398e+01 -2.613431346693985446e+01 -2.812701911632215968e+01 -2.960169015060516884e+01 -3.630228872993463973e+00 -2.451871448325118408e+01 -2.226656639258233739e+01 -2.497783990582962232e+01 1.846066837251655812e+01 2.943790427992920655e+01 -1.513394335192191953e+01 -2.518299574106713479e+01
