# yaw
0.000000000000000000e+00 0.000000000000000000e+00 0.000000000000000000e+00 0.000000000000000000e+00 0.000000000000000000e+00 1.474067206018449383e+01 -1.848013264789719301e+01 0.000000000000000000e+00 -2.502071392376695158e+01 1.645313443056182834e+01 3.000000000000000000e+01 2.363744861746156189e+01 2.927079957264269794e+01 -2.493106664949709383e+01 3.000000000000000000e+01 3.000000000000000000e+01 -3.000000000000000000e+01 -4.198896788769325816e+00 -2.383929018820360568e+01 3.000000000000000000e+01 3.000000000000000000e+01 1.571459398805096797e+01 -8.074350716819438389e+00 3.000000000000000000e+01 3.000000000000000000e+01
0.000000000000000000e+00 0.000000000000000000e+00 0.000000000000000000e+00 0.000000000000000000e+00 0.000000000000000000e+00 1.957737518739644855e+01 -3.000000000000000000e+01 0.000000000000000000e+00 -1.995773799419551509e+01 1.514458178891735862e+01 3.000000000000000000e+01 5.514753299699085787e+00 1.113640485921852807e+01 -3.000000000000000000e+01 2.114486847025210992e+01 2.297785940393113435e+01 3.000000000000000000e+01 -1.705469144385988756e+01 3.000000000000000000e+01 2.015748851847115120e+01 1.754502644673162948e+01 3.213108216568304698e+00 1.841549777182124004e+01 1.534888478239663812e+01 3.000000000000000000e+01
0.000000000000000000e+00 0.000000000000000000e+00 0.000000000000000000e+00 0.000000000000000000e+00 0.000000000000000000e+00 1.912040114392329926e+01 3.000000000000000000e+01 0.000000000000000000e+00 -2.913032602174946462e+01 1.380078212004603699e+01 1.022179473033095398e+01 0.000000000000000000e+00 -6.911997941716483851e+00 1.239929888594200413e+01 3.691673371936448067e+00 1.584364754207176418e+01 3.000000000000000000e+01 1.040207680090236586e+01 2.334560497705485815e+01 1.407840625939595469e+01 8.089859188144107094e+00 1.447436092485257575e+01 -9.178493482022840766e+00 -2.214385980139939036e+00 3.000000000000000000e+01
0.000000000000000000e+00 0.000000000000000000e+00 0.000000000000000000e+00 0.000000000000000000e+00 0.000000000000000000e+00 1.305514924921128639e+01 2.867948538796254354e+01 0.000000000000000000e+00 2.848296995163103063e+01 1.123510999104532893e+01 2.262462728255094646e+00 -4.353585735197060380e+00 -2.152344487460920774e+01 4.006678011745137269e-01 -5.734487216126286230e-02 7.998479853841213405e+00 2.368267916381260108e+01 1.396308732666056152e+01 9.414855404268484662e+00 -1.227815990229624532e+01 0.000000000000000000e+00 -1.606046347946866959e+01 1.441315098473431533e+01 1.656685051179913160e+01 3.000000000000000000e+01
0.000000000000000000e+00 0.000000000000000000e+00 0.000000000000000000e+00 0.000000000000000000e+00 0.000000000000000000e+00 2.711920753428358033e+00 2.889887584942780663e+01 0.000000000000000000e+00 2.710438094525490271e+01 8.901037134241619242e+00 0.000000000000000000e+00 -2.089134396532687887e+01 3.000000000000000000e+01 -6.884447949042561632e+00 -1.411449910056215984e+01 4.438924139333736640e+00 1.591242252370184929e+01 -9.527673103465497562e+00 2.292984955082918574e+01 7.146856679711557803e+00 0.000000000000000000e+00 -2.870046622037328277e+01 -1.685103807338638049e+01 -5.940630540926635561e+00 2.762442266991743267e+01
0.000000000000000000e+00 0.000000000000000000e+00 0.000000000000000000e+00 0.000000000000000000e+00 0.000000000000000000e+00 1.811637255829915416e-01 1.727079092434411933e+01 0.000000000000000000e+00 2.009256586517077636e+01 3.400763551863790646e+00 0.000000000000000000e+00 -3.000000000000000000e+01 2.501421711379481749e+01 -2.154904316851931512e+01 -2.944285350458912021e+01 2.964107884415554395e+00 1.955471451117639603e+01 -2.194437151633346161e+01 -7.974695645738814065e+00 -1.711442919670767182e+01 0.000000000000000000e+00 3.000000000000000000e+01 3.000000000000000000e+01 1.584552601666075367e+00 1.052281397423889331e+01
0.000000000000000000e+00 0.000000000000000000e+00 0.000000000000000000e+00 0.000000000000000000e+00 0.000000000000000000e+00 0.000000000000000000e+00 5.423363008153062381e+00 0.000000000000000000e+00 2.137327302570438547e+01 0.000000000000000000e+00 0.000000000000000000e+00 3.000000000000000000e+01 8.886800270145849279e-01 2.897536991208698609e+01 2.392254509562463838e+01 0.000000000000000000e+00 1.618621335882120604e+01 1.981745810359337412e+01 3.000000000000000000e+01 3.000000000000000000e+01 0.000000000000000000e+00 1.980691719041900001e+01 2.428168918146467803e+01 -6.172618164455990097e+00 -2.275833373278029370e+01
0.000000000000000000e+00 0.000000000000000000e+00 0.000000000000000000e+00 0.000000000000000000e+00 0.000000000000000000e+00 0.000000000000000000e+00 2.542651955535791153e+00 0.000000000000000000e+00 1.400552895742367632e+01 0.000000000000000000e+00 0.000000000000000000e+00 1.990126047507331108e+01 2.992535295491275704e+01 7.389709927928868716e+00 5.635783090324910205e+00 0.000000000000000000e+00 7.385752017737528874e+00 -1.647731325933347479e+00 -2.188916687576154629e+01 2.132657211575332568e+01 0.000000000000000000e+00 1.562372479435408934e+01 -1.019541471846720349e+01 3.451405564851107055e+00 -2.610995150930362030e+01
0.000000000000000000e+00 0.000000000000000000e+00 0.000000000000000000e+00 0.000000000000000000e+00 0.000000000000000000e+00 0.000000000000000000e+00 -4.846839097027284105e+00 0.000000000000000000e+00 2.201662610008630505e+00 -5.056004217844272119e+00 0.000000000000000000e+00 3.250830419199690180e+00 4.516148498523594235e+00 5.220985439256722316e+00 1.668008320464969785e+01 0.000000000000000000e+00 0.000000000000000000e+00 -1.082206912079039185e+00 6.992670315104908774e+00 3.355110775442208038e+00 0.000000000000000000e+00 1.183638453319576556e+01 2.337087720585306627e+01 -9.689516916265682456e-01 3.000000000000000000e+01
0.000000000000000000e+00 0.000000000000000000e+00 0.000000000000000000e+00 0.000000000000000000e+00 0.000000000000000000e+00 0.000000000000000000e+00 -1.572245612013206006e+01 0.000000000000000000e+00 -7.195539264099424237e+00 -1.450740854410756953e+01 0.000000000000000000e+00 -1.843141769589152767e-01 -2.328441417758721599e+01 -1.157270473450603410e+00 -1.959045005216622570e+01 0.000000000000000000e+00 0.000000000000000000e+00 -1.894309069141801416e+01 2.719154095746428368e+01 5.417919588046985702e+00 0.000000000000000000e+00 4.148168014315061214e+00 2.606187894895481527e+00 6.188712676693318038e+00 1.535527430308928665e+01
0.000000000000000000e+00 0.000000000000000000e+00 0.000000000000000000e+00 0.000000000000000000e+00 0.000000000000000000e+00 0.000000000000000000e+00 -2.136586045804336820e+01 -2.609521973058108180e-01 -1.770566590173832822e+01 -1.987894450217050135e+01 0.000000000000000000e+00 -6.665435525550863716e+00 1.325131594739261587e+01 2.677138038044061830e+01 -1.266218342979767186e+01 0.000000000000000000e+00 0.000000000000000000e+00 1.927543778230883831e+01 1.024949643828275025e+00 -3.750802286939285413e+00 0.000000000000000000e+00 0.000000000000000000e+00 1.063513719148256165e+01 2.526390066318393135e+00 -2.019433358426481107e+01
0.000000000000000000e+00 0.000000000000000000e+00 0.000000000000000000e+00 0.000000000000000000e+00 0.000000000000000000e+00 0.000000000000000000e+00 3.000000000000000000e+01 -9.555563893668146846e+00 -2.170460555589437135e+01 -2.409957660640003141e+01 0.000000000000000000e+00 -1.078468455748341448e+01 -4.114563481186177610e-03 1.922445511273467300e+00 -3.000000000000000000e+01 0.000000000000000000e+00 0.000000000000000000e+00 -7.011365411045652252e+00 -1.660233214566455828e+01 -1.670393662627341058e+01 0.000000000000000000e+00 0.000000000000000000e+00 -1.568836898062954610e+01 7.438420612625962214e+00 1.898877002952066917e+01
0.000000000000000000e+00 0.000000000000000000e+00 -2.787911923558161753e+00 0.000000000000000000e+00 0.000000000000000000e+00 0.000000000000000000e+00 2.743202537698086729e+01 -1.460787055888066099e+01 -2.511108456880649342e+01 2.314440074962159244e+01 0.000000000000000000e+00 -8.820772311071189975e+00 -3.170108404061499741e+00 1.823069482988693579e+01 3.000000000000000000e+01 0.000000000000000000e+00 0.000000000000000000e+00 1.132623671845561830e+01 -2.898159721759665430e+01 -4.889099128145790729e+00 0.000000000000000000e+00 -1.341950470786266392e+00 2.131186700602887729e+00 -1.142299217446153747e+01 1.744623479844131353e+01
0.000000000000000000e+00 0.000000000000000000e+00 -9.642522550490138400e+00 0.000000000000000000e+00 0.000000000000000000e+00 0.000000000000000000e+00 1.893635936562459321e+01 -6.820103450953003410e+00 3.000000000000000000e+01 1.735795649201443780e+01 0.000000000000000000e+00 4.308227690553041000e+00 -1.756630017365884910e+01 -2.411400093367417785e+00 3.000000000000000000e+01 0.000000000000000000e+00 0.000000000000000000e+00 7.294771128470087795e+00 -3.000000000000000000e+01 -1.826147310906575782e+01 0.000000000000000000e+00 -5.947748445012414287e+00 -2.142564515785643309e+01 8.194808670739828216e+00 -5.938562921031742547e+00
0.000000000000000000e+00 -4.533348766659131890e+00 -1.426150799399957414e+01 0.000000000000000000e+00 -6.611227731270220842e-02 0.000000000000000000e+00 3.399913240156741789e+00 -1.456220561151741322e+01 2.537228137372558123e+01 -1.689601716005113019e+01 0.000000000000000000e+00 1.215040724051963394e+01 -2.144364277615009584e+01 2.041781425233183356e+01 1.689937111962500893e+01 0.000000000000000000e+00 0.000000000000000000e+00 -2.282306800579261719e+00 2.543106130761481509e+01 1.748183500330927842e+01 0.000000000000000000e+00 -9.380766310069418523e+00 2.085436500279241656e+01 -1.516209303368686712e+01 -2.624006669182244345e+00
0.000000000000000000e+00 -1.575919751691179016e+01 -1.891421253770789690e+01 -1.925645705667185625e+00 -1.094173134252507396e+01 0.000000000000000000e+00 -1.373235612939956951e+01 -1.634429087289845128e+01 -1.940656264424324107e+01 3.000000000000000000e+01 0.000000000000000000e+00 7.383510730292242030e+00 -3.000000000000000000e+01 1.435760758604534004e+00 8.975876959423100487e+00 0.000000000000000000e+00 0.000000000000000000e+00 -1.345643817267563414e+01 2.039987395238659129e+00 1.945721085597419275e+01 0.000000000000000000e+00 -1.304635342847618773e+01 -2.181291788315750324e+01 -5.427227862599466768e+00 -2.383063387005092437e+01
0.000000000000000000e+00 -1.538794121352168531e+01 -2.496887181045655169e+01 -1.415533780220104276e+01 -1.890138800778194295e+01 0.000000000000000000e+00 -2.193972785779125445e+01 -2.812283474891018287e+01 9.797843869993300814e+00 1.622156724395893335e+01 0.000000000000000000e+00 6.431018861707426204e+00 2.953379536773693204e+01 0.000000000000000000e+00 -1.736562260652977230e+01 0.000000000000000000e+00 0.000000000000000000e+00 -2.180185888898704860e+01 2.180579007413131265e+01 8.091735007280540515e+00 0.000000000000000000e+00 -1.536854708689393334e+01 -2.895149304828205317e+01 -1.973622859879938218e+01 -1.972004306070244084e+01
0.000000000000000000e+00 -2.319764350000699693e+01 -3.000000000000000000e+01 -2.625101824806953843e+01 -2.128281993552985796e+01 0.000000000000000000e+00 -2.921886689277284432e+01 3.000000000000000000e+01 -2.804851997522495566e+01 -8.237005395974621891e+00 0.000000000000000000e+00 -1.370126369200204697e-01 3.000000000000000000e+01 -8.249550831850767096e+00 3.000000000000000000e+01 0.000000000000000000e+00 0.000000000000000000e+00 -3.000000000000000000e+01 8.164998840909805100e-01 6.499302469581395236e+00 0.000000000000000000e+00 -1.428574231157308816e+01 -3.000000000000000000e+01 -2.688077252891982027e+01 -3.000000000000000000e+01
0.000000000000000000e+00 2.229500471537188488e+01 -3.000000000000000000e+01 -3.000000000000000000e+01 3.000000000000000000e+01 0.000000000000000000e+00 3.000000000000000000e+01 1.897378379456287334e+01 3.000000000000000000e+01 2.457984069414525763e+01 0.000000000000000000e+00 -6.400325349361843941e+00 -8.055158621466851798e+00 -3.368380036761917662e+00 2.086700003206675902e+01 0.000000000000000000e+00 0.000000000000000000e+00 -3.000000000000000000e+01 -1.986887005438292420e+01 9.593438581634465834e-01 0.000000000000000000e+00 3.000000000000000000e+01 3.000000000000000000e+01 3.000000000000000000e+01 3.000000000000000000e+01
0.000000000000000000e+00 2.081358535395942511e+01 3.000000000000000000e+01 3.000000000000000000e+01 2.469508450355423435e+01 0.000000000000000000e+00 2.302810118457100330e+01 2.218854951956022248e+01 1.467406195496282706e+01 1.140259985572590651e+01 0.000000000000000000e+00 -1.992709361783332866e+01 -3.000000000000000000e+01 -2.189285980824702804e+01 -1.614056078895413249e+00 0.000000000000000000e+00 0.000000000000000000e+00 3.000000000000000000e+01 1.063773603748564156e+01 -1.468122528837274343e+00 0.000000000000000000e+00 2.157525010075162442e+01 2.772139639994894722e+01 2.359168014748103204e+01 2.577699491542056975e+01
0.000000000000000000e+00 1.734945152843362592e+01 2.268941129340469587e+01 3.000000000000000000e+01 2.656545511606912058e+01 0.000000000000000000e+00 8.164930616128243557e+00 4.908212991189712326e+00 0.000000000000000000e+00 1.061214312178945640e+01 0.000000000000000000e+00 -2.099570782022422577e+01 2.759005841915476864e+01 2.371886033776849345e+01 2.456614103973549490e+01 0.000000000000000000e+00 0.000000000000000000e+00 1.160953783185575183e+01 0.000000000000000000e+00 -2.085406029842193121e+01 0.000000000000000000e+00 1.520036035205562364e+01 2.674158980921954054e+01 1.717141130302561791e+01 2.100270643476651955e+01
0.000000000000000000e+00 1.530926126004944798e+01 3.000000000000000000e+01 2.917759526119520785e+01 6.046014944290697635e+00 0.000000000000000000e+00 6.118502292810790166e+00 3.000000000000000000e+01 -1.520645555090376533e+01 1.296265599553087711e+01 0.000000000000000000e+00 -1.908691738554436057e+01 1.853852436876595533e+01 1.827500502946450212e+01 1.577738080661256204e-01 0.000000000000000000e+00 0.000000000000000000e+00 8.723405499191596135e+00 -5.034348486173771953e+00 3.000000000000000000e+01 0.000000000000000000e+00 1.048832355147538387e+01 1.319377562152158312e+01 1.539593662574784183e+01 1.844564968255267701e+01
0.000000000000000000e+00 3.935755888269750535e+00 3.000000000000000000e+01 2.170980885875193422e+01 -9.906213651131324127e+00 0.000000000000000000e+00 0.000000000000000000e+00 1.688971634356205698e+01 1.904537086542572411e+01 -1.225694700416527994e+01 0.000000000000000000e+00 9.779657641115077071e-01 -1.166163455907364699e-01 1.235874515630434800e+01 -1.688169078265009304e+01 0.000000000000000000e+00 0.000000000000000000e+00 0.000000000000000000e+00 2.871377832717974599e+01 3.000000000000000000e+01 0.000000000000000000e+00 7.403620032970964715e+00 1.821440282930181098e+01 3.393231209824452144e+00 -1.587711631279069557e+00
0.000000000000000000e+00 0.000000000000000000e+00 0.000000000000000000e+00 0.000000000000000000e+00 0.000000000000000000e+00 0.000000000000000000e+00 0.000000000000000000e+00 0.000000000000000000e+00 0.000000000000000000e+00 0.000000000000000000e+00 0.000000000000000000e+00 0.000000000000000000e+00 0.000000000000000000e+00 0.000000000000000000e+00 0.000000000000000000e+00 0.000000000000000000e+00 0.000000000000000000e+00 0.000000000000000000e+00 0.000000000000000000e+00 0.000000000000000000e+00 0.000000000000000000e+00 0.000000000000000000e+00 0.000000000000000000e+00 0.000000000000000000e+00 0.000000000000000000e+00
0.000000000000000000e+00 0.000000000000000000e+00 0.000000000000000000e+00 0.000000000000000000e+00 0.000000000000000000e+00 0.000000000000000000e+00 0.000000000000000000e+00 0.000000000000000000e+00 0.000000000000000000e+00 0.000000000000000000e+00 0.000000000000000000e+00 0.000000000000000000e+00 0.000000000000000000e+00 0.000000000000000000e+00 0.000000000000000000e+00 0.000000000000000000e+00 0.000000000000000000e+00 0.000000000000000000e+00 0.000000000000000000e+00 0.000000000000000000e+00 0.000000000000000000e+00 0.000000000000000000e+00 0.000000000000000000e+00 0.000000000000000000e+00 0.000000000000000000e+00
0.000000000000000000e+00 0.000000000000000000e+00 0.000000000000000000e+00 0.000000000000000000e+00 0.000000000000000000e+00 0.000000000000000000e+00 0.000000000000000000e+00 0.000000000000000000e+00 0.000000000000000000e+00 0.000000000000000000e+00 0.000000000000000000e+00 0.000000000000000000e+00 0.000000000000000000e+00 0.000000000000000000e+00 0.000000000000000000e+00 0.000000000000000000e+00 0.000000000000000000e+00 0.000000000000000000e+00 0.000000000000000000e+00 0.000000000000000000e+00 0.000000000000000000e+00 0.000000000000000000e+00 0.000000000000000000e+00 0.000000000000000000e+00 0.000000000000000000e+00
0.000000000000000000e+00 2.806849785072669334e+01 -2.033538901739616023e+01 -1.863465464802338545e+01 3.000000000000000000e+01 0.000000000000000000e+00 -2.582680303648911035e+01 1.382627101014036519e+00 3.000000000000000000e+01 -7.494544365649868922e+00 0.000000000000000000e+00 -3.954575869409416189e+00 1.184812513444555115e+01 2.605594035220169502e+01 3.000000000000000000e+01 0.000000000000000000e+00 0.000000000000000000e+00 0.000000000000000000e+00 3.000000000000000000e+01 2.905728540785227310e+01 0.000000000000000000e+00 0.000000000000000000e+00 0.000000000000000000e+00 0.000000000000000000e+00 0.000000000000000000e+00
0.000000000000000000e+00 2.200650971078185236e+01 -2.346066760846606769e+01 2.237563469780163672e+01 2.113359876692038597e+01 0.000000000000000000e+00 -3.000000000000000000e+01 1.348124358509800302e+01 3.000000000000000000e+01 -2.479576846375357135e+01 0.000000000000000000e+00 -1.122931095223956177e+01 -1.306627742618545440e+01 6.699220288149972724e+00 3.000000000000000000e+01 0.000000000000000000e+00 0.000000000000000000e+00 0.000000000000000000e+00 6.516057008053277144e+00 2.303857071147424662e+01 0.000000000000000000e+00 0.000000000000000000e+00 0.000000000000000000e+00 0.000000000000000000e+00 0.000000000000000000e+00
0.000000000000000000e+00 1.509422130839305787e+01 3.000000000000000000e+01 -2.926258289910123267e+00 1.699477120339595260e+01 0.000000000000000000e+00 3.000000000000000000e+01 -3.792177846673347563e+00 5.571745125686708988e+00 -2.181198582804502450e+01 0.000000000000000000e+00 -1.938695639008153293e+01 3.000000000000000000e+01 -1.857209939086169159e+00 2.122552783659903852e+01 0.000000000000000000e+00 0.000000000000000000e+00 0.000000000000000000e+00 -2.083166471060923897e+01 1.288111006265319247e+01 0.000000000000000000e+00 0.000000000000000000e+00 0.000000000000000000e+00 0.000000000000000000e+00 0.000000000000000000e+00
0.000000000000000000e+00 1.109125245818867622e+00 3.000000000000000000e+01 1.334506224061664703e+01 1.868412834753790941e+00 0.000000000000000000e+00 -8.488072941212116973e+00 2.397124203238601936e+01 1.224725809448726643e+01 3.000000000000000000e+01 0.000000000000000000e+00 2.016765676723434098e+01 1.264142577279415036e+01 -1.873871309297069487e+01 -2.320672881409981514e+00 0.000000000000000000e+00 0.000000000000000000e+00 0.000000000000000000e+00 3.000000000000000000e+01 2.795352321120839978e+00 0.000000000000000000e+00 0.000000000000000000e+00 0.000000000000000000e+00 0.000000000000000000e+00 0.000000000000000000e+00
-2.414591392535204051e+00 -1.212825903346737810e+01 1.935006916002160793e+01 1.734584238118831223e+01 -1.594755223735701577e+01 0.000000000000000000e+00 2.779955925656583915e+01 1.569745211951373953e+01 0.000000000000000000e+00 1.333467438085502188e+01 -1.302525940925304826e-01 6.329140835825110223e+00 -1.245303974164884586e+01 2.154297208738277192e+01 -1.793054405937101947e+01 0.000000000000000000e+00 -4.408457044705021283e-02 0.000000000000000000e+00 2.065483635574691945e+01 -6.683871939055030520e-01 0.000000000000000000e+00 0.000000000000000000e+00 0.000000000000000000e+00 0.000000000000000000e+00 0.000000000000000000e+00
-9.450294836355304540e+00 -9.595653450336770973e+00 2.863411242529986822e+01 3.245015559726836113e-02 -2.408309508189383052e+01 0.000000000000000000e+00 3.293977090228147997e+00 -9.128021312084445782e+00 -6.725024856001720508e+00 -7.933209903596915247e+00 -4.733649692547031052e+00 -3.558969570094383972e+00 2.536071240278687711e+01 3.495951338754860860e+00 2.093856980363706910e+01 0.000000000000000000e+00 -3.331124879906440128e+00 0.000000000000000000e+00 7.211210607906499703e+00 -5.871888038770270768e+00 0.000000000000000000e+00 0.000000000000000000e+00 0.000000000000000000e+00 0.000000000000000000e+00 0.000000000000000000e+00
-1.398336036079265554e+01 2.014064878947835524e+01 2.546869524870204060e+01 -3.510992486950393676e+00 2.166597067286374312e+01 -7.771402065751915611e-01 -9.960638029194267773e+00 2.067659689087560082e+01 1.431061928920916948e+01 -8.621772323498928969e+00 -6.884323734779703052e+00 8.939778633659575036e+00 1.174191957910568185e+01 -8.831242789812684180e+00 5.159869302783366862e+00 -2.973092454161336412e-02 -1.768675399462832587e+01 0.000000000000000000e+00 -5.348660319992959877e+00 -8.663685265185469220e+00 0.000000000000000000e+00 0.000000000000000000e+00 0.000000000000000000e+00 0.000000000000000000e+00 0.000000000000000000e+00
-1.787821842137883976e+01 -9.747861352407789504e-01 8.607596391768691291e+00 1.285327649885149448e+01 -3.000000000000000000e+01 -8.103313107905163903e+00 -6.224953539446071993e+00 1.237241457706763725e+01 -5.683414994144065702e+00 1.386005348943956506e+01 -1.568726157750517025e+01 -2.082081793348721899e+00 0.000000000000000000e+00 1.132818647629969178e+01 -1.231470881525334526e+01 -1.543064586994900456e+00 -1.931768910391928884e+01 0.000000000000000000e+00 -9.420915900341892524e+00 -1.055860234200763337e+01 0.000000000000000000e+00 0.000000000000000000e+00 0.000000000000000000e+00 0.000000000000000000e+00 0.000000000000000000e+00
-2.000772358071574786e+01 -5.255095124080988889e+00 2.471639301734505967e+00 -6.879388156915652530e+00 5.521707905018400808e+00 -1.405599666808225656e+01 -2.279406105799312243e+01 -3.374654329483303794e+00 -2.365923586927240052e+01 -5.911342857759548153e+00 -2.581583953702437029e+01 -1.884389920753140757e+01 0.000000000000000000e+00 -3.713567984203795191e+00 -1.872235523563420401e+01 -7.061110304184155417e+00 -2.862949246133099734e+01 0.000000000000000000e+00 -1.927642897489259610e+01 -1.342886671153646461e+01 0.000000000000000000e+00 0.000000000000000000e+00 0.000000000000000000e+00 0.000000000000000000e+00 0.000000000000000000e+00
-2.731409830988708975e+01 -2.096879446675211156e+01 -1.698599765890929802e+01 -4.790167267631632697e+00 -2.533629150958448406e+01 -2.327838027030018608e+01 2.346978055744921932e+01 1.698375121533336340e+01 -2.483959261773256344e+01 -1.770359563257676072e+01 -2.997076555851005253e+01 3.000000000000000000e+01 0.000000000000000000e+00 -1.673535078331767778e+01 -2.948337747218978677e+01 -1.946062145091008233e+01 2.973001917010543238e+01 0.000000000000000000e+00 2.854387564153938683e+01 -1.109093906526284457e+01 0.000000000000000000e+00 0.000000000000000000e+00 0.000000000000000000e+00 0.000000000000000000e+00 0.000000000000000000e+00
2.989567496293276250e+01 2.869393478504924744e+01 -2.315529071544896311e+01 -1.667679248286491500e+01 -2.986765967368361174e+01 2.969740899879646179e+01 1.354986604020061591e+01 -2.579175485260266409e+00 -2.988145253171455451e+01 2.656891551749737346e+01 -2.989044433528044920e+01 1.836540980205487017e+01 -1.309692104620462771e+01 -2.987885518333068902e+01 2.989531328028433776e+01 -2.317445370875690003e+01 1.989700442420371473e+01 0.000000000000000000e+00 1.899151961181594928e+01 1.280585144460469849e+01 0.000000000000000000e+00 0.000000000000000000e+00 0.000000000000000000e+00 0.000000000000000000e+00 0.000000000000000000e+00
2.789667578494610467e+01 1.810258115930681555e+01 1.757349537720171995e+01 3.000000000000000000e+01 2.337755933356294946e+01 2.216442757453367207e+01 4.493183378037453046e+00 9.037052871730194781e+00 2.354096004624121719e+01 1.344927104765132064e+01 3.000000000000000000e+01 8.386953762566078385e-01 -1.953076228361916833e+01 2.380178490917615619e+01 2.448496803907858066e+01 1.854782908853904289e+01 2.057523163523903875e+01 0.000000000000000000e+00 2.100560616496082744e+01 1.562969962783740385e+01 0.000000000000000000e+00 0.000000000000000000e+00 0.000000000000000000e+00 0.000000000000000000e+00 0.000000000000000000e+00
1.981208210416363968e+01 -9.887167133387364970e+00 -7.008326175848699435e+00 2.297311629408617506e+01 1.940056855430228921e+01 2.254999283381200215e+01 -1.467188545456704496e+01 -6.612253454230245353e+00 1.155620255623399650e+01 1.964383111135499238e+00 2.537929396702300266e+01 0.000000000000000000e+00 2.086021130560228087e+01 1.457107192556042108e+01 1.495572067785741055e+01 9.672962630539549522e+00 1.057597554851840194e+01 0.000000000000000000e+00 6.293690457437079999e+00 1.082183756489296478e+01 0.000000000000000000e+00 0.000000000000000000e+00 0.000000000000000000e+00 0.000000000000000000e+00 0.000000000000000000e+00
4.506456505244820221e+00 2.392211514021120422e+01 1.412826775466207430e+01 2.714901656467519686e+01 1.610128835400705682e+01 6.603697218774117417e+00 -2.888466076866906107e+01 1.741404557273462217e+01 -3.534073714261786847e+00 0.000000000000000000e+00 2.576278006067750681e+01 0.000000000000000000e+00 6.193063747484887749e+00 5.284980396569046945e+00 1.102885776829248377e+00 -1.394325032938072617e+01 -2.885632685003557629e+00 0.000000000000000000e+00 0.000000000000000000e+00 4.877098291753714676e+00 0.000000000000000000e+00 0.000000000000000000e+00 0.000000000000000000e+00 0.000000000000000000e+00 0.000000000000000000e+00
2.714547867494499656e+01 1.499846541020064272e+01 -1.055493140290248633e+01 1.913552516197321296e+01 1.132434580487043263e+01 -4.814119578939628497e+00 -3.000000000000000000e+01 -1.397857621997216171e+01 2.409894496763028471e+01 0.000000000000000000e+00 1.118480878391759425e+01 -1.001825799985684817e+01 -1.148168244725192011e+01 -1.177089064147438791e+01 0.000000000000000000e+00 3.000000000000000000e+01 -9.406080433801786711e+00 0.000000000000000000e+00 -1.839888909006329454e-01 2.183609084695667057e+00 0.000000000000000000e+00 0.000000000000000000e+00 0.000000000000000000e+00 0.000000000000000000e+00 0.000000000000000000e+00
1.159981977469924175e+01 6.435604160822524733e+00 2.869213317854445666e+00 1.395867328211252811e+01 3.497686256218986323e+00 -1.574956019474602797e+01 2.390622950674216796e+01 -1.818487821813488026e+01 -2.204396008639088933e+01 0.000000000000000000e+00 3.295989409005095627e+00 -2.489352494920754921e+01 -2.285502874115989158e+01 -2.797492543039912505e+01 0.000000000000000000e+00 1.878180292717735611e+01 -1.791664626022056339e+01 0.000000000000000000e+00 -7.359905003251165923e+00 1.424909440232666191e-01 0.000000000000000000e+00 0.000000000000000000e+00 0.000000000000000000e+00 0.000000000000000000e+00 0.000000000000000000e+00
-1.147108691529033209e+01 1.505898899320647466e+01 2.199535768612930653e+01 8.179367797497615555e+00 0.000000000000000000e+00 2.680959739577583889e+01 5.118634088786947700e+00 2.292901432869221523e+01 2.346823942087959480e+01 0.000000000000000000e+00 -1.113494223253140222e-02 2.281657942327714039e+01 1.659656610715529723e+01 3.000000000000000000e+01 0.000000000000000000e+00 7.998495409409688506e+00 2.772898136188757334e+01 0.000000000000000000e+00 -2.069455518607344047e+01 0.000000000000000000e+00 0.000000000000000000e+00 0.000000000000000000e+00 0.000000000000000000e+00 0.000000000000000000e+00 0.000000000000000000e+00
2.715017767389740655e+01 -1.256491631756934346e+00 -9.759610297220888242e+00 5.882542716180260811e+00 0.000000000000000000e+00 2.211784700170594320e+01 8.940261221837046079e+00 7.562180015875791028e+00 4.986925438585425141e+00 0.000000000000000000e+00 -1.270635027305655917e+01 3.974630442765931804e-01 -5.166852724793569607e+00 1.581343144260295475e+01 0.000000000000000000e+00 1.781431943030162390e+00 2.081843107636164447e+01 0.000000000000000000e+00 3.000000000000000000e+01 0.000000000000000000e+00 0.000000000000000000e+00 0.000000000000000000e+00 0.000000000000000000e+00 0.000000000000000000e+00 0.000000000000000000e+00
1.775670732378527017e+00 1.524748961128454150e+00 2.431194663460911087e+01 -1.559030924030096799e+00 0.000000000000000000e+00 4.846524610310874337e+00 -1.031644963982011376e+01 9.224031780070280462e+00 0.000000000000000000e+00 0.000000000000000000e+00 1.772649220726296448e+01 6.000177599397574113e+00 2.328416654119826035e+01 2.785340362022299399e+00 0.000000000000000000e+00 -9.307014472977537256e-01 1.424131194110540122e+01 0.000000000000000000e+00 2.183449081946091397e+01 0.000000000000000000e+00 0.000000000000000000e+00 0.000000000000000000e+00 0.000000000000000000e+00 0.000000000000000000e+00 0.000000000000000000e+00
-2.010713777043265083e+01 -1.380536427998458437e+00 1.537260859653164324e+01 -1.278301071628600560e+01 0.000000000000000000e+00 1.596830142728348356e+01 2.190222874435620781e+01 -5.025023596513357838e+00 0.000000000000000000e+00 0.000000000000000000e+00 -1.278403425033717156e+01 -1.794465660366603599e+00 8.855331419800076986e+00 -2.235717181681768917e+00 0.000000000000000000e+00 -1.761461544926615019e+01 2.982791454198742365e+00 0.000000000000000000e+00 9.424331197794662884e+00 0.000000000000000000e+00 0.000000000000000000e+00 0.000000000000000000e+00 0.000000000000000000e+00 0.000000000000000000e+00 0.000000000000000000e+00
-3.000000000000000000e+01 2.731234530677128625e+00 -2.358167932345166251e-01 -1.946518463426580325e+01 0.000000000000000000e+00 1.239343343282089016e+01 8.596820561397430893e+00 -1.059192892426744592e+01 0.000000000000000000e+00 0.000000000000000000e+00 -1.268655521514794327e+00 2.373946272612371899e+01 -1.476670743766275073e+01 -1.232423262896833016e+01 0.000000000000000000e+00 2.085370278629715202e+01 -4.293195679899025619e-04 0.000000000000000000e+00 -1.138514446108627531e+01 0.000000000000000000e+00 0.000000000000000000e+00 0.000000000000000000e+00 0.000000000000000000e+00 0.000000000000000000e+00 0.000000000000000000e+00
-2.258721094668038987e+01 1.000268760628141429e+01 -1.059476107399101252e+01 -2.354402095924352878e+01 0.000000000000000000e+00 9.890869512796946594e+00 -1.273621409332256249e+01 -1.253188621404549608e+01 0.000000000000000000e+00 0.000000000000000000e+00 -2.653739611152296618e+01 2.193714960109886647e+00 9.156888491377715766e+00 -1.185692293910523176e+01 0.000000000000000000e+00 1.157200435775296299e+00 -1.489065997142995101e+01 0.000000000000000000e+00 -2.016554781862114964e+01 0.000000000000000000e+00 0.000000000000000000e+00 0.000000000000000000e+00 0.000000000000000000e+00 0.000000000000000000e+00 0.000000000000000000e+00
2.488894993842102110e+01 -1.307212832243245915e+00 -1.681276863804454536e+01 2.368400044235157509e+01 0.000000000000000000e+00 3.944782257857814556e-01 3.000000000000000000e+01 1.238025941689183895e+01 0.000000000000000000e+00 0.000000000000000000e+00 -2.874657539919434512e+01 4.824676039567396546e-01 -1.834090120690132864e+01 1.174090048920087348e+01 0.000000000000000000e+00 -1.126968660541827383e+01 2.605473895984962596e+01 -6.775381006561143060e-02 -3.000000000000000000e+01 0.000000000000000000e+00 -2.102821263274854857e+00 0.000000000000000000e+00 -1.001169396941709588e-01 0.000000000000000000e+00 0.000000000000000000e+00
1.227122619794998215e+01 -5.584575053034116721e+00 -2.667349763777623295e+01 1.500383263163464420e+01 0.000000000000000000e+00 -9.452578209000552789e+00 1.098203715165580974e+01 -4.885587158564247190e+00 -3.762957004302341923e-02 0.000000000000000000e+00 -2.517685320845761154e+01 -1.722178635831549087e+01 2.397651907536606686e+01 1.400243606961865162e+01 0.000000000000000000e+00 1.375107191236179993e+01 2.903435280678018060e+01 -1.657393949049380089e+00 2.903014231166988068e+01 0.000000000000000000e+00 -9.663171224073719756e+00 0.000000000000000000e+00 -5.713462448860981091e+00 -1.214842234006626234e-02 0.000000000000000000e+00
-1.992045583223672534e+00 -1.152522264309706124e+01 3.000000000000000000e+01 1.438795094983072786e+00 0.000000000000000000e+00 1.713232308372525736e+01 0.000000000000000000e+00 -3.000000000000000000e+01 -4.384349663818746912e+00 0.000000000000000000e+00 3.000000000000000000e+01 2.234621678932091982e+01 1.191804834987584272e+01 1.319777770950256901e+01 0.000000000000000000e+00 4.779439391406499205e+00 2.356038748595186760e+01 -7.063694220086321529e+00 2.363222547944149454e+01 0.000000000000000000e+00 -1.439369270145764190e+01 -1.259380612716104908e+00 -1.148494614832834060e+01 -4.300220582185090734e+00 0.000000000000000000e+00
-1.720483607744737853e+01 -2.440445774221091568e+01 2.970001603751784103e+01 -8.624094558430472901e+00 0.000000000000000000e+00 -2.308786138631516049e+00 0.000000000000000000e+00 2.921306410898937500e+01 -1.378182671217177990e+01 0.000000000000000000e+00 2.759792957912569378e+01 4.359522837441669907e+00 1.065345509861352069e-01 4.703244179845360584e+00 0.000000000000000000e+00 -1.332390400199602176e+01 1.306944827948774979e+01 -9.464301201379278439e+00 1.094984961538970936e+01 0.000000000000000000e+00 -1.773545817461318208e+01 -1.153928599812585709e+01 -2.215989348285762617e+01 -7.174590517993681971e+00 0.000000000000000000e+00
-2.785365424932700762e+01 -2.774542467997917328e+01 -2.268505679298479549e+01 -1.208889236198617034e+01 0.000000000000000000e+00 -1.011035466614300127e+01 -5.391616284432729778e-01 -2.435299086523937717e+01 -1.625304480431475085e+01 0.000000000000000000e+00 2.152465728869624684e+01 -7.046943970851311079e+00 -1.255652578270825259e+01 0.000000000000000000e+00 0.000000000000000000e+00 1.471252828486971787e+01 1.983800946730770454e-01 -1.873644785898241594e+01 9.740792663336687696e+00 0.000000000000000000e+00 -1.837884306070790785e+01 -2.041297408947027847e+01 -2.536949713904193970e+01 -1.608304810628466441e+01 0.000000000000000000e+00
-2.941418512308351652e+01 3.000000000000000000e+01 -3.000000000000000000e+01 -2.274142562927543665e+01 0.000000000000000000e+00 -1.019529409309735968e+01 -2.073724421098448900e+01 -1.845204633593244026e+01 -3.000000000000000000e+01 0.000000000000000000e+00 8.409505540914350430e-01 1.725497694898076517e+01 3.000000000000000000e+01 0.000000000000000000e+00 0.000000000000000000e+00 3.055327386345067175e+00 -1.507708816511952499e+01 -3.000000000000000000e+01 0.000000000000000000e+00 0.000000000000000000e+00 -2.246388038372358409e+01 -3.000000000000000000e+01 -3.000000000000000000e+01 -1.970624990664833120e+01 0.000000000000000000e+00
3.000000000000000000e+01 3.000000000000000000e+01 3.000000000000000000e+01 2.841760212132813024e+01 0.000000000000000000e+00 2.235107854010654904e+01 3.000000000000000000e+01 -2.105126564804222866e+01 3.000000000000000000e+01 0.000000000000000000e+00 8.183726869775714619e+00 -1.127084492418319783e+01 3.240477299133228684e+00 0.000000000000000000e+00 0.000000000000000000e+00 -1.270022203919561044e+01 2.260466271694310336e+01 3.000000000000000000e+01 0.000000000000000000e+00 0.000000000000000000e+00 3.000000000000000000e+01 3.000000000000000000e+01 3.000000000000000000e+01 2.185395845317021823e+01 0.000000000000000000e+00
2.564838489011692957e+01 1.690975705219365466e+01 1.970474957143794725e+01 1.647858733875258608e+01 0.000000000000000000e+00 6.598196306830168112e+00 1.756607501459950882e+01 -2.968028601116160559e+01 2.354017503040961046e+01 0.000000000000000000e+00 0.000000000000000000e+00 2.644806358864888551e+01 -1.751467994117306759e+01 0.000000000000000000e+00 0.000000000000000000e+00 -1.941193019457758950e+01 9.776189469714275049e+00 2.563878841416932985e+01 0.000000000000000000e+00 0.000000000000000000e+00 2.567565635972130167e+01 2.776795409198268416e+01 2.813928778056853375e+01 1.922955882575801922e+01 0.000000000000000000e+00
1.708278535429339229e+01 1.235373650442915405e+01 5.729196969877653700e+00 6.182384721458426213e+00 0.000000000000000000e+00 -2.331772589768925386e+01 -1.292320958585648860e+01 3.000000000000000000e+01 1.594699777610464331e+01 0.000000000000000000e+00 -3.822653660583114288e+00 8.533449537992686018e+00 2.733119052068343890e+01 0.000000000000000000e+00 0.000000000000000000e+00 -3.000000000000000000e+01 2.093254686910587026e+01 6.574321681215466562e+00 0.000000000000000000e+00 0.000000000000000000e+00 1.929428774930581625e+01 2.659014719777752944e+01 2.571351089773017762e+01 1.417645886439004599e+01 0.000000000000000000e+00
1.316615892748028926e+01 6.746572436546049545e+00 2.917379130529397860e-02 3.672869477991866027e+00 0.000000000000000000e+00 1.877564771152411893e+01 3.000000000000000000e+01 2.945070842796697619e+01 2.623367632057421517e+00 0.000000000000000000e+00 -1.971406114894249129e+01 8.862421356186363397e+00 1.696045491391182125e+01 0.000000000000000000e+00 0.000000000000000000e+00 3.000000000000000000e+01 3.972672064713961504e+00 2.625357179783350858e+01 -1.164671645967792213e-01 0.000000000000000000e+00 3.000000000000000000e+01 5.272412024762865634e+00 2.012485385890163414e+01 9.616506804978264711e+00 0.000000000000000000e+00
9.976619190426597727e-01 1.755151808330118746e+00 0.000000000000000000e+00 0.000000000000000000e+00 0.000000000000000000e+00 -9.859631421795818085e+00 2.689966714021192828e+01 2.313655648250053076e+01 -5.828257514775136094e+00 0.000000000000000000e+00 2.422864100837351486e+01 -1.869027522760671189e+01 1.071573306493640576e+00 0.000000000000000000e+00 0.000000000000000000e+00 -2.160706572067678621e+01 -1.711480824511747301e+01 1.336691254056219513e+01 -4.602843402174778831e+00 0.000000000000000000e+00 1.972167197699593899e+01 -8.749988652975988046e+00 2.344472874162411458e+01 1.954902740470848332e+00 0.000000000000000000e+00
0.000000000000000000e+00 1.264605783008680984e-01 0.000000000000000000e+00 0.000000000000000000e+00 0.000000000000000000e+00 -2.147035977639978199e+01 2.248252405815802391e+01 1.544187122619585928e+01 -1.565205279544470507e+01 0.000000000000000000e+00 3.731361504462158418e+00 2.086159513537985077e+01 -5.464644541925245846e+00 0.000000000000000000e+00 0.000000000000000000e+00 2.598418998675954583e+01 -9.039125134476856616e+00 2.398098524390144703e+00 -1.238610559612362394e+01 0.000000000000000000e+00 6.236509379168892586e+00 1.322148613935020123e+01 1.982082023008201332e+01 -8.754926438676172040e+00 0.000000000000000000e+00
0.000000000000000000e+00 0.000000000000000000e+00 0.000000000000000000e+00 0.000000000000000000e+00 0.000000000000000000e+00 -2.235367029097048430e+01 1.303643300718049858e+01 2.268502640246397917e+00 -2.824033219303847986e+01 0.000000000000000000e+00 1.156058231067400044e+01 -1.209275164097703303e+01 2.660463338520067111e+01 0.000000000000000000e+00 0.000000000000000000e+00 2.130875337134952829e+01 -2.244600782094536484e+01 -1.020865986993409891e+01 -2.439367916446509810e+01 0.000000000000000000e+00 -8.615047340373704898e+00 -5.346792279644971835e-01 6.607792693932977635e+00 -1.960281809622384230e+01 0.000000000000000000e+00
0.000000000000000000e+00 0.000000000000000000e+00 0.000000000000000000e+00 0.000000000000000000e+00 0.000000000000000000e+00 -2.372915026016656270e+01 -1.573697111344789157e+01 0.000000000000000000e+00 3.000000000000000000e+01 0.000000000000000000e+00 -2.107108612937059888e+01 6.576868032454786572e+00 5.561543618060527550e+00 0.000000000000000000e+00 0.000000000000000000e+00 1.374106604860688563e+01 2.904040203741807247e+01 -9.962880404056242867e+00 -3.000000000000000000e+01 0.000000000000000000e+00 1.728850720332690827e+01 -2.868311134846810440e+00 1.641054772969330333e-02 -2.305544776025088183e+01 0.000000000000000000e+00
0.000000000000000000e+00 0.000000000000000000e+00 0.000000000000000000e+00 0.000000000000000000e+00 0.000000000000000000e+00 2.517026029138626697e+01 -3.000000000000000000e+01 0.000000000000000000e+00 2.421226313458026524e+01 0.000000000000000000e+00 -9.498419350275795203e-01 -9.978269997329510588e+00 -2.409037852547995584e+01 -3.611781994230547355e+00 0.000000000000000000e+00 9.331940680186107784e+00 9.441271954817750611e+00 1.255098477444327010e+01 3.000000000000000000e+01 0.000000000000000000e+00 1.204418762956844979e+01 7.284947817876228804e+00 -3.236416471171815079e+00 2.620617045626919150e+01 0.000000000000000000e+00
0.000000000000000000e+00 0.000000000000000000e+00 0.000000000000000000e+00 0.000000000000000000e+00 0.000000000000000000e+00 1.936678019116731164e+01 -3.000000000000000000e+01 0.000000000000000000e+00 1.600924427792094207e+01 0.000000000000000000e+00 -2.204106739988978703e+01 1.967536150588455968e+01 2.066168097366209722e+01 -1.335234196373906279e+01 0.000000000000000000e+00 1.952815535723816254e+01 -1.884359537198713852e+01 2.435218210791057381e+00 1.917466449575438503e+01 0.000000000000000000e+00 -1.634690055516175633e+01 1.462302036904594438e+01 -2.118302742625589374e+01 2.026013014375808652e+01 0.000000000000000000e+00
0.000000000000000000e+00 0.000000000000000000e+00 0.000000000000000000e+00 0.000000000000000000e+00 0.000000000000000000e+00 1.231823678984235038e+01 3.000000000000000000e+01 0.000000000000000000e+00 4.535035237323314483e+00 0.000000000000000000e+00 2.367323383559096683e+01 -1.548113290749179249e+01 3.833654159956524587e+00 -2.250027653577151554e+01 0.000000000000000000e+00 4.608819697968395523e+00 -2.233862109107579030e+01 -2.357688366968534233e+00 1.791573181580776719e+01 0.000000000000000000e+00 2.708674901176722827e+01 -3.339305027207072563e+00 3.000000000000000000e+01 1.382699121771805828e+01 0.000000000000000000e+00
0.000000000000000000e+00 0.000000000000000000e+00 0.000000000000000000e+00 0.000000000000000000e+00 0.000000000000000000e+00 2.998151871157758719e-01 2.726691569977062102e+01 0.000000000000000000e+00 -8.501765193635185680e-05 0.000000000000000000e+00 3.599032848281500385e-01 2.650984299357383733e+01 -2.078736256804272031e+01 2.816407297122506392e+01 0.000000000000000000e+00 -8.150615485528868831e+00 2.530839928843121100e+01 -1.931854919137639470e+01 5.076624920780292705e+00 0.000000000000000000e+00 1.325316549241891018e+01 6.055512395043745499e+00 2.756053384488693681e+01 1.033453643606896399e+00 0.000000000000000000e+00
0.000000000000000000e+00 0.000000000000000000e+00 0.000000000000000000e+00 0.000000000000000000e+00 0.000000000000000000e+00 -1.588841350087756066e+00 2.086624035976586100e+01 0.000000000000000000e+00 0.000000000000000000e+00 -4.071276250155504012e-02 -1.967926702549738494e+01 7.040166619961303773e+00 8.325496847376957277e+00 2.448010343772985564e+01 0.000000000000000000e+00 8.855137649706565028e+00 1.885300635335152108e+01 2.198608110611659683e+01 0.000000000000000000e+00 0.000000000000000000e+00 -1.383593724438670947e+01 -1.549260266675549680e+01 2.127928481741757238e+01 -1.071684067004165541e+01 -3.088284444171134346e+00
0.000000000000000000e+00 0.000000000000000000e+00 0.000000000000000000e+00 0.000000000000000000e+00 0.000000000000000000e+00 -5.376029884282605309e+00 6.728094931713816784e+00 0.000000000000000000e+00 0.000000000000000000e+00 -1.502330036668779734e+00 1.758823453330144559e+01 -2.625729390165625787e+00 -8.737733930581461195e+00 1.346184792955424214e+01 0.000000000000000000e+00 -9.805510047253857664e+00 -2.805301803013133366e+00 3.583559891921568319e-01 -6.327600782584584138e+00 0.000000000000000000e+00 -2.193089033767662599e+01 -5.064190353376812226e+00 2.520121126806779799e+01 1.304280546154098097e+01 -9.649669569754145471e+00
0.000000000000000000e+00 0.000000000000000000e+00 0.000000000000000000e+00 0.000000000000000000e+00 0.000000000000000000e+00 -1.060292659091181378e+01 8.755381799823260813e-01 0.000000000000000000e+00 0.000000000000000000e+00 -6.672254168160203669e+00 5.883378291167694618e-01 -4.765353333830601446e-01 -2.114341767980059572e+01 3.893827928897907409e+00 0.000000000000000000e+00 -2.539756767491294553e+01 -3.000000000000000000e+01 -4.040163467928161722e+00 -2.177482607476328980e+01 -1.871270056205978638e-01 3.000000000000000000e+01 1.415799141268979078e+01 -2.061965766429635849e+01 2.547629635466589271e+00 -1.673205015082481140e+01
0.000000000000000000e+00 0.000000000000000000e+00 0.000000000000000000e+00 0.000000000000000000e+00 0.000000000000000000e+00 -9.139601392467540109e+00 -6.574800864579606774e+00 0.000000000000000000e+00 -1.382440993928528039e+00 -9.351946380644807988e+00 -1.586294195985700917e+01 7.500285601983245343e+00 2.011084645310132757e+01 -1.483626712912498924e+00 0.000000000000000000e+00 3.150620205887164627e+00 -2.670692852311603360e+01 1.607696974597211792e+01 1.819933254145031043e+01 -9.717490027766777061e+00 -2.799261951242131730e+01 -5.492549174652094912e+00 2.884870531975966657e+01 -2.425518298227791902e+01 -1.965200959409654757e+01
0.000000000000000000e+00 0.000000000000000000e+00 0.000000000000000000e+00 0.000000000000000000e+00 0.000000000000000000e+00 -1.434345777470344530e+01 -1.317205814974967915e+01 0.000000000000000000e+00 -7.823920330264156675e+00 -1.076248263819812401e+01 -2.314729523842107994e+01 -1.674919875351175946e+01 2.110009294019872250e+00 -6.457299402143271472e+00 -8.943455597442671490e+00 -1.252256455473477992e+01 -2.823415268182504434e+01 -6.952605151945899564e+00 -1.224455239729564227e+01 -1.870308632672741922e+01 -2.605806735753480297e+01 -1.863399411886690871e+01 2.092499144907103670e+01 5.192580438463768822e+00 -1.953052568686195656e+01
0.000000000000000000e+00 0.000000000000000000e+00 0.000000000000000000e+00 0.000000000000000000e+00 0.000000000000000000e+00 -1.440309649028221450e+01 -2.053519098380436603e+01 0.000000000000000000e+00 -1.828632949880236325e+01 -9.148420407894407802e+00 -3.000000000000000000e+01 -2.777478576145430722e+01 -1.681588813736308197e+01 -1.176425501343530300e+01 -2.670552921370120814e+01 -2.442047806647127572e+01 -3.000000000000000000e+01 1.856631859505351301e+01 -2.147014846649940623e+01 -2.003323700558625475e+01 -2.675828704206775654e+01 3.000000000000000000e+01 8.548260035111225008e+00 -1.643725545755356876e+01 -2.778473655222513727e+01
