# yaw
0.000000000000000000e+00 0.000000000000000000e+00 -3.000000000000000000e+01 0.000000000000000000e+00 0.000000000000000000e+00 3.000000000000000000e+01 0.000000000000000000e+00 0.000000000000000000e+00 3.000000000000000000e+01 3.000000000000000000e+01 3.000000000000000000e+01 -2.558318102010739281e+01 2.766119422179501797e+01 -2.992038353327673050e+01 3.000000000000000000e+01 3.000000000000000000e+01 -2.857509043484271416e+01 1.515642559784945043e+01 -2.491533821052194142e+01 3.000000000000000000e+01 3.000000000000000000e+01 2.823546192061655802e+01 4.997659155427866651e+00 -1.416383560242508111e+01 3.000000000000000000e+01
0.000000000000000000e+00 0.000000000000000000e+00 3.000000000000000000e+01 0.000000000000000000e+00 0.000000000000000000e+00 2.855209409630335671e+01 0.000000000000000000e+00 0.000000000000000000e+00 3.000000000000000000e+01 3.000000000000000000e+01 3.000000000000000000e+01 3.000000000000000000e+01 5.943794126354447371e+00 -3.000000000000000000e+01 3.000000000000000000e+01 2.501060214791024450e+01 3.000000000000000000e+01 -6.645795696678289843e+00 -3.000000000000000000e+01 3.000000000000000000e+01 2.176277028732567587e+01 2.202257570094386452e+01 -4.446877716219126420e+00 -2.577952380045532621e+01 3.000000000000000000e+01
0.000000000000000000e+00 0.000000000000000000e+00 3.000000000000000000e+01 0.000000000000000000e+00 0.000000000000000000e+00 1.570427315450372596e+01 0.000000000000000000e+00 0.000000000000000000e+00 2.237786900639675025e+01 2.285348518577327326e+01 2.474381318481933789e+01 2.523623886532732286e+01 -1.390119722482082842e+01 3.000000000000000000e+01 3.000000000000000000e+01 1.029653250615876559e+01 2.550241452071844961e+01 2.323661412736887399e+01 3.000000000000000000e+01 2.929616762141520780e+01 1.534047838651122397e+01 2.887531298170504712e+01 -1.802497662425485103e+01 2.959973320024804266e+01 2.303551732137301045e+01
0.000000000000000000e+00 0.000000000000000000e+00 3.000000000000000000e+01 0.000000000000000000e+00 0.000000000000000000e+00 5.770838675551987151e+00 0.000000000000000000e+00 0.000000000000000000e+00 1.008366175803188725e+01 3.000000000000000000e+01 1.566687381601891715e+01 1.744285045156651037e+01 2.342785815628242574e+01 2.086549986883823493e+01 2.749395545508523142e+01 5.387604788693953761e-01 1.208324916912509295e+01 2.375716522838710709e+00 3.000000000000000000e+01 1.519684996891387208e+01 2.946473387816211265e+00 -4.436492717963662180e+00 9.244993002432288165e+00 2.322129253054027842e+01 1.786754229079041068e+01
0.000000000000000000e+00 0.000000000000000000e+00 2.006351950445856147e+01 0.000000000000000000e+00 0.000000000000000000e+00 0.000000000000000000e+00 0.000000000000000000e+00 0.000000000000000000e+00 -4.935212589541941419e+00 3.000000000000000000e+01 8.170617899528883399e+00 4.592360467933098711e+00 -2.869453465327531205e+01 1.590232051907045019e+01 1.231426099022982967e+01 0.000000000000000000e+00 -3.630673461556946369e-02 -1.804473816270867204e+01 3.000000000000000000e+01 6.060322350336845965e+00 0.000000000000000000e+00 -1.728020558679299512e+01 -1.776509539002697124e+01 2.781639431462854617e+01 1.327191264249536751e+01
0.000000000000000000e+00 0.000000000000000000e+00 1.191382869056912597e+01 0.000000000000000000e+00 0.000000000000000000e+00 0.000000000000000000e+00 -8.097715482923488750e+00 0.000000000000000000e+00 -1.678559914456744195e+01 1.750024151569184738e+01 4.722944183279896180e+00 -9.422450766887822127e+00 3.000000000000000000e+01 4.461438983867120456e+00 2.807510941762391354e+00 0.000000000000000000e+00 -1.373190922674793413e+01 -2.977035200890048472e+01 3.000000000000000000e+01 -7.867349876746300374e+00 0.000000000000000000e+00 -2.357900717344918462e+01 2.804345869838632410e+01 2.166416692467547733e+01 1.056355437928996999e+01
0.000000000000000000e+00 0.000000000000000000e+00 1.016855296141278231e+01 0.000000000000000000e+00 0.000000000000000000e+00 0.000000000000000000e+00 -2.107488139674425298e+01 0.000000000000000000e+00 -2.482103801067928117e+01 2.147605408824602602e+00 4.115852960356674028e-01 -2.103842916390859585e+01 3.000000000000000000e+01 8.726013717257916635e-01 -7.748854629752828238e+00 0.000000000000000000e+00 -2.342393394048109911e+01 2.809291249871623464e+01 2.483176937281169572e+01 1.952245564921980758e+01 0.000000000000000000e+00 2.833415393119766534e+01 -1.742234820217593239e+00 1.016492873308801670e+01 -1.639921324012264137e+01
0.000000000000000000e+00 0.000000000000000000e+00 1.379531311517022407e-02 0.000000000000000000e+00 0.000000000000000000e+00 0.000000000000000000e+00 -2.389812411273295467e+01 0.000000000000000000e+00 2.983813737589528614e+01 0.000000000000000000e+00 0.000000000000000000e+00 2.398489906967329688e+01 2.946871011279211672e+01 0.000000000000000000e+00 -6.937469924075443384e-01 0.000000000000000000e+00 3.000000000000000000e+01 1.855218292849449924e+01 1.272353853634448528e+00 1.274384414103967522e+01 0.000000000000000000e+00 2.113144726372888016e+01 2.313743221663154159e+01 1.518738106059997683e+01 -2.649354713642186887e+00
0.000000000000000000e+00 0.000000000000000000e+00 0.000000000000000000e+00 0.000000000000000000e+00 0.000000000000000000e+00 0.000000000000000000e+00 -3.000000000000000000e+01 0.000000000000000000e+00 2.011826383259744944e+01 -7.514692530103854295e+00 0.000000000000000000e+00 2.299577530881838250e+00 1.067862618663729890e+01 -2.519305271002110214e+00 -1.722951488534516784e+01 0.000000000000000000e+00 2.510709710112082504e+01 -6.956046482737416881e-01 2.409772572478452446e+01 2.743052743379581671e+01 0.000000000000000000e+00 4.887207739968969733e+00 -1.103096475538447763e+01 -6.057727024121881243e+00 -2.518446178052330353e+01
0.000000000000000000e+00 0.000000000000000000e+00 0.000000000000000000e+00 0.000000000000000000e+00 0.000000000000000000e+00 0.000000000000000000e+00 2.556439877315802178e+01 0.000000000000000000e+00 1.116760855257211027e+01 2.719965062647361975e+01 0.000000000000000000e+00 -2.174822011560172541e+01 3.004058395286692384e+00 -1.670893208029682242e+01 2.085444870110305260e+01 0.000000000000000000e+00 9.980203989914695484e+00 -2.119684702828094913e+01 3.865739321773225878e+00 2.192893071562598806e+01 0.000000000000000000e+00 0.000000000000000000e+00 2.854177602778642964e+01 1.022938574534083855e+01 2.949499404728604546e+01
0.000000000000000000e+00 0.000000000000000000e+00 0.000000000000000000e+00 0.000000000000000000e+00 0.000000000000000000e+00 0.000000000000000000e+00 7.600413086782771721e+00 0.000000000000000000e+00 -7.707759053640268476e-01 8.786121930018342852e+00 0.000000000000000000e+00 2.451348721978724399e+01 0.000000000000000000e+00 -3.000000000000000000e+01 -6.477035618700539565e+00 0.000000000000000000e+00 1.073409822996907459e-01 2.326807771254171797e+01 2.089891295451703002e+01 -6.823329023920898795e-01 0.000000000000000000e+00 0.000000000000000000e+00 2.638899080135585251e+01 6.738527206953603965e+00 2.766398507912698257e+00
0.000000000000000000e+00 0.000000000000000000e+00 -2.210723260820232072e-01 0.000000000000000000e+00 0.000000000000000000e+00 0.000000000000000000e+00 -1.865793913289772732e+01 0.000000000000000000e+00 -1.901448611103518260e+01 -1.856439947950545744e+01 0.000000000000000000e+00 7.535411839585592908e+00 0.000000000000000000e+00 3.000000000000000000e+01 -2.673088959468791259e+01 0.000000000000000000e+00 0.000000000000000000e+00 5.893664973384586503e+00 -9.118980403557021219e+00 -2.413192561697946203e+01 0.000000000000000000e+00 0.000000000000000000e+00 1.231869473502154833e+01 -3.022434032299085693e+00 -2.191111456857318274e+01
0.000000000000000000e+00 -8.187485546695374983e-02 -1.351747091773524012e+01 0.000000000000000000e+00 -6.424728711143385951e+00 0.000000000000000000e+00 3.000000000000000000e+01 0.000000000000000000e+00 2.587143105610598681e+01 2.906882582600702847e+01 0.000000000000000000e+00 2.872241353670873565e+01 -1.868433537952692181e+00 2.415493857666400146e+01 2.573066279420728009e+01 0.000000000000000000e+00 -7.558194815009071366e-02 -5.787637349403436104e+00 2.194119129328498730e+01 2.806068215600684113e+01 0.000000000000000000e+00 -5.790168574631063159e+00 2.505538603146964860e+01 -1.796575188108983312e+01 -2.838630908094175354e+01
0.000000000000000000e+00 -4.151715178965470265e+00 -2.321176405923034736e+01 0.000000000000000000e+00 -1.260712216831208643e+01 0.000000000000000000e+00 1.569696274170790673e+01 0.000000000000000000e+00 1.330614315140489268e+01 8.075620416749526242e+00 0.000000000000000000e+00 9.201414387510798321e+00 -6.952351507691821197e+00 7.053085373024534199e+00 2.323779932639100565e+01 0.000000000000000000e+00 -9.270861317044758465e+00 -1.192772560392144854e+01 1.434238255127036066e+00 2.273449466096150218e+01 0.000000000000000000e+00 -1.191132526273895564e+01 -7.813073630911955281e-01 -1.705607054520407573e+01 2.361749389157184709e+01
0.000000000000000000e+00 -8.044106371638008568e+00 3.000000000000000000e+01 -1.628269495439491177e+00 -1.567466368364577534e+01 0.000000000000000000e+00 2.395661900304360881e+00 0.000000000000000000e+00 -1.675263208193467079e+01 -1.633534389219664007e+01 0.000000000000000000e+00 -1.322777709708231697e+01 -1.224414945215862005e+01 -1.391513489467464915e+01 1.155425591703437327e+01 0.000000000000000000e+00 -1.189298381432477569e+01 -1.618044065356726691e+01 -9.869976196107270283e+00 1.043566583131697456e+01 0.000000000000000000e+00 -1.700705638304488332e+01 -1.661683389073997930e+01 -4.084277132451156866e+00 2.330059748271753151e+01
0.000000000000000000e+00 -1.258177469352164302e+01 2.159500221350427296e+01 -1.585039286841806572e+01 -1.834173824852483392e+01 0.000000000000000000e+00 0.000000000000000000e+00 -2.071465837904056528e-01 2.957214778067055505e+01 -3.351475364034809168e+00 0.000000000000000000e+00 1.878568422014621575e+01 -2.573283785745454466e+01 -2.617424226231289452e+01 -1.046480202392614967e+00 0.000000000000000000e+00 -2.952905632475705033e+01 -2.023587509206640078e+01 -2.101435580819358151e+01 -1.249075616285765911e+00 0.000000000000000000e+00 -2.443395978631043519e+01 -2.324290798512097211e+01 -1.649106083181517590e+01 3.088490887399434337e-01
0.000000000000000000e+00 -2.182176605582463580e+01 -2.723266446464674306e+00 -2.807738862827078208e+01 -1.878668790589207305e+01 0.000000000000000000e+00 0.000000000000000000e+00 -1.335500384107344019e+01 3.000000000000000000e+01 -3.000000000000000000e+01 0.000000000000000000e+00 1.080843023878058418e+00 -2.679442424841557013e+01 2.185125744704708239e+01 -1.780350748620873702e+01 0.000000000000000000e+00 -2.678836291939701653e+01 -2.604489785652094014e+01 1.659702070770995164e+01 -1.851421418439636568e+01 0.000000000000000000e+00 -3.000000000000000000e+01 -3.000000000000000000e+01 -2.087049023297674921e+01 -1.830413316330243845e+01
0.000000000000000000e+00 -3.000000000000000000e+01 -1.186012228328277729e+01 -3.000000000000000000e+01 -2.466973005722336865e+01 0.000000000000000000e+00 -3.262073571886972445e+00 -2.753211667766979076e+01 2.648705742506156113e+01 2.912465559102242096e+01 0.000000000000000000e+00 0.000000000000000000e+00 -2.961187428307020753e+01 2.399083924773162124e+00 -1.894590261099007833e+01 0.000000000000000000e+00 -3.000000000000000000e+01 -3.000000000000000000e+01 1.614714750865447801e+00 5.888215811788639620e+00 0.000000000000000000e+00 -3.000000000000000000e+01 -3.000000000000000000e+01 -3.000000000000000000e+01 -2.159664924005954845e+01
0.000000000000000000e+00 3.000000000000000000e+01 -2.008786191309937763e+01 3.000000000000000000e+01 3.000000000000000000e+01 0.000000000000000000e+00 -1.541443190564369026e+01 3.000000000000000000e+01 2.168977026208347425e+01 2.153733337189829200e+01 0.000000000000000000e+00 -2.877961031528978086e+00 3.000000000000000000e+01 -1.286440386024886529e+01 -2.595839497499725823e+01 0.000000000000000000e+00 3.000000000000000000e+01 -7.680693180702810707e+00 0.000000000000000000e+00 -1.326079131004152778e+01 0.000000000000000000e+00 5.528552184235521749e-02 3.000000000000000000e+01 3.000000000000000000e+01 3.000000000000000000e+01
0.000000000000000000e+00 2.822534400266266275e+01 -2.146086575176345690e+01 3.000000000000000000e+01 2.692532468872997953e+01 0.000000000000000000e+00 -3.000000000000000000e+01 2.037967465785028409e+01 -1.450005358516703868e+00 3.737306622159029423e+00 0.000000000000000000e+00 -1.639624558216652161e+01 2.923086165277261372e+01 2.270722579363194882e+01 2.842706717275854089e+01 0.000000000000000000e+00 2.309024467830647254e+01 -2.407138097619893458e+01 0.000000000000000000e+00 2.319545270638211321e+01 0.000000000000000000e+00 -3.000000000000000000e+01 3.000000000000000000e+01 2.828660004797249883e+01 2.074152153107712948e+01
0.000000000000000000e+00 2.096360169761936376e+01 3.000000000000000000e+01 2.254371165499628660e+01 2.816939248208383617e+01 0.000000000000000000e+00 -3.000000000000000000e+01 9.491775268252359510e+00 -2.550611623096392933e+01 -2.076827572688865198e-01 0.000000000000000000e+00 3.000000000000000000e+01 3.000000000000000000e+01 4.408164795383600953e+00 1.024833063385353427e+01 0.000000000000000000e+00 1.491881126988975659e+01 2.823605407561246849e+01 -1.117400283277251560e+01 3.000000000000000000e+01 0.000000000000000000e+00 2.405142659505481006e+01 2.207956697344217289e+01 2.232528024372173547e+01 1.629702137885139379e+01
0.000000000000000000e+00 2.210200356315571568e+01 3.000000000000000000e+01 3.000000000000000000e+01 -3.000000000000000000e+01 0.000000000000000000e+00 3.000000000000000000e+01 0.000000000000000000e+00 -2.572975375226841166e+01 -2.636948730240560224e+01 0.000000000000000000e+00 2.561493963987901878e+01 2.521007697756376231e+01 0.000000000000000000e+00 0.000000000000000000e+00 0.000000000000000000e+00 3.000000000000000000e+01 2.600047731147471808e+01 -2.205862712588216201e+00 9.688838488834093710e+00 0.000000000000000000e+00 3.000000000000000000e+01 1.327505362931977295e+01 4.057318258434049696e+00 3.229656577368035908e+00
0.000000000000000000e+00 8.854237998631981910e+00 3.000000000000000000e+01 -1.511411140354509897e+01 3.000000000000000000e+01 0.000000000000000000e+00 3.000000000000000000e+01 -6.193569921990780713e+00 3.000000000000000000e+01 -3.000000000000000000e+01 0.000000000000000000e+00 3.058315992429232466e+00 1.281907798601858772e+01 -5.832452456116854478e-03 -1.535273035319612234e+01 0.000000000000000000e+00 -3.530005328297860956e+00 1.715268402374956125e+01 3.000000000000000000e+01 -3.000000000000000000e+01 0.000000000000000000e+00 9.068008252166301020e+00 2.911492697847414046e+00 2.437201596988941343e+00 0.000000000000000000e+00
0.000000000000000000e+00 0.000000000000000000e+00 0.000000000000000000e+00 0.000000000000000000e+00 0.000000000000000000e+00 0.000000000000000000e+00 0.000000000000000000e+00 0.000000000000000000e+00 0.000000000000000000e+00 0.000000000000000000e+00 0.000000000000000000e+00 0.000000000000000000e+00 0.000000000000000000e+00 0.000000000000000000e+00 0.000000000000000000e+00 0.000000000000000000e+00 0.000000000000000000e+00 0.000000000000000000e+00 0.000000000000000000e+00 0.000000000000000000e+00 0.000000000000000000e+00 0.000000000000000000e+00 0.000000000000000000e+00 0.000000000000000000e+00 0.000000000000000000e+00
0.000000000000000000e+00 0.000000000000000000e+00 0.000000000000000000e+00 0.000000000000000000e+00 0.000000000000000000e+00 0.000000000000000000e+00 0.000000000000000000e+00 0.000000000000000000e+00 0.000000000000000000e+00 0.000000000000000000e+00 0.000000000000000000e+00 0.000000000000000000e+00 0.000000000000000000e+00 0.000000000000000000e+00 0.000000000000000000e+00 0.000000000000000000e+00 0.000000000000000000e+00 0.000000000000000000e+00 0.000000000000000000e+00 0.000000000000000000e+00 0.000000000000000000e+00 0.000000000000000000e+00 0.000000000000000000e+00 0.000000000000000000e+00 0.000000000000000000e+00
0.000000000000000000e+00 0.000000000000000000e+00 0.000000000000000000e+00 0.000000000000000000e+00 0.000000000000000000e+00 0.000000000000000000e+00 0.000000000000000000e+00 0.000000000000000000e+00 0.000000000000000000e+00 0.000000000000000000e+00 0.000000000000000000e+00 0.000000000000000000e+00 0.000000000000000000e+00 0.000000000000000000e+00 0.000000000000000000e+00 0.000000000000000000e+00 0.000000000000000000e+00 0.000000000000000000e+00 0.000000000000000000e+00 0.000000000000000000e+00 0.000000000000000000e+00 0.000000000000000000e+00 0.000000000000000000e+00 0.000000000000000000e+00 0.000000000000000000e+00
0.000000000000000000e+00 -6.765942314139403280e+00 -1.724449509059002494e+01 2.368348298130215568e+01 -2.493263743917567155e+01 0.000000000000000000e+00 1.548867865065283844e+01 3.000000000000000000e+01 -2.282874216930466815e+01 1.307874622478698612e+01 0.000000000000000000e+00 3.000000000000000000e+01 0.000000000000000000e+00 8.029351382521479508e+00 2.477458535924422733e+01 0.000000000000000000e+00 3.000000000000000000e+01 0.000000000000000000e+00 -2.299974647593917609e+01 1.282428984152898721e+01 0.000000000000000000e+00 0.000000000000000000e+00 0.000000000000000000e+00 0.000000000000000000e+00 0.000000000000000000e+00
0.000000000000000000e+00 -1.540499676295081066e+01 1.525932629925836359e+01 1.642592309054037614e+01 2.720494779324005208e+01 0.000000000000000000e+00 5.416223340421309373e+00 3.000000000000000000e+01 2.724729717682910746e+01 -4.885513409469530721e+00 0.000000000000000000e+00 1.387089894036533977e+01 -5.695603239301749721e-01 2.549394752859994284e+01 -4.922259567439171590e+00 0.000000000000000000e+00 2.262201937882870695e+01 0.000000000000000000e+00 3.000000000000000000e+01 3.147213555033689936e-02 0.000000000000000000e+00 0.000000000000000000e+00 0.000000000000000000e+00 0.000000000000000000e+00 0.000000000000000000e+00
0.000000000000000000e+00 -2.037552861207865718e+01 -1.493443273770679802e+01 -6.825211207856484386e+00 1.683722405624249774e+01 0.000000000000000000e+00 -1.563881235118575397e+01 2.898048559350069908e+01 1.057067550999115824e+01 -2.419454588492770952e+01 0.000000000000000000e+00 -1.748958031518880318e+01 -1.374247390755526688e+01 -1.114156585163707192e+01 -2.085151981505451957e+01 0.000000000000000000e+00 1.594664507890483307e+01 0.000000000000000000e+00 2.943821198033533904e+01 0.000000000000000000e+00 0.000000000000000000e+00 0.000000000000000000e+00 0.000000000000000000e+00 0.000000000000000000e+00 0.000000000000000000e+00
0.000000000000000000e+00 3.000000000000000000e+01 1.681264331807472345e+01 -2.230638684632807056e+01 -1.843927435958862660e+01 0.000000000000000000e+00 2.604627663678615335e+01 1.217263922165467172e+01 -1.176288259353027854e+01 1.492273583406556625e+01 0.000000000000000000e+00 2.633744416481334838e+01 -2.044437877267338877e+01 2.006366574550466098e+01 2.192053846407803874e+01 0.000000000000000000e+00 3.045080996116848571e+00 0.000000000000000000e+00 1.999820610948565047e+01 0.000000000000000000e+00 0.000000000000000000e+00 0.000000000000000000e+00 0.000000000000000000e+00 0.000000000000000000e+00 0.000000000000000000e+00
0.000000000000000000e+00 3.000000000000000000e+01 -8.136060537916771196e+00 -3.230255998056769773e+00 1.782828706522396445e+01 -1.117172849857388517e+00 8.880704432734983778e-01 1.489862102061143645e+01 1.878596799867612432e+01 -1.749260799583830917e+01 0.000000000000000000e+00 1.031372524525488643e+01 3.000000000000000000e+01 -7.327813686814656613e+00 3.969325500229240689e+00 0.000000000000000000e+00 -1.707790598750899136e+01 0.000000000000000000e+00 1.614798800451172767e+01 -3.302194812625125042e+00 0.000000000000000000e+00 0.000000000000000000e+00 0.000000000000000000e+00 0.000000000000000000e+00 0.000000000000000000e+00
0.000000000000000000e+00 2.734687376161209826e+01 1.363076952124384356e+01 2.351498096756542466e+01 -1.572633506380019641e+00 -3.330424309022039342e+00 -2.405043814639954292e+01 -5.311846201945488843e+00 -1.402921941214841794e+01 1.103192437880004739e+01 0.000000000000000000e+00 -1.924930912994769150e+00 1.797463440352578701e+01 2.436188648585493155e+01 -2.625410462592463912e+00 0.000000000000000000e+00 2.747213526591108135e+01 0.000000000000000000e+00 1.895788078274724064e+00 -9.396923421745077221e+00 0.000000000000000000e+00 0.000000000000000000e+00 0.000000000000000000e+00 0.000000000000000000e+00 0.000000000000000000e+00
-3.573435369548046747e+00 1.044488829163515042e+01 -1.109979544167860155e+01 2.667312203880529964e+01 -9.652320354198749897e+00 -7.889608497621201977e+00 2.180529227918682622e+01 1.962795545952890297e+00 1.141531179783596350e+01 -1.628412807607251267e+01 -8.942923951310953468e-02 -1.680515508558088555e+01 8.065407551048547674e+00 4.532192423991824093e+00 -1.158581986967487332e+01 0.000000000000000000e+00 1.064426780297263697e+01 0.000000000000000000e+00 -4.837175400361264366e+00 -1.392311756323309879e+01 0.000000000000000000e+00 0.000000000000000000e+00 0.000000000000000000e+00 0.000000000000000000e+00 0.000000000000000000e+00
-1.325040342426460072e+01 -4.385808516158399506e+00 1.027628676577628042e+01 3.761265620668308607e+00 -1.070252341841594479e+01 -1.729573480429884924e+01 2.063901317906898569e+01 -1.780640446247544872e+01 -1.987431269152128976e+01 -2.017886968156776817e+01 -4.594646515023030453e+00 -2.469587941199674574e+01 -3.205749760203499221e+00 -1.128278239341529243e+01 -1.869335930386829148e+01 -3.006205472417394109e+00 -1.035391463783910027e+01 0.000000000000000000e+00 -9.041506924065410900e+00 -1.931350201204638140e+01 0.000000000000000000e+00 0.000000000000000000e+00 0.000000000000000000e+00 0.000000000000000000e+00 0.000000000000000000e+00
-1.681856231255836320e+01 -1.037773384207956084e+01 -1.498683183513415074e+01 2.215777738738156089e+01 -1.503682539339873969e+01 -2.246084750145982412e+01 4.163876402360428663e+00 -6.223689353350592146e-01 -2.820890129144844849e+01 -2.489949689996324267e+01 -2.096426435409993161e+01 1.783328014799842620e+01 -1.877741498397464781e+01 -2.636126166504084267e+01 -2.590257916949837735e+01 -1.182011169259372529e+01 -1.758346798599560756e+01 0.000000000000000000e+00 -1.705288881232096188e+01 -2.634913765158915311e+01 0.000000000000000000e+00 0.000000000000000000e+00 0.000000000000000000e+00 0.000000000000000000e+00 0.000000000000000000e+00
-2.276003287469228908e+01 -1.683041983077276527e+01 -2.807131473772026098e+01 4.613806867168857906e+00 -2.252243138574950976e+01 -3.000000000000000000e+01 -1.615371232998775142e+01 -1.571340199183198472e+01 -3.000000000000000000e+01 -3.000000000000000000e+01 -3.000000000000000000e+01 -1.670609961991269543e+00 -3.000000000000000000e+01 -3.000000000000000000e+01 -3.000000000000000000e+01 -2.862085611689919418e+01 -3.000000000000000000e+01 0.000000000000000000e+00 -2.085436744827813627e+01 3.000000000000000000e+01 0.000000000000000000e+00 0.000000000000000000e+00 0.000000000000000000e+00 0.000000000000000000e+00 0.000000000000000000e+00
3.000000000000000000e+01 3.000000000000000000e+01 -3.000000000000000000e+01 0.000000000000000000e+00 3.000000000000000000e+01 -3.000000000000000000e+01 1.598622210654247056e+01 -2.650567341639770191e+01 3.000000000000000000e+01 3.000000000000000000e+01 -3.000000000000000000e+01 -1.722921185786272602e+01 3.000000000000000000e+01 -3.000000000000000000e+01 3.000000000000000000e+01 3.000000000000000000e+01 2.201053151189328361e+01 0.000000000000000000e+00 -2.726815656084015771e+01 3.000000000000000000e+01 0.000000000000000000e+00 0.000000000000000000e+00 0.000000000000000000e+00 0.000000000000000000e+00 0.000000000000000000e+00
2.262575410943627574e+01 3.000000000000000000e+01 -3.000000000000000000e+01 -2.236421831045376063e+00 2.082943701972029160e+01 2.836090563110285245e+01 -4.710516081434020563e+00 -3.000000000000000000e+01 3.000000000000000000e+01 2.885412728699400020e+01 2.833722393909271631e+01 -2.489067752403327916e+01 2.109100352407984502e+01 -3.000000000000000000e+01 3.000000000000000000e+01 2.414523627386655491e+01 3.228831447291091727e+00 0.000000000000000000e+00 3.000000000000000000e+01 2.940224207076871465e+01 0.000000000000000000e+00 0.000000000000000000e+00 0.000000000000000000e+00 0.000000000000000000e+00 0.000000000000000000e+00
2.885905806256793227e+01 1.927055635180661497e+01 3.000000000000000000e+01 -1.692070212957082020e+01 1.470575724079814606e+01 2.967618776717186790e+01 -1.725923166232399808e+01 2.650791728148454851e+01 2.261073936091763770e+01 2.160544982006853942e+01 2.216193686543553554e+01 -2.813511026145181759e+01 8.284973670888422959e+00 2.849948988220779356e+01 1.531542977651431059e+01 1.420646221018119348e+01 2.720709704819205044e+01 0.000000000000000000e+00 3.000000000000000000e+01 1.885884375390258327e+01 0.000000000000000000e+00 0.000000000000000000e+00 0.000000000000000000e+00 0.000000000000000000e+00 0.000000000000000000e+00
1.235328195002708540e+01 1.094146040958641564e+01 3.000000000000000000e+01 2.663299898281827449e+00 9.136854813446694479e+00 2.435633991100112539e+01 7.512891991986793805e+00 1.805091349805285006e+01 9.959465815059497018e+00 7.333988290278202982e+00 3.000000000000000000e+01 3.000000000000000000e+01 -9.835740308566356394e-01 1.325359270097279563e+01 1.403071830500246797e+01 2.865022265865067475e+00 6.383527766245141066e+00 0.000000000000000000e+00 3.000000000000000000e+01 1.650327826239885454e+01 0.000000000000000000e+00 0.000000000000000000e+00 0.000000000000000000e+00 0.000000000000000000e+00 0.000000000000000000e+00
1.283060688795935933e+00 1.002715155228938215e+01 2.301827349582563542e+01 9.004573916020390811e+00 0.000000000000000000e+00 2.565332020869085028e+01 -9.127761992578845351e+00 1.253358530986785802e+01 3.438957630892447437e+00 1.150935325976576706e+01 7.996478181905939842e+00 1.864673693363988960e+01 -1.326112381809392460e+01 3.057851647570835496e+00 5.991265538302397609e+00 -1.217630397009233256e+01 -6.050343839754678932e+00 0.000000000000000000e+00 2.215384305076713289e+01 6.449631617610128487e+00 0.000000000000000000e+00 0.000000000000000000e+00 0.000000000000000000e+00 0.000000000000000000e+00 0.000000000000000000e+00
-1.410321139914739419e+01 -8.109276243465782130e+00 2.256319982998653373e+01 3.000000000000000000e+01 0.000000000000000000e+00 1.528387974880461542e+01 -2.693360804594101765e+01 1.958290183551530461e+01 4.713233114957589009e+00 3.149623381519220278e+00 -1.599544342131360786e+01 1.315122506411030301e+01 -2.533354354457117452e+01 -1.294157915955059801e+00 0.000000000000000000e+00 -1.976226398731645872e+01 1.961401159980846387e+01 0.000000000000000000e+00 1.090102339860087532e+01 8.768436944735955585e-01 0.000000000000000000e+00 0.000000000000000000e+00 0.000000000000000000e+00 0.000000000000000000e+00 0.000000000000000000e+00
-2.701319487977592360e+01 -2.325048336026112850e+01 1.737126943667370416e+00 2.389709967591394957e+01 0.000000000000000000e+00 -3.211387309304722937e-01 3.000000000000000000e+01 5.598118744781536371e+00 6.863456824290603553e-01 0.000000000000000000e+00 3.000000000000000000e+01 9.694733634067491224e+00 3.000000000000000000e+01 -1.536574177610124536e+01 0.000000000000000000e+00 2.556546527069745878e+01 -1.846273590717452562e+00 0.000000000000000000e+00 4.710213196474072106e+00 0.000000000000000000e+00 0.000000000000000000e+00 0.000000000000000000e+00 0.000000000000000000e+00 0.000000000000000000e+00 0.000000000000000000e+00
-2.491655331828645004e+01 -2.957950164929546943e+01 8.669007524550881527e+00 2.112509920227196147e+01 0.000000000000000000e+00 4.945362892055502613e+00 1.929088551824177244e+01 1.429736792523453204e+01 0.000000000000000000e+00 0.000000000000000000e+00 1.993257600035948940e+01 6.651469574109579730e-01 2.398755225103660393e+01 -1.468181346976749513e+00 0.000000000000000000e+00 1.760262495556505158e+01 -2.792642279524878646e+01 0.000000000000000000e+00 1.520339918417042691e-01 0.000000000000000000e+00 0.000000000000000000e+00 0.000000000000000000e+00 0.000000000000000000e+00 0.000000000000000000e+00 0.000000000000000000e+00
2.313769285540478293e+01 2.544768697416441583e+01 -1.411326134566094126e+01 1.482076616463881003e+01 0.000000000000000000e+00 -5.402180545664285738e+00 5.991185563896152644e+00 -8.135109664537308660e+00 0.000000000000000000e+00 0.000000000000000000e+00 2.492544469216666414e+01 -1.233939931386794164e+01 4.301628926418636034e+00 2.657067656940906275e+01 0.000000000000000000e+00 1.214231287317940611e+00 2.702485016774865301e+01 0.000000000000000000e+00 0.000000000000000000e+00 0.000000000000000000e+00 0.000000000000000000e+00 0.000000000000000000e+00 0.000000000000000000e+00 0.000000000000000000e+00 0.000000000000000000e+00
2.189708160385128366e+01 3.000000000000000000e+01 2.017159976671591437e+01 9.493898810463226923e+00 0.000000000000000000e+00 1.164378713851573011e+01 -2.398852711170695429e+01 2.401786519436990019e+01 0.000000000000000000e+00 0.000000000000000000e+00 1.031849680102162026e+01 2.290851483300054880e+01 -1.423785271852829659e+01 1.056624545159461270e+01 0.000000000000000000e+00 -1.727930076794019243e+01 -3.371840020360373558e+00 0.000000000000000000e+00 0.000000000000000000e+00 0.000000000000000000e+00 0.000000000000000000e+00 0.000000000000000000e+00 0.000000000000000000e+00 0.000000000000000000e+00 0.000000000000000000e+00
-6.128655582937887480e-01 2.377843370630748865e+01 -3.560209598578815360e+00 7.921622585704127251e-03 0.000000000000000000e+00 -1.634533462450909136e+00 -2.192139634792082603e+01 6.820881882272185059e+00 0.000000000000000000e+00 0.000000000000000000e+00 1.116422363527362727e+01 7.179147163500143591e+00 2.673397800996952967e+01 -7.686828381605719684e+00 0.000000000000000000e+00 2.241025743903264456e+01 2.817901581295417657e+01 0.000000000000000000e+00 -6.822769285208510226e+00 0.000000000000000000e+00 0.000000000000000000e+00 0.000000000000000000e+00 0.000000000000000000e+00 0.000000000000000000e+00 0.000000000000000000e+00
-1.845630766281609780e+01 4.260605210775139540e+00 -2.126781054182814401e+01 0.000000000000000000e+00 0.000000000000000000e+00 -1.222656372391613067e+00 3.000000000000000000e+01 -1.696604853391714229e+01 0.000000000000000000e+00 0.000000000000000000e+00 -7.020705177903339589e+00 -1.547465279509601999e+01 1.118318825502761849e+00 -1.913608861375538694e+01 0.000000000000000000e+00 9.972789385116049843e+00 1.947071470814129768e+01 0.000000000000000000e+00 -1.582958830831231190e+01 0.000000000000000000e+00 0.000000000000000000e+00 0.000000000000000000e+00 0.000000000000000000e+00 0.000000000000000000e+00 0.000000000000000000e+00
2.862358778153059902e+01 -1.725066461905542425e+01 2.337402012940149021e+01 -5.821853373170092993e+00 0.000000000000000000e+00 2.936239290608221864e-01 2.547851910088746763e+01 2.136385361711207409e+01 0.000000000000000000e+00 0.000000000000000000e+00 1.969111414382614811e+01 2.961455627081576836e+01 2.623648484826294691e+01 2.595611388112718387e+01 0.000000000000000000e+00 -1.191451770659170428e+01 4.791359295380912542e-01 0.000000000000000000e+00 -2.512383747950167745e+01 0.000000000000000000e+00 -6.394927891632269379e+00 -4.129488260572390601e+00 -4.646963723875425778e-01 0.000000000000000000e+00 0.000000000000000000e+00
2.496192190444512704e+01 -4.390366561468611373e+00 5.045836781328438825e+00 -1.068696102413615989e+01 0.000000000000000000e+00 2.740945471153882096e+00 1.493267317978640207e+01 1.224319519333013062e+01 0.000000000000000000e+00 0.000000000000000000e+00 -1.084276098480554396e-01 1.743978083567068893e+01 6.681566450665918033e+00 1.022455562619094671e+01 0.000000000000000000e+00 -2.083201382088493148e+01 -1.499653985188520444e+01 -1.570619825145838533e+00 2.286098775608331835e+01 0.000000000000000000e+00 -1.167325095508406463e+01 -1.198680180947706653e+01 -5.276283250313306361e+00 0.000000000000000000e+00 0.000000000000000000e+00
-1.606231085639826262e+01 2.697839464105371121e+01 -1.274988551987897978e+01 -1.372935095490993085e+01 0.000000000000000000e+00 -1.799055097277845050e+01 2.536085984761188072e+01 -1.482455554503214090e+00 0.000000000000000000e+00 0.000000000000000000e+00 -2.543058025996283789e+01 2.574434415166378720e+00 -2.802768099658857182e+01 -5.651742328646474078e-01 0.000000000000000000e+00 -1.413186616505052839e+00 -2.691208695414868757e+01 -1.408216560605902146e+01 9.574544522865904739e+00 0.000000000000000000e+00 -1.530292897215574577e+01 -1.800156584225838685e+01 -1.036772376054971190e+01 0.000000000000000000e+00 0.000000000000000000e+00
-3.000000000000000000e+01 4.306768439818238647e+00 -2.603611164811566425e+01 -1.851617929053907829e+01 0.000000000000000000e+00 -1.570335172335611951e+01 9.392564543253168807e+00 -1.133171848481759625e+01 0.000000000000000000e+00 0.000000000000000000e+00 2.189768425834857624e+01 -1.005400380074044531e+00 -3.000000000000000000e+01 -1.764303148974699198e+01 0.000000000000000000e+00 -2.253990696452947873e+01 -3.000000000000000000e+01 -1.921496703927775229e+01 -1.868943164512598898e+00 0.000000000000000000e+00 -1.683632668837433854e+01 -2.298187972979157223e+01 -2.307008663187247421e+01 -3.777199805215597728e+00 0.000000000000000000e+00
-3.581965921437210376e+00 -1.881037042671575321e+01 2.354736073663853446e+01 -2.667238596830661379e+01 0.000000000000000000e+00 -3.000000000000000000e+01 -1.028059071994903384e+01 -1.697113763144903587e+01 0.000000000000000000e+00 0.000000000000000000e+00 1.527161343335890464e+01 -5.817939336408248785e+00 2.723944155086653041e+01 -2.492492012145155655e+01 0.000000000000000000e+00 -3.000000000000000000e+01 1.656254728443448698e+01 -2.575405093337887763e+01 -1.077328179719451029e+01 0.000000000000000000e+00 -1.919670279372897781e+01 -3.000000000000000000e+01 -2.868651736675630559e+01 -2.096006070380564879e+01 0.000000000000000000e+00
-2.406917358449156552e+01 -3.000000000000000000e+01 6.575971811606726725e+00 -2.952614158551257617e+01 0.000000000000000000e+00 2.974380639400248683e+01 -3.000000000000000000e+01 -2.744873454509617261e+01 0.000000000000000000e+00 0.000000000000000000e+00 -3.870744249288851080e-01 -1.800749067443382145e+01 1.094494519349004058e+01 2.542576423978427869e+01 0.000000000000000000e+00 2.767926578605915822e+01 3.415087835645155945e+00 -3.000000000000000000e+01 -2.000788158293297414e+01 0.000000000000000000e+00 -2.647648759709373323e+01 -3.000000000000000000e+01 -3.000000000000000000e+01 -3.000000000000000000e+01 0.000000000000000000e+00
3.000000000000000000e+01 3.000000000000000000e+01 0.000000000000000000e+00 3.000000000000000000e+01 0.000000000000000000e+00 -2.679228414945373871e+01 -2.625335510082793178e+01 3.000000000000000000e+01 0.000000000000000000e+00 0.000000000000000000e+00 -2.172402197149848391e+01 2.657091355056839177e+01 -5.069180379303943162e+00 1.029762447268514691e+01 0.000000000000000000e+00 -1.761677509515401585e+00 -2.924350880798178665e+01 3.000000000000000000e+01 -2.716742857201987960e+01 0.000000000000000000e+00 3.000000000000000000e+01 3.000000000000000000e+01 3.000000000000000000e+01 3.000000000000000000e+01 0.000000000000000000e+00
2.342534504672601159e+01 2.341362563261026253e+01 0.000000000000000000e+00 3.000000000000000000e+01 0.000000000000000000e+00 3.000000000000000000e+01 -3.000000000000000000e+01 2.349807308302327513e+01 0.000000000000000000e+00 0.000000000000000000e+00 2.404986058376089630e+01 1.597415381865797102e+01 -2.017997375506729085e+01 3.142780966511260488e+00 0.000000000000000000e+00 3.000000000000000000e+01 1.036865452028834511e-02 3.000000000000000000e+01 2.292380043381859878e+01 0.000000000000000000e+00 2.825023119213328471e+01 3.000000000000000000e+01 3.000000000000000000e+01 2.552391644251082781e+01 0.000000000000000000e+00
2.063909917495389124e+01 1.064404197427115584e+01 -1.897069603371043467e+00 2.088306997413678090e+01 0.000000000000000000e+00 2.640451964231530368e+01 3.000000000000000000e+01 1.406110112211059970e+01 0.000000000000000000e+00 0.000000000000000000e+00 1.752545290784434684e+01 1.121568100779093413e+01 3.000000000000000000e+01 -1.125605863607036916e+01 0.000000000000000000e+00 2.313530701975177450e+01 -2.175818397061564369e+01 2.975996789347727045e+01 1.224304468940938229e+01 0.000000000000000000e+00 3.000000000000000000e+01 3.000000000000000000e+01 2.470635781800533692e+01 1.627968729389803570e+01 0.000000000000000000e+00
1.525189519292718288e+01 0.000000000000000000e+00 -1.974080760706193516e+01 1.485012512698893694e+01 0.000000000000000000e+00 2.566377496705325711e+01 -2.987004213262408570e+01 2.738216636454482877e+00 0.000000000000000000e+00 0.000000000000000000e+00 0.000000000000000000e+00 -1.546785485381115599e+00 2.953754992560081405e+01 -2.048382413865363816e+01 0.000000000000000000e+00 2.147878466118042340e+01 -2.582875458599445651e+01 2.490485816041311651e+01 1.591289035282629438e+00 0.000000000000000000e+00 1.929885645892204948e+01 2.934378639494954655e+01 3.000000000000000000e+01 3.672664384356747025e+00 0.000000000000000000e+00
1.187321088598315733e+01 0.000000000000000000e+00 -2.786952212194674061e+01 6.518135244069883427e+00 0.000000000000000000e+00 -3.716037759702357057e+00 3.000000000000000000e+01 0.000000000000000000e+00 0.000000000000000000e+00 0.000000000000000000e+00 -1.290350069314624726e+01 -1.454572164301802495e+01 1.517172642146134542e+01 2.188590454588461753e+01 0.000000000000000000e+00 4.294569397496238672e+00 3.000000000000000000e+01 1.809628882489825008e+00 0.000000000000000000e+00 0.000000000000000000e+00 2.035862539210218003e+01 1.719229146556471122e+01 2.786538467419149967e+01 -7.959586300214596122e+00 0.000000000000000000e+00
4.068332115989310438e+00 0.000000000000000000e+00 3.000000000000000000e+01 3.926999554714265539e+00 0.000000000000000000e+00 2.076003714610135020e+01 2.087727938811019612e+01 0.000000000000000000e+00 0.000000000000000000e+00 0.000000000000000000e+00 -3.000000000000000000e+01 2.947740600581166248e+01 -8.364823477783414063e+00 1.128350849940721901e+01 0.000000000000000000e+00 2.216204987347102318e+01 2.637324567802069808e+01 2.722766299850982818e+01 -6.254565655668956836e+00 0.000000000000000000e+00 2.819407896864681629e+00 1.619719215933257672e+01 9.681194623000072497e+00 -1.866004009411351916e+01 0.000000000000000000e+00
0.000000000000000000e+00 0.000000000000000000e+00 3.000000000000000000e+01 1.349921855353534705e-01 0.000000000000000000e+00 6.654695557206017575e+00 -3.034428168734151221e+00 0.000000000000000000e+00 0.000000000000000000e+00 0.000000000000000000e+00 -3.000000000000000000e+01 1.665360028322077568e+01 1.489802191283726707e+01 1.055646364157335482e-01 0.000000000000000000e+00 7.007035638130688859e+00 -2.357816853703871374e+01 2.234023137380623325e+01 -1.716154518451658006e+01 0.000000000000000000e+00 -2.163308262176325414e+01 1.552254006170322720e-01 -8.933980617433187277e+00 2.926771046424799394e+01 0.000000000000000000e+00
0.000000000000000000e+00 0.000000000000000000e+00 2.638755834780895171e+01 0.000000000000000000e+00 0.000000000000000000e+00 0.000000000000000000e+00 -1.538374949162030525e+01 0.000000000000000000e+00 0.000000000000000000e+00 0.000000000000000000e+00 -3.000000000000000000e+01 -3.138304795589398566e+00 2.802460138100843068e+01 -5.934237082257693974e-01 0.000000000000000000e+00 2.343510062868540800e+00 3.000000000000000000e+01 2.991461767050368259e+00 3.000000000000000000e+01 0.000000000000000000e+00 1.768354946065667832e+01 -1.509540048801387258e+01 -1.751591793361246019e+01 2.110982003354807901e+01 0.000000000000000000e+00
0.000000000000000000e+00 0.000000000000000000e+00 1.638294427635133133e+01 0.000000000000000000e+00 0.000000000000000000e+00 -6.405376684503598206e+00 -2.207268616482354417e+01 0.000000000000000000e+00 0.000000000000000000e+00 0.000000000000000000e+00 2.566838733354474300e+01 -2.173912723782838086e+01 1.815199688040075543e+01 -1.412693770995529441e+01 0.000000000000000000e+00 -1.892040384040735645e+01 2.251996894509139224e+01 9.538091434551885683e+00 1.720818458381567950e+01 0.000000000000000000e+00 -4.624785105759555925e+00 2.750210166515195453e+01 -3.000000000000000000e+01 1.284204005946922145e+01 0.000000000000000000e+00
0.000000000000000000e+00 0.000000000000000000e+00 5.727473203773264743e+00 0.000000000000000000e+00 0.000000000000000000e+00 -1.586877560672829901e+01 3.000000000000000000e+01 0.000000000000000000e+00 0.000000000000000000e+00 0.000000000000000000e+00 2.097725486613737189e+01 1.856535401473444935e+01 -1.461812202582926545e+01 2.563653963992376461e+01 0.000000000000000000e+00 1.159976998065757847e+01 4.500908824836668209e+00 -5.766294496970739480e+00 -2.849904804663836444e+00 0.000000000000000000e+00 -3.076285633519438178e+00 1.158410707707324505e+01 4.934180444495725126e+00 -3.660631862918152457e+00 0.000000000000000000e+00
0.000000000000000000e+00 0.000000000000000000e+00 1.444847850464777046e-02 0.000000000000000000e+00 0.000000000000000000e+00 -2.124056400049346038e+01 2.173946798027417060e+01 0.000000000000000000e+00 0.000000000000000000e+00 0.000000000000000000e+00 1.523044584113855571e+01 3.154524065442946501e+00 -2.163535919903699423e+01 4.299338599101614200e+00 0.000000000000000000e+00 -2.082145781814214658e+01 0.000000000000000000e+00 -2.782478853805589480e+01 -2.552875572139596727e+01 0.000000000000000000e+00 -1.350362310506756458e+01 -1.323856181126978804e+01 2.922383923987140975e+01 -1.936530068840023233e+01 0.000000000000000000e+00
0.000000000000000000e+00 0.000000000000000000e+00 0.000000000000000000e+00 0.000000000000000000e+00 0.000000000000000000e+00 2.694523970717908057e+01 1.560411633560259226e+01 0.000000000000000000e+00 0.000000000000000000e+00 0.000000000000000000e+00 2.553649995811622553e+00 -1.734468171290570027e+01 1.161088380826149624e+01 -1.879322440327291233e+01 0.000000000000000000e+00 1.606944851441359390e+01 0.000000000000000000e+00 2.566959705654873858e+01 2.402757606165528514e+01 0.000000000000000000e+00 -2.690521149018685065e+01 2.112680501282414980e+01 2.650377193605586967e+01 2.034994674403459669e+01 0.000000000000000000e+00
0.000000000000000000e+00 0.000000000000000000e+00 0.000000000000000000e+00 0.000000000000000000e+00 0.000000000000000000e+00 1.866687192195086809e+01 1.326840354280205636e+00 0.000000000000000000e+00 0.000000000000000000e+00 -1.184173871639239595e+00 -1.167952880821398409e+01 1.639651879165875670e+01 -3.000000000000000000e+01 3.000000000000000000e+01 -4.012443634046430202e-02 -8.070704347540374357e+00 0.000000000000000000e+00 7.935802724531633601e+00 2.704194195427773195e+01 0.000000000000000000e+00 -1.983072114611774461e+00 -6.316644758980702434e+00 1.383278661674538768e+01 2.354308690196999976e+01 -3.019311916562153364e+00
0.000000000000000000e+00 0.000000000000000000e+00 -8.894365322089086145e-01 0.000000000000000000e+00 0.000000000000000000e+00 7.524525699086704655e+00 0.000000000000000000e+00 0.000000000000000000e+00 0.000000000000000000e+00 -5.484103316672080730e+00 -2.522165301511128277e+01 -9.190139853405767667e+00 -1.742896082195150242e+01 1.895666641618467096e+01 -5.330831513248997844e+00 2.257264857231293931e+01 0.000000000000000000e+00 2.286822321324740770e+01 5.447331199603888230e+00 -2.413555019038129856e+00 2.541652815052182390e+01 1.598636058967441187e+01 -2.005403692979625507e+00 2.234760865277624475e+01 -1.168884687630086283e+01
0.000000000000000000e+00 0.000000000000000000e+00 -8.469891164345778378e+00 0.000000000000000000e+00 0.000000000000000000e+00 -3.479901581876506000e+00 0.000000000000000000e+00 0.000000000000000000e+00 -1.428904830007592608e+00 -8.714309176550132818e+00 2.824707300723144954e+01 -2.624569984592820759e+01 2.075269820058551318e+01 7.439076116748896128e-01 -1.421672960682002085e+01 2.768388545351999852e+00 0.000000000000000000e+00 6.895033411011087132e+00 1.712842958482283606e+01 -1.048290194314241575e+01 9.151846632005630866e+00 9.495933552377895381e+00 -1.608693370667637623e+01 -3.561223035901663003e+00 -1.431577680072382819e+01
0.000000000000000000e+00 0.000000000000000000e+00 -1.370800757591997510e+01 0.000000000000000000e+00 0.000000000000000000e+00 -1.662867773244422764e+01 0.000000000000000000e+00 0.000000000000000000e+00 -1.030797017394700532e+01 -2.148046744523078289e+01 -1.693756534484994347e+01 -2.708894365598532517e+01 2.962779608346453486e+00 -5.512133342223063392e-01 -2.022610935048657410e+01 -2.161829895064843043e+01 -1.397932780178761769e+00 2.136809636829682546e+01 -3.345574103910162744e+00 -1.880469901314627279e+01 -1.007279216444851855e+01 -1.647028898794428997e+01 -2.386689094916587095e+01 -1.474929340692395918e+01 -1.792324633901690234e+01
0.000000000000000000e+00 0.000000000000000000e+00 -2.150463138578092526e+01 0.000000000000000000e+00 0.000000000000000000e+00 -2.481034388951971437e+01 0.000000000000000000e+00 0.000000000000000000e+00 -2.837994377414380054e+01 -2.510405695403879278e+01 -2.935649566341179195e+01 -1.781911435743925765e+01 -1.943350942766958411e+01 -1.229648691108506497e+01 -2.932012152486168688e+01 -1.213352594056785172e+01 -8.840569852888430447e+00 3.166229746595966787e+00 2.358110440152753284e+01 -2.823105246162231907e+01 -2.398658462497814270e+01 -3.416193113209823551e+00 2.962254421228123391e+01 -1.895213137297435679e+01 -1.883656565836669827e+01
0.000000000000000000e+00 0.000000000000000000e+00 -2.163706233918228961e+01 0.000000000000000000e+00 0.000000000000000000e+00 -3.000000000000000000e+01 0.000000000000000000e+00 0.000000000000000000e+00 -3.000000000000000000e+01 -3.000000000000000000e+01 -2.816581604260315785e+01 -1.857322869209452065e+01 -2.818261231616172324e+01 -2.008934628465451055e+01 3.000000000000000000e+01 -2.040841969072107887e+01 -2.164569575574472893e+01 -1.559537756567964806e+01 -5.036425231442880346e+00 -2.787414210411992599e+01 -2.149327126716884351e+01 -2.071444256025270647e+01 2.927866902377240876e+01 -2.818923710861859178e+01 -2.244234781383337562e+01
