# yaw
0.000000000000000000e+00 0.000000000000000000e+00 0.000000000000000000e+00 0.000000000000000000e+00 0.000000000000000000e+00 3.000000000000000000e+01 -1.501858679973259925e+01 -2.002257038882029505e+01 -2.106627192119621839e+01 3.000000000000000000e+01 2.872390790021913176e+01 -2.169535634530427259e+01 -2.552380817349729725e+01 -1.029855456139790171e+01 2.862284462911031824e+01 3.000000000000000000e+01 -1.563668795854304605e+01 3.000000000000000000e+01 1.627336497103198809e+01 3.000000000000000000e+01 2.877385313893237395e+01 -2.199939522084731536e+01 -1.730398914602369942e+01 -2.223233168021979367e+01 3.000000000000000000e+01
0.000000000000000000e+00 0.000000000000000000e+00 0.000000000000000000e+00 0.000000000000000000e+00 0.000000000000000000e+00 1.569788387273780117e+01 -2.192758293181345763e+01 2.978379844109109342e+01 -2.642580882024721589e+01 1.873895181523877085e+01 1.322527159912614714e+01 1.634594717390179852e+01 1.555407407098559247e+01 2.435434726216169565e+01 1.337156168493564934e+01 1.907119303579819203e+01 3.000000000000000000e+01 2.186193457548550256e+01 1.775300109608133114e+00 1.602881649234733175e+01 1.608641685147923184e+01 2.227765423666213351e+01 2.495533653882833036e+01 3.000000000000000000e+01 1.617064760180861427e+01
0.000000000000000000e+00 0.000000000000000000e+00 0.000000000000000000e+00 0.000000000000000000e+00 0.000000000000000000e+00 5.105871660644412113e-01 1.960840376022244769e+01 1.888407503946533339e+01 2.579875641828035882e+01 2.398305027418857982e+00 0.000000000000000000e+00 0.000000000000000000e+00 3.216350313032919628e-01 1.078194713839509689e+01 0.000000000000000000e+00 3.783008748767975327e+00 2.579505033289434834e+01 1.673433069855145838e+00 0.000000000000000000e+00 6.814347465703649576e-01 1.236395524637694088e+00 6.152016158221567110e+00 1.814636396474215729e+01 1.764751694007477667e+01 1.449900181143987110e+00
0.000000000000000000e+00 0.000000000000000000e+00 0.000000000000000000e+00 0.000000000000000000e+00 0.000000000000000000e+00 0.000000000000000000e+00 6.952816292680555676e+00 7.246856295266160153e+00 1.581386188402091797e+01 0.000000000000000000e+00 0.000000000000000000e+00 0.000000000000000000e+00 0.000000000000000000e+00 0.000000000000000000e+00 0.000000000000000000e+00 0.000000000000000000e+00 1.408085804290281473e+01 0.000000000000000000e+00 0.000000000000000000e+00 0.000000000000000000e+00 0.000000000000000000e+00 -2.190731191840449288e+00 6.593190530574409181e+00 5.051702139429615102e+00 3.438399290684042597e+00
0.000000000000000000e+00 0.000000000000000000e+00 0.000000000000000000e+00 0.000000000000000000e+00 0.000000000000000000e+00 0.000000000000000000e+00 0.000000000000000000e+00 0.000000000000000000e+00 3.189433641063382119e+00 0.000000000000000000e+00 0.000000000000000000e+00 6.547255016210653977e+00 0.000000000000000000e+00 0.000000000000000000e+00 0.000000000000000000e+00 0.000000000000000000e+00 7.050858155950218142e-01 -3.951670284665032451e+00 -6.461479270648053941e+00 1.394104312424105885e+01 0.000000000000000000e+00 9.188438876072837047e+00 -2.154202206032821199e+00 -3.354231404830578356e+00 -1.205034797126098667e+01
0.000000000000000000e+00 0.000000000000000000e+00 0.000000000000000000e+00 0.000000000000000000e+00 0.000000000000000000e+00 0.000000000000000000e+00 0.000000000000000000e+00 0.000000000000000000e+00 0.000000000000000000e+00 0.000000000000000000e+00 0.000000000000000000e+00 1.496467767249460568e-01 0.000000000000000000e+00 0.000000000000000000e+00 -1.312520846982261524e+01 0.000000000000000000e+00 1.161633824621526045e+01 -5.278315498937605765e-01 -5.521814166992869310e+00 4.982557011883827158e+00 0.000000000000000000e+00 -1.260979054823612699e+01 1.431002361724049710e+00 0.000000000000000000e+00 8.320796497633720534e+00
0.000000000000000000e+00 0.000000000000000000e+00 0.000000000000000000e+00 0.000000000000000000e+00 0.000000000000000000e+00 0.000000000000000000e+00 0.000000000000000000e+00 0.000000000000000000e+00 0.000000000000000000e+00 0.000000000000000000e+00 0.000000000000000000e+00 -1.356745734302734618e+01 5.904869549628663172e+00 -2.309271476354904262e+00 0.000000000000000000e+00 0.000000000000000000e+00 0.000000000000000000e+00 1.743970050123839854e+01 9.653878076741865044e+00 -1.329071232710620798e+01 0.000000000000000000e+00 1.106016931641761936e+01 -5.622044624177370942e+00 -1.365724877195804865e+01 4.386041163540959964e+00
0.000000000000000000e+00 0.000000000000000000e+00 0.000000000000000000e+00 0.000000000000000000e+00 0.000000000000000000e+00 0.000000000000000000e+00 -1.767540238903164607e+01 0.000000000000000000e+00 0.000000000000000000e+00 0.000000000000000000e+00 0.000000000000000000e+00 2.138546430883132032e+01 -3.074858656785714572e+00 2.123928984575070444e+01 2.276877739544751122e+01 0.000000000000000000e+00 0.000000000000000000e+00 1.467430242165463916e-01 -2.468208655389269701e+00 2.524985867570719122e+01 0.000000000000000000e+00 0.000000000000000000e+00 1.889010199181323557e+01 1.399398825710886740e+01 5.529711805690956439e+00
0.000000000000000000e+00 0.000000000000000000e+00 0.000000000000000000e+00 0.000000000000000000e+00 0.000000000000000000e+00 0.000000000000000000e+00 1.948355106146948756e+01 0.000000000000000000e+00 0.000000000000000000e+00 0.000000000000000000e+00 0.000000000000000000e+00 1.689045641708134982e+00 -6.174891646468685380e+00 6.837943964196310231e-01 5.732637481460761464e+00 0.000000000000000000e+00 -1.035198621992683776e+01 -6.381342574381434929e+00 1.924974868145161722e+00 6.556545830538166975e+00 0.000000000000000000e+00 -9.103031782214104695e+00 7.826279418767222440e-01 5.253018158262649173e+00 -1.405152258343706606e+01
0.000000000000000000e+00 0.000000000000000000e+00 0.000000000000000000e+00 0.000000000000000000e+00 0.000000000000000000e+00 0.000000000000000000e+00 6.995375430057949595e-01 0.000000000000000000e+00 0.000000000000000000e+00 -1.057780746514082182e+01 0.000000000000000000e+00 0.000000000000000000e+00 2.362181799453522402e+01 -5.896020904356359615e+00 -7.247967167075150208e+00 0.000000000000000000e+00 2.503291540209153609e+01 -5.189809092468819607e+00 -1.689576369456579386e+01 3.083963086371322770e+00 0.000000000000000000e+00 2.439246912462842332e+01 -8.003552212263784327e+00 -2.418281279710642107e+00 -1.224118067087217554e+01
0.000000000000000000e+00 0.000000000000000000e+00 0.000000000000000000e+00 0.000000000000000000e+00 0.000000000000000000e+00 0.000000000000000000e+00 0.000000000000000000e+00 -1.019753751723115087e+01 0.000000000000000000e+00 8.034969100583778001e+00 0.000000000000000000e+00 0.000000000000000000e+00 1.026099526180294674e+01 -2.344189980973138354e+00 3.621291648144998820e+00 0.000000000000000000e+00 1.138148730721609780e+01 8.582567241989362827e+00 2.013304197097896520e+01 -2.222027164298840951e+00 0.000000000000000000e+00 1.068705640328941442e+01 2.260460508315317441e+01 -1.069219188552151145e+01 1.033460009881592789e+01
0.000000000000000000e+00 0.000000000000000000e+00 0.000000000000000000e+00 0.000000000000000000e+00 0.000000000000000000e+00 0.000000000000000000e+00 0.000000000000000000e+00 2.106775350763627586e+01 -8.733238005604368581e+00 9.775052385721446413e+00 0.000000000000000000e+00 0.000000000000000000e+00 -4.118899825268362846e-01 6.748640891997373714e+00 -6.619122686521100585e-02 0.000000000000000000e+00 0.000000000000000000e+00 9.780793208640497838e+00 9.909953728930251060e+00 -4.153054002198400596e+00 0.000000000000000000e+00 0.000000000000000000e+00 1.095456632147963560e+01 2.248764304368989286e+01 7.035267656333481501e-01
0.000000000000000000e+00 0.000000000000000000e+00 0.000000000000000000e+00 0.000000000000000000e+00 0.000000000000000000e+00 0.000000000000000000e+00 0.000000000000000000e+00 3.504004427009887124e+00 3.724758759681450648e+00 0.000000000000000000e+00 0.000000000000000000e+00 0.000000000000000000e+00 2.747256077890305903e+00 5.391877920399341662e+00 9.057528677127564265e+00 0.000000000000000000e+00 0.000000000000000000e+00 -4.214327083022146425e+00 0.000000000000000000e+00 1.189501257461305306e+00 0.000000000000000000e+00 0.000000000000000000e+00 -3.999614165124020793e-01 8.270731357661782468e+00 1.500053023233811178e+00
0.000000000000000000e+00 0.000000000000000000e+00 0.000000000000000000e+00 0.000000000000000000e+00 0.000000000000000000e+00 0.000000000000000000e+00 0.000000000000000000e+00 4.343464207359793328e+00 7.778368791866300924e+00 -4.942347609866781788e+00 0.000000000000000000e+00 0.000000000000000000e+00 5.288812603899306630e-01 -4.694358867671480917e-01 2.402658133070270541e+00 0.000000000000000000e+00 0.000000000000000000e+00 7.694564013771002742e+00 -5.272423869704660149e+00 6.593333290148228443e+00 0.000000000000000000e+00 0.000000000000000000e+00 4.023509118482843760e+00 -7.742477088230113935e+00 -9.482458589497879231e+00
0.000000000000000000e+00 0.000000000000000000e+00 0.000000000000000000e+00 0.000000000000000000e+00 0.000000000000000000e+00 0.000000000000000000e+00 0.000000000000000000e+00 2.535854600943300063e+00 -4.745897007617958074e+00 2.877529049664252492e-01 0.000000000000000000e+00 0.000000000000000000e+00 0.000000000000000000e+00 2.438512092983234680e+00 -5.875715344220974856e+00 0.000000000000000000e+00 0.000000000000000000e+00 0.000000000000000000e+00 9.074001588444488675e+00 7.413729470880723316e-01 0.000000000000000000e+00 0.000000000000000000e+00 9.415252961775316676e-02 5.378009251854203754e+00 8.828731732263591425e+00
0.000000000000000000e+00 -1.550580823330884594e-01 0.000000000000000000e+00 0.000000000000000000e+00 0.000000000000000000e+00 0.000000000000000000e+00 -1.209691054432269347e-01 0.000000000000000000e+00 1.285845053554719897e+01 -2.203774455053450154e+01 0.000000000000000000e+00 -5.839735389004292898e+00 0.000000000000000000e+00 5.456287681668024803e+00 -2.182857966847393882e+01 0.000000000000000000e+00 -1.375702526437621864e-01 -3.882434238075416211e-02 3.532515937178846599e+00 -1.047535288507147166e+00 0.000000000000000000e+00 0.000000000000000000e+00 0.000000000000000000e+00 3.985089131976577548e+00 4.878877810546462968e+00
0.000000000000000000e+00 -1.445874818550543672e+01 -1.031720046088545839e+00 -1.232907730136751034e+00 -2.457366468509846413e+00 0.000000000000000000e+00 -1.445943921729458204e+01 0.000000000000000000e+00 3.840818727918228426e+00 2.269070445947735237e+01 0.000000000000000000e+00 -1.998957040992521783e+01 0.000000000000000000e+00 0.000000000000000000e+00 6.044225401220878702e+00 0.000000000000000000e+00 -1.655656520575846002e+01 -1.368858870350340240e+01 0.000000000000000000e+00 -5.801177282378432665e+00 0.000000000000000000e+00 -5.441009789700682830e+00 -1.304139485436422108e+00 -1.361812461266511676e+00 -1.003439487133854513e+01
0.000000000000000000e+00 -2.271744406155467999e+01 -1.686346922967027240e+01 -1.725007440636660760e+01 -1.686565984768148496e+01 0.000000000000000000e+00 -2.430458318511261240e+01 0.000000000000000000e+00 0.000000000000000000e+00 1.200725896287948835e+01 0.000000000000000000e+00 3.000000000000000000e+01 -6.989449120583980601e+00 0.000000000000000000e+00 2.254979141253588892e+01 0.000000000000000000e+00 3.000000000000000000e+01 3.000000000000000000e+01 -4.858083041994768259e+00 -1.855503591768658467e+01 0.000000000000000000e+00 -2.080780538380163236e+01 -1.698772401921914010e+01 -1.799963203598296957e+01 -2.042619425382737930e+01
0.000000000000000000e+00 2.994169426290013547e+01 2.928189587928103776e+01 2.868334187869211149e+01 2.625815466464265668e+01 0.000000000000000000e+00 2.544365606959335935e+01 -1.014869506088299822e+01 0.000000000000000000e+00 3.245386186044687538e-01 0.000000000000000000e+00 1.822475512784303575e+01 -2.472773283766188968e+01 0.000000000000000000e+00 1.165789053876112424e+00 0.000000000000000000e+00 1.913295477031342884e+01 1.251646246725707279e+01 -2.633176087215956684e+01 2.982511353880315141e+01 0.000000000000000000e+00 2.994064176885203565e+01 2.903035832718041576e+01 2.994139262827041037e+01 2.708278049403366339e+01
0.000000000000000000e+00 2.136623441125965428e+01 1.256774297653407935e+01 1.409854802292762699e+01 1.413736261187628251e+01 0.000000000000000000e+00 8.997525492922182622e+00 -2.765940006932798667e+01 -1.531812300088510526e+01 2.660895758440138259e+00 0.000000000000000000e+00 4.605068548665752104e+00 2.087626309571968264e+01 -7.180994359504301983e+00 1.415929899378633472e+01 0.000000000000000000e+00 5.391985216298698091e+00 2.489184846206926593e+00 2.777777058241237640e+01 1.708786528645969938e+01 0.000000000000000000e+00 1.649168861029950506e+01 1.414975748488306806e+01 1.551528531972147285e+01 1.796721371828412472e+01
0.000000000000000000e+00 1.234062646312467848e+01 0.000000000000000000e+00 3.300045007841663769e-01 8.803587395988915487e-01 0.000000000000000000e+00 5.848994472029888092e-01 2.204298135464757991e+01 2.565870029575770062e+01 0.000000000000000000e+00 0.000000000000000000e+00 0.000000000000000000e+00 8.166300803449209056e+00 2.469159286078076576e+01 3.252059788997777035e-02 0.000000000000000000e+00 0.000000000000000000e+00 0.000000000000000000e+00 1.521780503331994794e+01 6.512208117140199093e-01 0.000000000000000000e+00 3.584639087646903644e-01 5.915180471304852805e-01 3.651929143983237425e-01 5.582965539688574452e+00
0.000000000000000000e+00 0.000000000000000000e+00 0.000000000000000000e+00 -1.016084779278831007e+00 2.759643699584401144e+00 0.000000000000000000e+00 0.000000000000000000e+00 1.051772175717077751e+01 1.797460260097953721e+01 3.005003995212914170e+00 0.000000000000000000e+00 0.000000000000000000e+00 0.000000000000000000e+00 3.000000000000000000e+01 2.010695382512641061e+01 0.000000000000000000e+00 0.000000000000000000e+00 0.000000000000000000e+00 -4.476108727205592608e+00 -7.057537338775239810e+00 0.000000000000000000e+00 0.000000000000000000e+00 0.000000000000000000e+00 0.000000000000000000e+00 0.000000000000000000e+00
0.000000000000000000e+00 0.000000000000000000e+00 0.000000000000000000e+00 9.635715313153948358e+00 -1.418953359808552195e+00 0.000000000000000000e+00 0.000000000000000000e+00 0.000000000000000000e+00 0.000000000000000000e+00 5.310861303784673026e-01 0.000000000000000000e+00 0.000000000000000000e+00 -8.556327235291469879e-01 4.326477791565072728e+00 2.497999387985260000e+00 0.000000000000000000e+00 0.000000000000000000e+00 -1.221593170547134832e+01 -7.949307788218148652e+00 5.688957998900593394e-01 0.000000000000000000e+00 0.000000000000000000e+00 0.000000000000000000e+00 0.000000000000000000e+00 0.000000000000000000e+00
0.000000000000000000e+00 0.000000000000000000e+00 0.000000000000000000e+00 0.000000000000000000e+00 0.000000000000000000e+00 0.000000000000000000e+00 0.000000000000000000e+00 0.000000000000000000e+00 0.000000000000000000e+00 0.000000000000000000e+00 0.000000000000000000e+00 0.000000000000000000e+00 0.000000000000000000e+00 0.000000000000000000e+00 0.000000000000000000e+00 0.000000000000000000e+00 0.000000000000000000e+00 0.000000000000000000e+00 0.000000000000000000e+00 0.000000000000000000e+00 0.000000000000000000e+00 0.000000000000000000e+00 0.000000000000000000e+00 0.000000000000000000e+00 0.000000000000000000e+00
0.000000000000000000e+00 0.000000000000000000e+00 0.000000000000000000e+00 0.000000000000000000e+00 0.000000000000000000e+00 0.000000000000000000e+00 0.000000000000000000e+00 0.000000000000000000e+00 0.000000000000000000e+00 0.000000000000000000e+00 0.000000000000000000e+00 0.000000000000000000e+00 0.000000000000000000e+00 0.000000000000000000e+00 0.000000000000000000e+00 0.000000000000000000e+00 0.000000000000000000e+00 0.000000000000000000e+00 0.000000000000000000e+00 0.000000000000000000e+00 0.000000000000000000e+00 0.000000000000000000e+00 0.000000000000000000e+00 0.000000000000000000e+00 0.000000000000000000e+00
0.000000000000000000e+00 0.000000000000000000e+00 0.000000000000000000e+00 0.000000000000000000e+00 0.000000000000000000e+00 0.000000000000000000e+00 0.000000000000000000e+00 0.000000000000000000e+00 0.000000000000000000e+00 0.000000000000000000e+00 0.000000000000000000e+00 0.000000000000000000e+00 0.000000000000000000e+00 0.000000000000000000e+00 0.000000000000000000e+00 0.000000000000000000e+00 0.000000000000000000e+00 0.000000000000000000e+00 0.000000000000000000e+00 0.000000000000000000e+00 0.000000000000000000e+00 0.000000000000000000e+00 0.000000000000000000e+00 0.000000000000000000e+00 0.000000000000000000e+00
0.000000000000000000e+00 0.000000000000000000e+00 -1.376454962390457126e+01 2.562087474204598436e+01 1.482779775674809031e+01 0.000000000000000000e+00 0.000000000000000000e+00 0.000000000000000000e+00 1.460185729093521623e+00 4.913078313457281965e-01 0.000000000000000000e+00 -1.661824596248431618e+01 -1.681997108907084737e+01 -5.779036834844212267e-01 -5.684684738183198860e-01 0.000000000000000000e+00 -2.043838184361579025e+01 2.221044118127864309e+01 -1.654489945889020319e+01 -3.500925052412135141e+00 0.000000000000000000e+00 0.000000000000000000e+00 0.000000000000000000e+00 0.000000000000000000e+00 0.000000000000000000e+00
0.000000000000000000e+00 0.000000000000000000e+00 2.392289270923883393e+01 1.972881248533113308e+01 -8.196836741247853553e+00 0.000000000000000000e+00 -3.799274130684581752e-01 -5.147558829827067584e+00 -2.983862650867606936e-01 -1.341195166865006705e+01 0.000000000000000000e+00 2.423882543624227281e+01 1.998632379266057058e+01 -1.708454993723388782e+01 -2.067745104483354268e+01 0.000000000000000000e+00 2.088037174511586969e+01 2.659041393236070139e+00 1.376112531160145735e+01 -1.970838850350646965e+01 0.000000000000000000e+00 0.000000000000000000e+00 0.000000000000000000e+00 0.000000000000000000e+00 0.000000000000000000e+00
0.000000000000000000e+00 -1.395939876102351462e+01 1.310148962161262354e+01 0.000000000000000000e+00 2.081675730499818189e-01 0.000000000000000000e+00 -1.350167389427091358e+01 2.150765010622210482e+01 -1.053903888890226703e+01 2.683532795619561284e+01 0.000000000000000000e+00 1.645988589359633281e+01 7.396045023745309588e-02 1.772515699558387681e+01 1.988012773643682252e+01 0.000000000000000000e+00 1.751105717957522900e-01 0.000000000000000000e+00 1.337786830793922466e+00 1.846871480510940344e+01 0.000000000000000000e+00 0.000000000000000000e+00 0.000000000000000000e+00 0.000000000000000000e+00 0.000000000000000000e+00
0.000000000000000000e+00 5.775362048568712936e+00 -1.954739092225570019e-01 -8.430924987191703579e-01 -2.676505220025167109e+00 0.000000000000000000e+00 2.135150269509002641e+01 2.866032209344818504e+00 1.768358147246395973e+01 8.342485862158977028e+00 0.000000000000000000e+00 0.000000000000000000e+00 0.000000000000000000e+00 0.000000000000000000e+00 4.710826962443152688e+00 0.000000000000000000e+00 0.000000000000000000e+00 0.000000000000000000e+00 0.000000000000000000e+00 4.062257192176556231e+00 0.000000000000000000e+00 0.000000000000000000e+00 0.000000000000000000e+00 0.000000000000000000e+00 0.000000000000000000e+00
0.000000000000000000e+00 1.209956905615829115e+01 5.382594405064978105e+00 1.343629124091605176e+00 3.003779147392725335e+00 0.000000000000000000e+00 3.828574027217567011e+00 4.366984764727044777e+00 1.169084456342895040e+00 2.661742302834343654e+00 0.000000000000000000e+00 -2.048009812783402772e+00 -1.208034943076970080e+01 -6.507020885307944091e+00 0.000000000000000000e+00 0.000000000000000000e+00 0.000000000000000000e+00 0.000000000000000000e+00 0.000000000000000000e+00 0.000000000000000000e+00 0.000000000000000000e+00 0.000000000000000000e+00 0.000000000000000000e+00 0.000000000000000000e+00 0.000000000000000000e+00
0.000000000000000000e+00 5.425572789251781325e-01 5.399222178284915685e+00 9.769006576334787084e+00 1.288412391604020613e+01 0.000000000000000000e+00 -9.013019703161200269e+00 4.346297095859908310e+00 -7.224864180807693437e+00 -7.433485624478917586e+00 0.000000000000000000e+00 8.764783110310052194e+00 6.904983407401060092e+00 8.032004565811353913e+00 -9.004962494250912997e+00 0.000000000000000000e+00 0.000000000000000000e+00 0.000000000000000000e+00 0.000000000000000000e+00 0.000000000000000000e+00 0.000000000000000000e+00 0.000000000000000000e+00 0.000000000000000000e+00 0.000000000000000000e+00 0.000000000000000000e+00
0.000000000000000000e+00 -8.179926149183035733e+00 4.814165433929619153e-01 -2.116428221270596488e+00 4.059056498021572423e+00 0.000000000000000000e+00 9.489871009178651562e+00 -8.905575612620106885e-01 1.605182618764710023e+00 7.392776492641046637e+00 0.000000000000000000e+00 1.711543103919197062e+00 0.000000000000000000e+00 0.000000000000000000e+00 8.539336955843344512e+00 0.000000000000000000e+00 0.000000000000000000e+00 0.000000000000000000e+00 0.000000000000000000e+00 0.000000000000000000e+00 0.000000000000000000e+00 0.000000000000000000e+00 0.000000000000000000e+00 0.000000000000000000e+00 0.000000000000000000e+00
0.000000000000000000e+00 6.536190426878829562e+00 6.756519491192681137e+00 4.344071169842846913e+00 7.550382064628620604e+00 0.000000000000000000e+00 2.626621158012789614e+00 3.976994758428181953e+00 5.764752518358629452e+00 2.444468412657410106e+00 0.000000000000000000e+00 0.000000000000000000e+00 0.000000000000000000e+00 0.000000000000000000e+00 0.000000000000000000e+00 0.000000000000000000e+00 0.000000000000000000e+00 0.000000000000000000e+00 0.000000000000000000e+00 0.000000000000000000e+00 0.000000000000000000e+00 0.000000000000000000e+00 0.000000000000000000e+00 0.000000000000000000e+00 0.000000000000000000e+00
-2.783639759459409113e+00 5.232173180638783450e+00 2.583770946129930302e+00 1.831599672347276053e+00 -6.426555865899608477e+00 -1.058716153787039094e+00 -9.003333384528054983e-01 0.000000000000000000e+00 0.000000000000000000e+00 -1.069219199758193017e+00 -7.090509179438114984e+00 0.000000000000000000e+00 -1.084894104233647294e+00 -9.139487762727995346e+00 -1.369202859084161394e+00 -1.930806233946146699e+00 -2.347133361045064426e+00 0.000000000000000000e+00 0.000000000000000000e+00 -6.967485043837717384e+00 0.000000000000000000e+00 0.000000000000000000e+00 0.000000000000000000e+00 0.000000000000000000e+00 0.000000000000000000e+00
-1.592380311797784742e+01 0.000000000000000000e+00 -3.320376149761187889e+00 -7.935798488011543306e+00 -1.758691933605466673e+01 -1.556025435793826972e+01 -1.369488419378330768e+01 -9.566645290948780911e+00 -8.151414416679001462e-01 -1.662152676767764348e+01 -1.821233672013356752e+01 0.000000000000000000e+00 -1.391613412506989356e+01 2.441206784776468020e+00 -1.604340966932635126e+01 -2.015684278344742708e+01 -1.605464713044586134e+01 -9.316145329579896384e+00 -4.226025074926937464e+00 -1.977354420108392929e+01 0.000000000000000000e+00 0.000000000000000000e+00 0.000000000000000000e+00 0.000000000000000000e+00 0.000000000000000000e+00
2.576556338872667951e+01 -9.352088734795538372e+00 -1.509369027633902327e+01 -1.660294922124372263e+01 2.759319882201095808e+01 2.700483269386980112e+01 -1.879615913726981091e+01 2.867500553266943086e+01 -2.100382006461366302e+01 2.773576260137012284e+01 2.854575008258011337e+01 -1.231843498592994557e+01 -2.425694243637788361e+01 1.463249385993443319e+01 2.793513364322445014e+01 2.881166969395715327e+01 2.880173124827877018e+01 -2.325491352199934525e+01 -1.253510678772265585e+01 2.858082397052452706e+01 0.000000000000000000e+00 0.000000000000000000e+00 0.000000000000000000e+00 0.000000000000000000e+00 0.000000000000000000e+00
1.322116053367055244e+01 2.873140597611153169e+01 2.763821180457240345e+01 -2.798480757175332201e+01 1.547789127736298198e+01 1.111217097082746719e+01 1.516644149443490441e+01 1.401147931511095557e+01 2.661596079946125926e+01 1.137069374859430759e+01 1.544488259476039715e+01 -2.638776638952992926e+01 1.623502651131086338e+01 1.501660782041312203e-01 1.129561362697154259e+01 1.525109293726097803e+01 1.549741286687186026e+01 2.862164514484594235e+01 2.720872452115663620e+01 1.581517941562682772e+01 0.000000000000000000e+00 0.000000000000000000e+00 0.000000000000000000e+00 0.000000000000000000e+00 0.000000000000000000e+00
9.481293584478671654e-01 1.789906636058266187e+01 1.744598703006581530e+01 2.300410912714422906e+01 2.319752721076220325e+00 0.000000000000000000e+00 0.000000000000000000e+00 4.142047686567982834e-01 1.255197133031047763e+01 0.000000000000000000e+00 3.319133213027503082e+00 2.343060676540214615e+01 1.382355414173918495e+00 0.000000000000000000e+00 6.872157388192102756e-01 1.257308267368482335e+00 6.186882674041815022e+00 1.698853142090517565e+01 1.664825380195586391e+01 1.417721024668771701e+00 0.000000000000000000e+00 0.000000000000000000e+00 0.000000000000000000e+00 0.000000000000000000e+00 0.000000000000000000e+00
1.303992123665579816e+00 6.083558438279719205e+00 6.171824586484444097e+00 1.642445966867559548e+01 0.000000000000000000e+00 -1.908271156436184723e+00 0.000000000000000000e+00 0.000000000000000000e+00 2.065391888038464963e+00 0.000000000000000000e+00 0.000000000000000000e+00 9.950566669470102710e+00 0.000000000000000000e+00 0.000000000000000000e+00 0.000000000000000000e+00 0.000000000000000000e+00 0.000000000000000000e+00 5.409787478169281627e+00 2.521866991012165826e+00 0.000000000000000000e+00 0.000000000000000000e+00 0.000000000000000000e+00 0.000000000000000000e+00 0.000000000000000000e+00 0.000000000000000000e+00
6.449272853756878199e+00 -4.032456841803262471e-01 -3.122769307535446792e+00 5.129735704191729084e+00 0.000000000000000000e+00 1.649972175405006958e+00 -1.821434500665624068e+00 -4.379519382474716060e+00 -7.822429163778664929e+00 0.000000000000000000e+00 0.000000000000000000e+00 0.000000000000000000e+00 0.000000000000000000e+00 -1.098860713410043921e+01 0.000000000000000000e+00 0.000000000000000000e+00 0.000000000000000000e+00 0.000000000000000000e+00 0.000000000000000000e+00 0.000000000000000000e+00 0.000000000000000000e+00 0.000000000000000000e+00 0.000000000000000000e+00 0.000000000000000000e+00 0.000000000000000000e+00
-6.543784891878274834e-01 9.120598529625867368e-01 8.536869127385413036e-02 -8.946936789304505311e+00 0.000000000000000000e+00 1.253056389135637261e+01 -4.715751790072241767e-01 -6.098600901923679096e+00 3.752287968817483055e+00 0.000000000000000000e+00 -8.852508473155175750e+00 0.000000000000000000e+00 0.000000000000000000e+00 6.115846309999249719e+00 0.000000000000000000e+00 0.000000000000000000e+00 0.000000000000000000e+00 0.000000000000000000e+00 0.000000000000000000e+00 0.000000000000000000e+00 0.000000000000000000e+00 0.000000000000000000e+00 0.000000000000000000e+00 0.000000000000000000e+00 0.000000000000000000e+00
-2.720553901034040045e+00 1.667345787358663900e+00 -3.061118826251942870e-01 5.850002732803659455e+00 0.000000000000000000e+00 -1.087699673731792949e+01 8.783193455271639749e+00 6.238970848562666482e+00 -5.407818429529946513e+00 0.000000000000000000e+00 1.078585713050451211e+01 -3.380458396637349594e+00 -8.679205767046539677e+00 -9.100558444576384076e+00 0.000000000000000000e+00 0.000000000000000000e+00 0.000000000000000000e+00 0.000000000000000000e+00 0.000000000000000000e+00 0.000000000000000000e+00 0.000000000000000000e+00 0.000000000000000000e+00 0.000000000000000000e+00 0.000000000000000000e+00 0.000000000000000000e+00
-1.495946905884271239e+01 -1.758373518139316305e+00 1.195378396792799158e+01 0.000000000000000000e+00 0.000000000000000000e+00 1.890648892957984728e+01 -1.163700466804269348e-02 5.532179769223111165e+00 1.942615804061235707e+01 0.000000000000000000e+00 0.000000000000000000e+00 1.625314257667628581e+01 9.963068885906839256e+00 2.368363371715648924e+01 0.000000000000000000e+00 0.000000000000000000e+00 0.000000000000000000e+00 0.000000000000000000e+00 0.000000000000000000e+00 0.000000000000000000e+00 0.000000000000000000e+00 0.000000000000000000e+00 0.000000000000000000e+00 0.000000000000000000e+00 0.000000000000000000e+00
2.118604554862673339e+01 4.477931957946933217e+00 5.385230581106127401e-01 0.000000000000000000e+00 0.000000000000000000e+00 1.546056010198706199e+00 2.035779828530103419e+00 -2.959126454846907173e+00 5.376977999355443849e+00 0.000000000000000000e+00 -9.643185576915991319e+00 6.873505846335060676e-01 0.000000000000000000e+00 6.358118939816358228e+00 0.000000000000000000e+00 -9.328750881436567610e+00 0.000000000000000000e+00 0.000000000000000000e+00 -9.805058731555266860e+00 0.000000000000000000e+00 0.000000000000000000e+00 0.000000000000000000e+00 0.000000000000000000e+00 0.000000000000000000e+00 0.000000000000000000e+00
4.223963580951274999e+00 -9.550148974295252779e-01 -6.369567218772212769e+00 -9.846953121205796577e+00 0.000000000000000000e+00 1.639802031536731874e+00 1.753641926688674024e+00 -3.369997910309159295e+00 0.000000000000000000e+00 0.000000000000000000e+00 -6.627420481011458975e+00 -5.985190042738822491e+00 -9.263598341207869069e+00 0.000000000000000000e+00 0.000000000000000000e+00 2.163056556365043193e+01 -9.341753750819586699e+00 0.000000000000000000e+00 2.321115000242555837e+01 0.000000000000000000e+00 0.000000000000000000e+00 0.000000000000000000e+00 0.000000000000000000e+00 0.000000000000000000e+00 0.000000000000000000e+00
-1.787891692909048924e+00 -8.289405894917109663e+00 3.082466193584100456e+00 2.219251795923960913e+01 0.000000000000000000e+00 6.411693630093800479e-03 8.198116175617652601e+00 2.098931141817416091e+01 0.000000000000000000e+00 0.000000000000000000e+00 1.002480716149921847e+01 -4.231528357378113725e+00 2.092215861329401250e+01 0.000000000000000000e+00 0.000000000000000000e+00 9.558970935856192952e+00 2.035000586163615921e+01 -1.128979025488371590e+01 1.062530485729473817e+01 0.000000000000000000e+00 0.000000000000000000e+00 0.000000000000000000e+00 0.000000000000000000e+00 0.000000000000000000e+00 0.000000000000000000e+00
-3.212339157828020958e-02 2.022807236040744883e+01 -8.673324271232740301e+00 9.560683884871357563e+00 0.000000000000000000e+00 8.942732018304034858e-01 -3.916886748173946220e+00 7.348025461023659943e+00 0.000000000000000000e+00 0.000000000000000000e+00 0.000000000000000000e+00 8.146731983997616666e+00 3.022738713554859125e+00 0.000000000000000000e+00 0.000000000000000000e+00 0.000000000000000000e+00 9.873961145394289929e+00 2.135088281968603141e+01 0.000000000000000000e+00 0.000000000000000000e+00 0.000000000000000000e+00 0.000000000000000000e+00 0.000000000000000000e+00 0.000000000000000000e+00 0.000000000000000000e+00
6.828540816662897583e+00 7.913833810056427609e+00 4.581507977732412584e+00 0.000000000000000000e+00 0.000000000000000000e+00 1.222878689177561373e+00 1.302085871632321812e+00 3.227743033981067544e+00 0.000000000000000000e+00 0.000000000000000000e+00 -8.108713253571352197e+00 1.970376111703323607e+00 -2.346513591040693403e-01 0.000000000000000000e+00 0.000000000000000000e+00 -5.419054761801767039e-01 0.000000000000000000e+00 4.067763600198394336e+00 0.000000000000000000e+00 0.000000000000000000e+00 0.000000000000000000e+00 0.000000000000000000e+00 0.000000000000000000e+00 0.000000000000000000e+00 0.000000000000000000e+00
1.151948767149489683e+01 0.000000000000000000e+00 7.952246827388010253e+00 0.000000000000000000e+00 0.000000000000000000e+00 7.050588889009198335e-01 -4.718045714161288595e-01 1.971472869892948010e+00 0.000000000000000000e+00 0.000000000000000000e+00 1.093991804178751082e+01 -5.259332911737130800e+00 4.586427305234582974e+00 0.000000000000000000e+00 0.000000000000000000e+00 4.461116603234527744e+00 -8.062626529899931782e+00 -7.876553601296221174e+00 0.000000000000000000e+00 0.000000000000000000e+00 0.000000000000000000e+00 0.000000000000000000e+00 0.000000000000000000e+00 0.000000000000000000e+00 0.000000000000000000e+00
2.926904813784638293e+00 -4.093290613788813204e+00 7.453549963869811279e+00 0.000000000000000000e+00 0.000000000000000000e+00 0.000000000000000000e+00 -2.980435237210292687e+00 0.000000000000000000e+00 -4.411958160515450089e+00 0.000000000000000000e+00 -8.587793243473421656e-01 1.300615882710476257e+01 6.320273133455494019e-01 -4.227837188175785244e+00 0.000000000000000000e+00 -3.524987455924659674e-01 7.118608659368201863e+00 8.863380575847530807e+00 0.000000000000000000e+00 0.000000000000000000e+00 0.000000000000000000e+00 0.000000000000000000e+00 0.000000000000000000e+00 0.000000000000000000e+00 0.000000000000000000e+00
-3.588483331453747205e+00 1.084270611317316835e+01 0.000000000000000000e+00 0.000000000000000000e+00 0.000000000000000000e+00 3.747572441713645119e+00 9.859342428397945834e-01 0.000000000000000000e+00 -1.983655488571112357e+01 0.000000000000000000e+00 -4.671128425148808105e+00 2.155320547737807679e+00 0.000000000000000000e+00 -1.540352142172848993e+01 0.000000000000000000e+00 3.968053630462728520e+00 4.303771328125347573e+00 0.000000000000000000e+00 0.000000000000000000e+00 0.000000000000000000e+00 0.000000000000000000e+00 0.000000000000000000e+00 0.000000000000000000e+00 0.000000000000000000e+00 0.000000000000000000e+00
-1.287270861120502197e+01 -1.129407644282226952e+00 -1.129366590087213629e+00 -2.890642512365768191e+00 0.000000000000000000e+00 -1.485577915184306086e+01 0.000000000000000000e+00 0.000000000000000000e+00 2.420705544968092227e+01 0.000000000000000000e+00 -1.820366031426910070e+01 0.000000000000000000e+00 0.000000000000000000e+00 6.607528868678830491e+00 0.000000000000000000e+00 -1.422205348157231874e+01 -1.571937462630102722e+01 0.000000000000000000e+00 -4.500658413129741575e+00 0.000000000000000000e+00 -5.280426224232929400e+00 -1.232422880645818841e+00 -1.145248830972770193e+00 -1.000470878959379917e+01 0.000000000000000000e+00
-1.963494316363874503e+01 -1.809534505878141530e+01 -1.569505609161278947e+01 -1.854669829777165546e+01 0.000000000000000000e+00 -2.188780423419511223e+01 0.000000000000000000e+00 -9.626441014047971978e-02 1.142499948816739597e+01 0.000000000000000000e+00 -2.310650470702091752e+01 -6.864126078623852045e+00 0.000000000000000000e+00 1.902651655312764944e+01 0.000000000000000000e+00 2.971072770846088673e+01 2.966732586960873874e+01 -3.923912491706338379e-01 -1.806150467931731640e+01 0.000000000000000000e+00 -1.634834756297677671e+01 -1.783553025546891746e+01 -1.588959196743448388e+01 -2.199394866805037552e+01 0.000000000000000000e+00
2.941420756094778710e+01 2.989395334997387010e+01 2.833651065913393197e+01 2.949987246050805823e+01 0.000000000000000000e+00 3.000000000000000000e+01 -4.540594527086663668e+00 6.920322178213795361e+00 0.000000000000000000e+00 0.000000000000000000e+00 2.555323478172025986e+01 -1.823054034249406641e+01 -9.376022287840534375e+00 3.590496216336624080e+00 0.000000000000000000e+00 1.891431467588868642e+01 2.241256003193329960e+01 -1.498638344511082821e+01 3.000000000000000000e+01 0.000000000000000000e+00 2.720528925385335839e+01 2.932641714244687492e+01 2.867191215318866782e+01 3.000000000000000000e+01 0.000000000000000000e+00
1.952146837149400582e+01 1.249335098766368546e+01 1.158699685426824466e+01 1.305079168017315006e+01 0.000000000000000000e+00 1.772132349988727640e+01 -2.033761422838755806e+01 -1.167731914773011681e+01 0.000000000000000000e+00 0.000000000000000000e+00 8.832871941766226698e+00 2.414285673467101745e+01 1.267247451774276357e+01 0.000000000000000000e+00 0.000000000000000000e+00 4.449607001689013686e+00 1.303437981910240184e+00 2.387852088318632937e+01 1.965306706083691424e+01 0.000000000000000000e+00 1.381793083220472873e+01 1.256824968550369803e+01 1.145391239910422065e+01 1.799340401332917239e+01 0.000000000000000000e+00
9.919064249168505043e+00 0.000000000000000000e+00 2.726853141018688587e-01 4.035790906343269535e-01 0.000000000000000000e+00 9.102385368156425960e-01 1.929957497909552444e+01 2.833800734964642487e+01 0.000000000000000000e+00 0.000000000000000000e+00 0.000000000000000000e+00 8.108352645388947622e+00 -1.941380338745909384e+01 0.000000000000000000e+00 0.000000000000000000e+00 -7.538825277412171399e-02 0.000000000000000000e+00 1.089503546911428344e+01 1.284201813597367625e+00 0.000000000000000000e+00 -3.332366171942025557e-01 4.960244400205962023e-01 3.019290439540969206e-01 3.828788907575652711e+00 0.000000000000000000e+00
0.000000000000000000e+00 0.000000000000000000e+00 0.000000000000000000e+00 0.000000000000000000e+00 0.000000000000000000e+00 1.898996926784076500e+00 4.116280493029259802e+00 1.358408991350944639e+01 0.000000000000000000e+00 0.000000000000000000e+00 -1.400073933458751307e+00 0.000000000000000000e+00 1.722980826753074979e+01 0.000000000000000000e+00 0.000000000000000000e+00 5.933514288719706542e+00 0.000000000000000000e+00 0.000000000000000000e+00 0.000000000000000000e+00 0.000000000000000000e+00 -3.561047550216486890e+00 -5.657858899516855722e+00 0.000000000000000000e+00 0.000000000000000000e+00 0.000000000000000000e+00
0.000000000000000000e+00 0.000000000000000000e+00 0.000000000000000000e+00 0.000000000000000000e+00 0.000000000000000000e+00 7.803934108896163124e+00 2.157303927179093250e+00 -4.743820247895823350e+00 0.000000000000000000e+00 0.000000000000000000e+00 2.353089915571194624e+00 -1.598689554803635948e+00 0.000000000000000000e+00 0.000000000000000000e+00 0.000000000000000000e+00 -5.893390210272013263e+00 2.195691525706519265e+00 0.000000000000000000e+00 0.000000000000000000e+00 0.000000000000000000e+00 -1.053935062061876593e+01 -2.613949189032918063e+00 -1.007807000238734457e-01 0.000000000000000000e+00 0.000000000000000000e+00
0.000000000000000000e+00 0.000000000000000000e+00 0.000000000000000000e+00 0.000000000000000000e+00 0.000000000000000000e+00 -6.967017717661313725e+00 3.234799800812858450e+00 7.354164127310167665e+00 0.000000000000000000e+00 0.000000000000000000e+00 1.924280170735382933e+00 4.849946529451161226e+00 0.000000000000000000e+00 0.000000000000000000e+00 0.000000000000000000e+00 1.656522308863412007e+01 -4.473738992371458778e+00 -4.047759506359283055e-01 0.000000000000000000e+00 0.000000000000000000e+00 1.196547171482343686e+01 8.888208706107459278e+00 3.730790559356809588e+00 0.000000000000000000e+00 0.000000000000000000e+00
0.000000000000000000e+00 0.000000000000000000e+00 0.000000000000000000e+00 0.000000000000000000e+00 0.000000000000000000e+00 1.198796144440078315e+01 2.082418967688191014e+00 0.000000000000000000e+00 -1.308488462974091426e+01 0.000000000000000000e+00 -6.355061203030938799e+00 -3.652722641816137927e-01 -8.007449704932176004e+00 0.000000000000000000e+00 0.000000000000000000e+00 2.505497798434586976e+00 1.035790005454955498e+01 4.637747316662673924e+00 0.000000000000000000e+00 0.000000000000000000e+00 0.000000000000000000e+00 -1.194696733782978804e+00 1.940604097864629729e+00 0.000000000000000000e+00 0.000000000000000000e+00
0.000000000000000000e+00 0.000000000000000000e+00 0.000000000000000000e+00 0.000000000000000000e+00 0.000000000000000000e+00 2.855245300613043491e-01 0.000000000000000000e+00 -6.138488113657539991e+00 2.637762347933413665e+01 0.000000000000000000e+00 1.342358118985523951e+01 8.992808387561012751e+00 3.891110842412031978e+00 0.000000000000000000e+00 0.000000000000000000e+00 -1.207171697782961850e+00 -4.374400068518636608e+00 3.505399041639102597e-02 0.000000000000000000e+00 0.000000000000000000e+00 2.498697527862787204e+00 -1.381657935460202857e+01 -5.142348903804661475e+00 0.000000000000000000e+00 0.000000000000000000e+00
0.000000000000000000e+00 0.000000000000000000e+00 0.000000000000000000e+00 0.000000000000000000e+00 0.000000000000000000e+00 0.000000000000000000e+00 -9.513275137789452884e+00 9.834714635309886432e+00 1.309774069655181528e+01 0.000000000000000000e+00 0.000000000000000000e+00 0.000000000000000000e+00 0.000000000000000000e+00 0.000000000000000000e+00 0.000000000000000000e+00 -1.291569978613993186e+01 -1.956815637320323020e+01 -1.134356779853645386e-01 -7.854522233168965695e-01 0.000000000000000000e+00 -1.557351968694846711e+01 2.123718849804532027e+01 -1.812102759698385057e+01 -3.381919917127030217e+00 0.000000000000000000e+00
0.000000000000000000e+00 0.000000000000000000e+00 0.000000000000000000e+00 0.000000000000000000e+00 0.000000000000000000e+00 0.000000000000000000e+00 2.115381514032818089e+01 5.548694932794614232e+00 0.000000000000000000e+00 0.000000000000000000e+00 -5.780989666162443807e-01 -1.553924187215014996e+01 -6.227325676941620536e+00 -9.005839667388563896e+00 0.000000000000000000e+00 -2.017372346635017877e+01 2.012524574755303419e+01 -1.243459091660137261e+01 -1.017708033761616804e+01 0.000000000000000000e+00 1.837672261148291142e+01 1.015617901396983136e+01 1.658839183028351627e+01 -1.719770345915263476e+01 0.000000000000000000e+00
0.000000000000000000e+00 0.000000000000000000e+00 0.000000000000000000e+00 0.000000000000000000e+00 0.000000000000000000e+00 -1.042928927142713746e+01 3.200365345675572293e+00 0.000000000000000000e+00 0.000000000000000000e+00 0.000000000000000000e+00 -1.762578480676146953e+01 1.945256790395954027e+01 -2.693200809096890858e+00 2.556386316638768008e+01 0.000000000000000000e+00 1.096339894324699848e+01 6.544361660686431215e+00 1.179641389889501824e+01 2.001311252054375700e+01 0.000000000000000000e+00 1.757496727859714669e+00 3.203614018797213553e-02 6.374565822423279293e-01 1.888781853912875164e+01 0.000000000000000000e+00
0.000000000000000000e+00 0.000000000000000000e+00 0.000000000000000000e+00 0.000000000000000000e+00 0.000000000000000000e+00 5.438116357420453184e+00 0.000000000000000000e+00 0.000000000000000000e+00 0.000000000000000000e+00 0.000000000000000000e+00 2.078063613706371626e+01 2.712717621410576818e+00 1.582845472013573129e+01 8.568378687280599593e+00 0.000000000000000000e+00 -1.653973542875017133e-01 -3.042140730018331407e+00 -2.462031906998085606e+00 4.682238174015244780e+00 0.000000000000000000e+00 -1.288805768875983526e-02 1.676729320891899577e-01 0.000000000000000000e+00 4.070003875680580308e+00 0.000000000000000000e+00
0.000000000000000000e+00 0.000000000000000000e+00 0.000000000000000000e+00 0.000000000000000000e+00 0.000000000000000000e+00 1.262339255897205703e+01 0.000000000000000000e+00 0.000000000000000000e+00 0.000000000000000000e+00 0.000000000000000000e+00 4.737157568530071750e+00 0.000000000000000000e+00 -3.616979165976275667e-01 -2.108827960128602796e-01 0.000000000000000000e+00 6.572290969637005098e+00 1.343976557247406500e+00 3.349049877977769540e+00 0.000000000000000000e+00 0.000000000000000000e+00 -2.790002478405184672e-01 -1.629970675604199393e+00 -8.384045543914404597e-01 0.000000000000000000e+00 0.000000000000000000e+00
0.000000000000000000e+00 0.000000000000000000e+00 0.000000000000000000e+00 0.000000000000000000e+00 0.000000000000000000e+00 6.182142077815154790e-01 0.000000000000000000e+00 0.000000000000000000e+00 0.000000000000000000e+00 0.000000000000000000e+00 0.000000000000000000e+00 6.720315862488277503e+00 4.881855196715521039e+00 6.096213843291391932e+00 0.000000000000000000e+00 -9.128609162037371050e+00 4.418805758142949180e+00 -7.447379948833303231e+00 -7.878112681723424160e+00 0.000000000000000000e+00 8.237812326834541565e+00 8.093156577533482832e+00 9.079948207425756479e+00 -9.505839117472763888e+00 0.000000000000000000e+00
0.000000000000000000e+00 0.000000000000000000e+00 0.000000000000000000e+00 0.000000000000000000e+00 0.000000000000000000e+00 0.000000000000000000e+00 0.000000000000000000e+00 0.000000000000000000e+00 0.000000000000000000e+00 0.000000000000000000e+00 -8.707089135292500615e+00 2.645194009419838954e-01 0.000000000000000000e+00 1.906531090660435135e+00 0.000000000000000000e+00 8.951241044920971390e+00 4.814614959966897478e-01 1.404876262223425876e+00 4.341959408361735662e+00 0.000000000000000000e+00 1.291206441494250123e+00 -3.797251451846540782e+00 -4.045958759471559585e-01 8.449268392314314369e+00 0.000000000000000000e+00
0.000000000000000000e+00 0.000000000000000000e+00 0.000000000000000000e+00 0.000000000000000000e+00 0.000000000000000000e+00 0.000000000000000000e+00 0.000000000000000000e+00 0.000000000000000000e+00 0.000000000000000000e+00 0.000000000000000000e+00 5.663982834627839580e+00 0.000000000000000000e+00 0.000000000000000000e+00 0.000000000000000000e+00 0.000000000000000000e+00 -3.519169448790147481e+00 7.674129346448384403e+00 3.634392997766124012e+00 6.785211911284176445e+00 0.000000000000000000e+00 2.248734724148163888e+00 4.064824986128162010e+00 4.315084888951888686e+00 2.094468861855116160e+00 0.000000000000000000e+00
0.000000000000000000e+00 0.000000000000000000e+00 0.000000000000000000e+00 0.000000000000000000e+00 0.000000000000000000e+00 -2.823354538816051917e+00 0.000000000000000000e+00 0.000000000000000000e+00 0.000000000000000000e+00 -7.278498388266652519e+00 -1.225966855437898628e+00 -9.858675919475020644e-01 0.000000000000000000e+00 0.000000000000000000e+00 -1.107937180565413904e+00 -7.636580375359097950e+00 0.000000000000000000e+00 -1.200188337224931345e+00 -9.564697164184922329e+00 -1.575266677396931048e+00 -6.279718991753735935e+00 -1.632692797693982456e+00 1.988557783997174644e+00 3.950917955224659828e+00 -7.346266365175032398e+00
0.000000000000000000e+00 0.000000000000000000e+00 0.000000000000000000e+00 0.000000000000000000e+00 0.000000000000000000e+00 -1.833256801403792124e+01 0.000000000000000000e+00 -4.479645996793663265e+00 -8.552540906979341884e+00 -2.142182851910363084e+01 -1.686759796878101625e+01 -1.473462634697703777e+01 -1.138429888461876693e+01 -6.014840408638908453e-01 -1.599629010425839404e+01 -2.155687983157173804e+01 0.000000000000000000e+00 -1.440702998170353766e+01 1.772104173473357847e+01 -1.855474582309340548e+01 -1.634327632030703370e+01 -1.687942963537023644e+01 -8.696235610282705863e+00 -4.052410375979807355e+00 -1.703402659035120692e+01
