# yaw
0.000000000000000000e+00 0.000000000000000000e+00 0.000000000000000000e+00 0.000000000000000000e+00 0.000000000000000000e+00 2.725563331023985114e+01 -1.275261925557138021e+01 -1.851145725992770252e+01 -2.195017653311760597e+01 2.731751512210721344e+01 2.762047820434430889e+01 -1.899137107888849840e+01 -2.035452388568355886e+01 -1.776178340301191128e+01 2.660368577824287684e+01 2.786075485394145446e+01 2.916170267706279873e+01 -1.740985361006482179e+01 2.915947417037043010e+01 2.918071377722846194e+01 2.447527673093840761e+01 -1.541890907738434890e+01 2.916575074332707374e+01 -1.686343840495931445e+01 2.422569182273827337e+01
0.000000000000000000e+00 0.000000000000000000e+00 0.000000000000000000e+00 0.000000000000000000e+00 0.000000000000000000e+00 1.424878102564357008e+01 -2.369448266722582019e+01 2.630953611170314943e+01 2.450788623728801952e+01 1.252998992100973297e+01 1.377345861614832145e+01 2.130969826555453395e+01 2.286453259010940187e+01 2.365673123548992152e+01 1.288079178412848336e+01 1.258464233320217218e+01 1.365760803865575568e+01 1.926035975621139329e+01 1.489508119484659332e+01 1.487024062188458551e+01 1.174275280114690290e+01 2.311492490738439898e+01 1.393280595382405274e+01 2.053852096293514506e+01 8.960106529679549681e+00
0.000000000000000000e+00 0.000000000000000000e+00 0.000000000000000000e+00 0.000000000000000000e+00 0.000000000000000000e+00 0.000000000000000000e+00 1.895469476977954670e+01 1.245738129167078156e+01 5.582240781811472097e+00 0.000000000000000000e+00 0.000000000000000000e+00 2.678583242615611315e+00 5.879044203219145004e+00 6.799210321398715173e+00 0.000000000000000000e+00 0.000000000000000000e+00 0.000000000000000000e+00 1.415450655927888546e+00 4.869954136783185561e-01 9.483459560674333266e-01 0.000000000000000000e+00 5.728155554044031206e+00 8.035829533802371083e-01 3.124185704139167186e+00 0.000000000000000000e+00
0.000000000000000000e+00 0.000000000000000000e+00 0.000000000000000000e+00 0.000000000000000000e+00 0.000000000000000000e+00 0.000000000000000000e+00 0.000000000000000000e+00 0.000000000000000000e+00 0.000000000000000000e+00 0.000000000000000000e+00 0.000000000000000000e+00 0.000000000000000000e+00 0.000000000000000000e+00 0.000000000000000000e+00 0.000000000000000000e+00 0.000000000000000000e+00 0.000000000000000000e+00 0.000000000000000000e+00 0.000000000000000000e+00 0.000000000000000000e+00 0.000000000000000000e+00 0.000000000000000000e+00 0.000000000000000000e+00 0.000000000000000000e+00 0.000000000000000000e+00
0.000000000000000000e+00 0.000000000000000000e+00 0.000000000000000000e+00 0.000000000000000000e+00 0.000000000000000000e+00 0.000000000000000000e+00 0.000000000000000000e+00 0.000000000000000000e+00 0.000000000000000000e+00 0.000000000000000000e+00 0.000000000000000000e+00 0.000000000000000000e+00 0.000000000000000000e+00 0.000000000000000000e+00 0.000000000000000000e+00 0.000000000000000000e+00 2.980861394207388049e+00 -1.755954144634671366e+00 -1.289178145750090820e+00 7.794236159241075823e-01 0.000000000000000000e+00 7.254292321298332347e-01 7.016669784630210627e-01 -8.618985108057131139e-01 -9.055879780851745497e-01
0.000000000000000000e+00 0.000000000000000000e+00 0.000000000000000000e+00 0.000000000000000000e+00 0.000000000000000000e+00 0.000000000000000000e+00 0.000000000000000000e+00 0.000000000000000000e+00 0.000000000000000000e+00 0.000000000000000000e+00 0.000000000000000000e+00 -5.423078716299012392e+00 0.000000000000000000e+00 0.000000000000000000e+00 -5.453258658900393741e+00 0.000000000000000000e+00 -5.530426419641375269e+00 -1.057097286268932068e+00 2.281108588191550268e+00 -2.315307804464088015e+00 0.000000000000000000e+00 -4.610377760373996381e+00 -3.977403660888000569e+00 -2.147204650770951684e+00 7.204736454201695395e+00
0.000000000000000000e+00 0.000000000000000000e+00 0.000000000000000000e+00 0.000000000000000000e+00 0.000000000000000000e+00 0.000000000000000000e+00 0.000000000000000000e+00 0.000000000000000000e+00 0.000000000000000000e+00 0.000000000000000000e+00 0.000000000000000000e+00 3.169164428546298318e+00 -3.908701649728494765e+00 -3.913818210130907804e+00 2.864466770189679323e+00 0.000000000000000000e+00 3.090753472496586163e+00 4.399348355417485479e+00 1.360554717827670679e+00 3.601723592647946948e+00 0.000000000000000000e+00 3.536191583187238585e+00 4.494058885000699277e+00 5.661218334826991772e+00 0.000000000000000000e+00
0.000000000000000000e+00 0.000000000000000000e+00 0.000000000000000000e+00 0.000000000000000000e+00 0.000000000000000000e+00 0.000000000000000000e+00 0.000000000000000000e+00 0.000000000000000000e+00 0.000000000000000000e+00 0.000000000000000000e+00 0.000000000000000000e+00 0.000000000000000000e+00 3.192315846706156535e+00 1.721949561319367383e+00 -1.594403084471283094e-01 0.000000000000000000e+00 0.000000000000000000e+00 5.515308885508569681e-01 -1.348638496221277738e-01 -1.197817971796341974e+00 0.000000000000000000e+00 0.000000000000000000e+00 5.473626129157291853e-01 5.195294451643570621e-01 -1.975189515477934643e+00
0.000000000000000000e+00 0.000000000000000000e+00 0.000000000000000000e+00 0.000000000000000000e+00 0.000000000000000000e+00 0.000000000000000000e+00 -1.157853409254619992e+00 0.000000000000000000e+00 0.000000000000000000e+00 -3.436574185077361232e+00 0.000000000000000000e+00 -3.565498375256504815e+00 -3.065957667323995217e-01 0.000000000000000000e+00 -1.136505710152916215e+01 0.000000000000000000e+00 -3.759526808440019519e+00 -2.333821030644756434e+00 -1.090401373522973394e+00 -5.406238449358594877e+00 0.000000000000000000e+00 -3.000657475548895725e+00 -2.173923986707305023e+00 1.100372678315476138e+00 1.303479359611924515e+00
0.000000000000000000e+00 0.000000000000000000e+00 0.000000000000000000e+00 0.000000000000000000e+00 0.000000000000000000e+00 0.000000000000000000e+00 -2.165651788962320623e+01 -5.322524214970131951e+00 -2.505273820308959287e+00 1.172928528850977159e+01 0.000000000000000000e+00 2.562551427456387998e+01 -1.593582820132297506e+01 -1.728344108809100277e+01 2.127258240405307177e+01 0.000000000000000000e+00 2.552281436825241201e+01 2.232122977583619416e+01 4.607694751686904233e+00 -2.347560381014656361e+00 0.000000000000000000e+00 1.070014643392323705e+01 1.319931423463576969e+01 -1.500129565914861729e+01 8.574739604699072260e+00
0.000000000000000000e+00 0.000000000000000000e+00 0.000000000000000000e+00 0.000000000000000000e+00 0.000000000000000000e+00 0.000000000000000000e+00 1.135384500607193559e+01 6.140693787013611349e+00 5.418834696879407886e+00 6.673987470277379153e+00 0.000000000000000000e+00 7.402539554950875456e+00 1.191752027319029850e+01 1.298077254650798729e+01 6.627270671519902567e-01 0.000000000000000000e+00 6.858818434493408667e+00 5.659173452673231353e+00 3.018777338291902979e+00 8.070064840648427662e+00 0.000000000000000000e+00 4.739323797541720396e+00 5.090499189878406661e+00 1.195495264352640952e+01 0.000000000000000000e+00
0.000000000000000000e+00 0.000000000000000000e+00 0.000000000000000000e+00 0.000000000000000000e+00 0.000000000000000000e+00 0.000000000000000000e+00 0.000000000000000000e+00 6.700177490341327591e+00 5.178504463194322227e+00 0.000000000000000000e+00 0.000000000000000000e+00 0.000000000000000000e+00 0.000000000000000000e+00 1.621227105521374501e-01 0.000000000000000000e+00 0.000000000000000000e+00 0.000000000000000000e+00 0.000000000000000000e+00 -2.047522615287435066e+00 -1.415589043579154271e+00 0.000000000000000000e+00 0.000000000000000000e+00 0.000000000000000000e+00 -2.379646153275424503e+00 1.559561766057905086e+00
0.000000000000000000e+00 0.000000000000000000e+00 0.000000000000000000e+00 0.000000000000000000e+00 0.000000000000000000e+00 0.000000000000000000e+00 0.000000000000000000e+00 0.000000000000000000e+00 0.000000000000000000e+00 -3.615422548875323328e-01 0.000000000000000000e+00 0.000000000000000000e+00 0.000000000000000000e+00 8.736432896080221777e-01 -2.291216845663956114e+00 0.000000000000000000e+00 0.000000000000000000e+00 -6.118728030593619138e+00 1.457384449473950516e+00 -7.399263157340552066e-01 0.000000000000000000e+00 0.000000000000000000e+00 -5.370813518787378449e+00 -2.484993392763515718e+00 -7.111265916722699032e+00
0.000000000000000000e+00 0.000000000000000000e+00 0.000000000000000000e+00 0.000000000000000000e+00 0.000000000000000000e+00 0.000000000000000000e+00 0.000000000000000000e+00 3.903370509368075947e+00 -6.641022124570736374e+00 3.203043416752072048e+00 0.000000000000000000e+00 0.000000000000000000e+00 -8.363502625103842902e+00 8.763844017601748249e+00 6.800263615334006140e+00 0.000000000000000000e+00 0.000000000000000000e+00 7.669828366064889380e+00 4.994556654882662983e+00 1.025251698407824108e+01 0.000000000000000000e+00 0.000000000000000000e+00 7.544536373796474571e+00 8.467479106080341822e+00 7.043067966193110152e+00
0.000000000000000000e+00 0.000000000000000000e+00 0.000000000000000000e+00 0.000000000000000000e+00 0.000000000000000000e+00 0.000000000000000000e+00 0.000000000000000000e+00 0.000000000000000000e+00 -1.244922510460997778e+00 -1.298710520012070546e+00 0.000000000000000000e+00 0.000000000000000000e+00 5.895618063505131401e-01 -1.548787410037934631e+00 7.954861254033525064e-01 0.000000000000000000e+00 0.000000000000000000e+00 0.000000000000000000e+00 -1.938370365802387418e+00 -1.014182614075599120e-01 0.000000000000000000e+00 0.000000000000000000e+00 0.000000000000000000e+00 -1.667281174007485101e+00 8.154618265176987180e-01
0.000000000000000000e+00 0.000000000000000000e+00 0.000000000000000000e+00 0.000000000000000000e+00 0.000000000000000000e+00 0.000000000000000000e+00 0.000000000000000000e+00 0.000000000000000000e+00 2.842206808564077813e-01 1.241114098506493013e+00 0.000000000000000000e+00 0.000000000000000000e+00 0.000000000000000000e+00 4.079819300889933054e-01 4.764241371740311481e-01 0.000000000000000000e+00 0.000000000000000000e+00 0.000000000000000000e+00 8.679828988111247534e-02 2.007894723829921180e+00 0.000000000000000000e+00 0.000000000000000000e+00 0.000000000000000000e+00 0.000000000000000000e+00 4.955661396630409721e-01
0.000000000000000000e+00 -2.127696280838276888e+00 -6.058123185329529203e-01 0.000000000000000000e+00 -8.138677970308407783e-01 0.000000000000000000e+00 0.000000000000000000e+00 -3.604864281752695909e+00 -1.440816135144387777e+00 -7.226722201078137786e+00 0.000000000000000000e+00 -1.511350816270670694e-01 0.000000000000000000e+00 -1.098831273001926689e+01 -9.429848897810465758e+00 0.000000000000000000e+00 -2.108414069957611492e-01 -1.165752731719408963e+01 0.000000000000000000e+00 1.415791382283553723e+00 0.000000000000000000e+00 -1.689783665875639551e+00 -7.826648958116931842e-01 -3.134424314943397016e-01 -2.697086880114805130e+00
0.000000000000000000e+00 -2.025467829737396031e+01 -1.372009436828952289e+01 -1.459312376528230182e+01 -1.345182844956096346e+01 0.000000000000000000e+00 -9.704047332641839718e-01 -2.223586014946231870e+01 -2.141302612339507405e+01 -1.927628553689905289e+01 0.000000000000000000e+00 -1.437070565292559721e+01 1.290831705895766346e-01 2.652573419060754034e+01 -2.088433585329844178e+01 0.000000000000000000e+00 -1.808701745359596913e+01 -1.933531812830822005e+01 -5.385443610476246867e+00 0.000000000000000000e+00 0.000000000000000000e+00 -2.055507952407082684e+01 -1.416780500860696712e+01 -1.498053940418973262e+01 -1.823808915483867565e+01
0.000000000000000000e+00 3.000000000000000000e+01 2.757123916577100786e+01 2.792355118611210685e+01 2.597086047648994267e+01 0.000000000000000000e+00 -9.207403150273112402e+00 2.669493930669857207e+01 2.373390880960462823e+01 2.144923185913354757e+01 0.000000000000000000e+00 2.944178665795978134e+01 -1.028720721931774484e+01 1.848684222951449740e+01 2.198156404376823048e+01 0.000000000000000000e+00 3.000000000000000000e+01 9.610389024109130318e+00 -2.439136697751441574e+01 -4.794506384923615805e+00 0.000000000000000000e+00 2.203562174388924788e+01 2.637450393296884599e+01 3.000000000000000000e+01 2.652398826345689287e+01
0.000000000000000000e+00 1.451542217962989589e+01 1.002253814105008622e+01 9.282958028866403311e+00 1.039146456298089838e+01 0.000000000000000000e+00 2.874363622071951951e+01 4.343620992489935162e+00 1.539999114727568674e+00 2.601553842852843523e+00 0.000000000000000000e+00 1.392901843342087531e+01 2.413571554421879384e+01 0.000000000000000000e+00 4.962356485743990575e+00 0.000000000000000000e+00 1.257814143828213815e+01 0.000000000000000000e+00 1.666102893917625138e+01 -2.444838507705173214e+01 0.000000000000000000e+00 2.017532112263628719e+00 1.080917860899290339e+01 1.007670247027587607e+01 1.399953297740590941e+01
0.000000000000000000e+00 1.175087698738580766e+00 0.000000000000000000e+00 0.000000000000000000e+00 0.000000000000000000e+00 0.000000000000000000e+00 1.464610816890002098e+01 0.000000000000000000e+00 0.000000000000000000e+00 -1.432425698987418450e-01 0.000000000000000000e+00 0.000000000000000000e+00 1.019880177264960786e+01 0.000000000000000000e+00 -1.530114022302329069e-01 0.000000000000000000e+00 0.000000000000000000e+00 0.000000000000000000e+00 2.148862030318093197e+00 2.414543263766027081e+01 0.000000000000000000e+00 0.000000000000000000e+00 0.000000000000000000e+00 0.000000000000000000e+00 1.232791809473231748e+00
0.000000000000000000e+00 0.000000000000000000e+00 0.000000000000000000e+00 0.000000000000000000e+00 1.359692152589559555e+00 0.000000000000000000e+00 0.000000000000000000e+00 0.000000000000000000e+00 -2.020999081432819366e-01 0.000000000000000000e+00 0.000000000000000000e+00 0.000000000000000000e+00 0.000000000000000000e+00 -4.354038946330547333e-01 0.000000000000000000e+00 0.000000000000000000e+00 0.000000000000000000e+00 0.000000000000000000e+00 0.000000000000000000e+00 4.411378095917979358e+00 0.000000000000000000e+00 0.000000000000000000e+00 0.000000000000000000e+00 0.000000000000000000e+00 0.000000000000000000e+00
0.000000000000000000e+00 0.000000000000000000e+00 0.000000000000000000e+00 0.000000000000000000e+00 0.000000000000000000e+00 0.000000000000000000e+00 0.000000000000000000e+00 0.000000000000000000e+00 0.000000000000000000e+00 0.000000000000000000e+00 0.000000000000000000e+00 0.000000000000000000e+00 0.000000000000000000e+00 0.000000000000000000e+00 0.000000000000000000e+00 0.000000000000000000e+00 0.000000000000000000e+00 0.000000000000000000e+00 0.000000000000000000e+00 0.000000000000000000e+00 0.000000000000000000e+00 0.000000000000000000e+00 0.000000000000000000e+00 0.000000000000000000e+00 0.000000000000000000e+00
0.000000000000000000e+00 0.000000000000000000e+00 0.000000000000000000e+00 0.000000000000000000e+00 0.000000000000000000e+00 0.000000000000000000e+00 0.000000000000000000e+00 0.000000000000000000e+00 0.000000000000000000e+00 0.000000000000000000e+00 0.000000000000000000e+00 0.000000000000000000e+00 0.000000000000000000e+00 0.000000000000000000e+00 0.000000000000000000e+00 0.000000000000000000e+00 0.000000000000000000e+00 0.000000000000000000e+00 0.000000000000000000e+00 0.000000000000000000e+00 0.000000000000000000e+00 0.000000000000000000e+00 0.000000000000000000e+00 0.000000000000000000e+00 0.000000000000000000e+00
0.000000000000000000e+00 0.000000000000000000e+00 0.000000000000000000e+00 0.000000000000000000e+00 0.000000000000000000e+00 0.000000000000000000e+00 0.000000000000000000e+00 0.000000000000000000e+00 0.000000000000000000e+00 0.000000000000000000e+00 0.000000000000000000e+00 0.000000000000000000e+00 0.000000000000000000e+00 0.000000000000000000e+00 0.000000000000000000e+00 0.000000000000000000e+00 0.000000000000000000e+00 0.000000000000000000e+00 0.000000000000000000e+00 0.000000000000000000e+00 0.000000000000000000e+00 0.000000000000000000e+00 0.000000000000000000e+00 0.000000000000000000e+00 0.000000000000000000e+00
0.000000000000000000e+00 0.000000000000000000e+00 0.000000000000000000e+00 0.000000000000000000e+00 0.000000000000000000e+00 0.000000000000000000e+00 0.000000000000000000e+00 0.000000000000000000e+00 0.000000000000000000e+00 0.000000000000000000e+00 0.000000000000000000e+00 0.000000000000000000e+00 0.000000000000000000e+00 0.000000000000000000e+00 0.000000000000000000e+00 0.000000000000000000e+00 0.000000000000000000e+00 0.000000000000000000e+00 0.000000000000000000e+00 0.000000000000000000e+00 0.000000000000000000e+00 0.000000000000000000e+00 0.000000000000000000e+00 0.000000000000000000e+00 0.000000000000000000e+00
0.000000000000000000e+00 0.000000000000000000e+00 -1.283655470726940706e+01 -1.891009285609996837e+01 -1.053598386402717679e+01 0.000000000000000000e+00 0.000000000000000000e+00 -1.415071971586276067e+00 8.765925366677992159e+00 -8.380459485325326696e-01 0.000000000000000000e+00 -9.503879827123022039e+00 -1.218849866584996944e+00 -1.523119615172124686e+00 -9.080542064179843997e-01 0.000000000000000000e+00 -4.780996589800510677e+00 -9.903175914977921934e+00 -6.173559516730435348e+00 0.000000000000000000e+00 0.000000000000000000e+00 0.000000000000000000e+00 0.000000000000000000e+00 0.000000000000000000e+00 0.000000000000000000e+00
0.000000000000000000e+00 -9.403288244206013502e+00 1.778642976130472775e+01 1.410574365407623354e+01 1.953856829757123137e+01 0.000000000000000000e+00 -8.688036364346402252e+00 -1.717626663375368778e+01 1.143394555328430862e+01 -1.699523162637080986e+01 0.000000000000000000e+00 2.098310721704719839e+01 -1.448997534156003120e+01 2.565974595791264790e+01 -1.505069030643710803e+01 0.000000000000000000e+00 2.614078183888959472e+01 2.080498623924556867e+01 2.448491476527707889e+01 0.000000000000000000e+00 0.000000000000000000e+00 0.000000000000000000e+00 0.000000000000000000e+00 0.000000000000000000e+00 0.000000000000000000e+00
0.000000000000000000e+00 2.247581802734165990e+01 1.128064634639595720e+00 0.000000000000000000e+00 4.715837298286391643e+00 0.000000000000000000e+00 2.114824794904038896e+01 1.326667498846292759e+01 0.000000000000000000e+00 1.261430634812522200e+01 0.000000000000000000e+00 5.096730428353099640e+00 1.250755310706843559e+01 9.739840143786313575e+00 1.904393085425270016e+01 0.000000000000000000e+00 9.503585748407720857e+00 3.200494997539392816e+00 8.032099936838768883e+00 -9.148534224722297381e+00 0.000000000000000000e+00 0.000000000000000000e+00 0.000000000000000000e+00 0.000000000000000000e+00 0.000000000000000000e+00
0.000000000000000000e+00 2.977836057241604273e+00 -1.250980144175571240e+00 6.121673629561510399e-01 -3.515527318797727063e-01 0.000000000000000000e+00 3.371983858330361294e-01 -1.243843420083267315e+00 -8.489502226436294041e-01 -1.039457867193604557e+00 0.000000000000000000e+00 0.000000000000000000e+00 0.000000000000000000e+00 0.000000000000000000e+00 2.968882830520926386e-01 0.000000000000000000e+00 0.000000000000000000e+00 0.000000000000000000e+00 0.000000000000000000e+00 1.041125524941270086e+00 0.000000000000000000e+00 0.000000000000000000e+00 0.000000000000000000e+00 0.000000000000000000e+00 0.000000000000000000e+00
0.000000000000000000e+00 0.000000000000000000e+00 1.322648682608167814e+00 -7.495321016639936218e+00 1.117819526074961267e-01 0.000000000000000000e+00 0.000000000000000000e+00 -3.556146171934448930e-01 0.000000000000000000e+00 1.312545787570864597e+00 0.000000000000000000e+00 -4.260680926035413485e+00 0.000000000000000000e+00 -2.729675887559307679e+00 0.000000000000000000e+00 0.000000000000000000e+00 0.000000000000000000e+00 0.000000000000000000e+00 0.000000000000000000e+00 3.933775584688592897e+00 0.000000000000000000e+00 0.000000000000000000e+00 0.000000000000000000e+00 0.000000000000000000e+00 0.000000000000000000e+00
0.000000000000000000e+00 -7.585682313805810928e+00 5.277552655380493007e+00 7.861504070577881365e+00 5.212991265311892164e+00 0.000000000000000000e+00 3.352923716482405059e+00 3.435820628658520448e+00 3.340035789994556303e+00 3.629589799755906121e+00 0.000000000000000000e+00 9.257465616175098333e+00 -6.574022377902182690e+00 9.563918857886044123e+00 -6.442988797113132549e+00 0.000000000000000000e+00 0.000000000000000000e+00 0.000000000000000000e+00 0.000000000000000000e+00 0.000000000000000000e+00 0.000000000000000000e+00 0.000000000000000000e+00 0.000000000000000000e+00 0.000000000000000000e+00 0.000000000000000000e+00
0.000000000000000000e+00 5.353237881885453575e+00 -1.399716046267295844e-01 -1.845547275049344238e+00 -1.959289051646758151e-01 0.000000000000000000e+00 -1.564075904944945972e+00 0.000000000000000000e+00 -2.822325375542951154e+00 3.999147915787827912e-01 0.000000000000000000e+00 0.000000000000000000e+00 1.074085688958355433e+00 0.000000000000000000e+00 7.575164484810613885e+00 0.000000000000000000e+00 0.000000000000000000e+00 0.000000000000000000e+00 0.000000000000000000e+00 0.000000000000000000e+00 0.000000000000000000e+00 0.000000000000000000e+00 0.000000000000000000e+00 0.000000000000000000e+00 0.000000000000000000e+00
0.000000000000000000e+00 7.314435478882788999e+00 6.010715173127644917e+00 3.711751740891457096e+00 5.816813368451129840e+00 0.000000000000000000e+00 4.497254007543570964e+00 6.865564795470076476e+00 2.880451791936819994e+00 2.013138446876832077e+00 0.000000000000000000e+00 0.000000000000000000e+00 0.000000000000000000e+00 0.000000000000000000e+00 0.000000000000000000e+00 0.000000000000000000e+00 0.000000000000000000e+00 0.000000000000000000e+00 0.000000000000000000e+00 0.000000000000000000e+00 0.000000000000000000e+00 0.000000000000000000e+00 0.000000000000000000e+00 0.000000000000000000e+00 0.000000000000000000e+00
-5.552581844850279502e-01 1.967133728247170144e+00 2.425606043432602554e+00 0.000000000000000000e+00 1.632130096873908975e+00 -5.770995627076261902e-01 0.000000000000000000e+00 0.000000000000000000e+00 0.000000000000000000e+00 -5.338927969112263749e-01 -5.216737800855530960e-01 -3.399898485477483856e-01 0.000000000000000000e+00 0.000000000000000000e+00 -1.447215958709135775e+00 0.000000000000000000e+00 0.000000000000000000e+00 0.000000000000000000e+00 0.000000000000000000e+00 0.000000000000000000e+00 0.000000000000000000e+00 0.000000000000000000e+00 0.000000000000000000e+00 0.000000000000000000e+00 0.000000000000000000e+00
-1.254816255027811600e+01 0.000000000000000000e+00 -9.229939798671557005e-01 -6.521327905510204914e+00 -1.221776827464731419e+01 -1.429503904679818227e+01 -1.785747594400468818e+00 -6.599213648650284370e+00 -1.948662216211085374e+00 -1.476057072322834784e+01 -1.357108390195465120e+01 -1.043880116933355851e+01 -7.793946364612881483e-01 -9.192484030622733115e+00 -1.642218605066250348e+01 -1.287743490272252522e+01 -9.452120665751415629e-01 -8.995229609820938776e+00 -2.130365220202374843e+00 -1.020836824673953558e+01 0.000000000000000000e+00 0.000000000000000000e+00 0.000000000000000000e+00 0.000000000000000000e+00 0.000000000000000000e+00
2.487899223930680037e+01 -1.061270211727805268e+01 -1.305201267791162145e+01 -1.633827681937231091e+01 2.485803151087753804e+01 2.663201489728884752e+01 -1.593312667809426131e+01 -1.896680037478078518e+01 -1.811428786743559982e+01 2.636127394126753032e+01 2.596390050413556949e+01 -2.562455777729331530e+01 -1.611853248239446046e+01 -2.374614713141081523e+01 2.754224212302915120e+01 2.564433687209707813e+01 -1.889403055492657657e+01 2.827079968458268411e+01 -2.094085902241586439e+01 2.464103297633880274e+01 0.000000000000000000e+00 0.000000000000000000e+00 0.000000000000000000e+00 0.000000000000000000e+00 0.000000000000000000e+00
9.760036899578640401e+00 2.913618961903592464e+01 2.363342064937093667e+01 1.868731297617905440e+01 1.054364882291038263e+01 9.494256776147798504e+00 2.025941502275205508e+01 2.054401995221870436e+01 2.096415163704973850e+01 9.403590966544031815e+00 9.858071528207096534e+00 1.277729643122981074e+01 1.831047667420767411e+01 1.309369908820861639e+01 1.251254226267624503e+01 1.009132890770830393e+01 2.126120800291664636e+01 1.361136782806773127e+01 1.922285857732486036e+01 7.558121703948217807e+00 0.000000000000000000e+00 0.000000000000000000e+00 0.000000000000000000e+00 0.000000000000000000e+00 0.000000000000000000e+00
0.000000000000000000e+00 1.664430902375786658e+01 1.115949624795863215e+01 4.988369111584447069e+00 0.000000000000000000e+00 0.000000000000000000e+00 1.594004809490439767e+00 5.580176660461572347e+00 6.130723714579124461e+00 0.000000000000000000e+00 0.000000000000000000e+00 6.022508570885991980e-02 1.213789864051304068e+00 4.169724568491753880e-01 7.993130194337848549e-01 0.000000000000000000e+00 5.142845732089630140e+00 6.813570856564455935e-01 3.415592037690997618e+00 0.000000000000000000e+00 0.000000000000000000e+00 0.000000000000000000e+00 0.000000000000000000e+00 0.000000000000000000e+00 0.000000000000000000e+00
7.832219765109438292e-01 7.880305102460507527e-01 0.000000000000000000e+00 2.288166781297919616e+00 0.000000000000000000e+00 0.000000000000000000e+00 0.000000000000000000e+00 0.000000000000000000e+00 -1.190358327943565220e+00 0.000000000000000000e+00 0.000000000000000000e+00 0.000000000000000000e+00 0.000000000000000000e+00 0.000000000000000000e+00 0.000000000000000000e+00 0.000000000000000000e+00 0.000000000000000000e+00 0.000000000000000000e+00 0.000000000000000000e+00 0.000000000000000000e+00 0.000000000000000000e+00 0.000000000000000000e+00 0.000000000000000000e+00 0.000000000000000000e+00 0.000000000000000000e+00
6.692183893045653420e+00 -3.233890735149819839e+00 -2.218338029015604729e+00 2.064608548180854264e+00 0.000000000000000000e+00 1.876679665698619992e+00 1.780776290373565551e+00 -3.817037071767150458e+00 1.415027886259930145e+00 0.000000000000000000e+00 0.000000000000000000e+00 0.000000000000000000e+00 0.000000000000000000e+00 -3.978609013031577213e+00 0.000000000000000000e+00 0.000000000000000000e+00 0.000000000000000000e+00 0.000000000000000000e+00 0.000000000000000000e+00 0.000000000000000000e+00 0.000000000000000000e+00 0.000000000000000000e+00 0.000000000000000000e+00 0.000000000000000000e+00 0.000000000000000000e+00
-6.903574139334732074e+00 1.126400713233255191e+00 3.293326068028793685e+00 -7.232054040821712881e+00 0.000000000000000000e+00 -7.310140648315117673e+00 -4.045536378093714802e+00 0.000000000000000000e+00 -6.163776777525893813e+00 0.000000000000000000e+00 -5.911993488890172621e+00 -5.871487985968445678e+00 -3.021263791598656212e+00 8.831936505501543522e+00 0.000000000000000000e+00 0.000000000000000000e+00 0.000000000000000000e+00 0.000000000000000000e+00 0.000000000000000000e+00 0.000000000000000000e+00 0.000000000000000000e+00 0.000000000000000000e+00 0.000000000000000000e+00 0.000000000000000000e+00 0.000000000000000000e+00
5.181162858626387369e+00 -7.080350615186705276e+00 -4.163256749846437010e+00 5.361391507737031326e+00 0.000000000000000000e+00 5.659554445672079659e+00 7.439233466391046434e+00 2.933707927666413084e+00 6.341515456327712741e+00 0.000000000000000000e+00 6.239366911322957954e+00 7.827718270303068770e+00 7.400091912188739407e+00 0.000000000000000000e+00 0.000000000000000000e+00 0.000000000000000000e+00 0.000000000000000000e+00 0.000000000000000000e+00 0.000000000000000000e+00 0.000000000000000000e+00 0.000000000000000000e+00 0.000000000000000000e+00 0.000000000000000000e+00 0.000000000000000000e+00 0.000000000000000000e+00
1.465221047671651178e+00 4.597191431926463956e+00 3.156327963225120214e+00 0.000000000000000000e+00 0.000000000000000000e+00 1.452940541405448593e+00 1.365232574830094414e+00 3.046720444584233078e+00 -2.998179024310395069e-01 0.000000000000000000e+00 0.000000000000000000e+00 0.000000000000000000e+00 0.000000000000000000e+00 0.000000000000000000e+00 0.000000000000000000e+00 0.000000000000000000e+00 0.000000000000000000e+00 0.000000000000000000e+00 -5.543871927562062929e+00 0.000000000000000000e+00 0.000000000000000000e+00 0.000000000000000000e+00 0.000000000000000000e+00 0.000000000000000000e+00 0.000000000000000000e+00
-1.988040795406484929e+00 1.402331368547279355e+00 0.000000000000000000e+00 -5.042990430613692787e+00 0.000000000000000000e+00 -5.108862848325553152e+00 -4.740640936133084793e-01 0.000000000000000000e+00 -1.083089554069427329e+01 0.000000000000000000e+00 -5.337288598885802315e+00 -3.685713134065066399e+00 -3.818648820408736988e+00 -7.323168500650238499e+00 0.000000000000000000e+00 -4.484318171592264868e+00 -3.470943742485411043e+00 0.000000000000000000e+00 6.498746935267009306e+00 0.000000000000000000e+00 0.000000000000000000e+00 0.000000000000000000e+00 0.000000000000000000e+00 0.000000000000000000e+00 0.000000000000000000e+00
-1.799067695199000738e+01 -3.386874816864999360e+00 -4.684298092286497628e+00 6.803383914453735137e+00 0.000000000000000000e+00 1.691454450730388004e+01 -1.659056135865073145e+01 -9.256681485895068562e+00 1.313305228221811305e+01 0.000000000000000000e+00 1.592159485886430836e+01 2.191576615244422399e+01 1.596919049094782750e+01 2.180087326265176273e+01 0.000000000000000000e+00 5.978822895709049234e+00 1.898884890655663682e+01 -1.186709577489348533e+01 2.611470630547308769e+00 0.000000000000000000e+00 0.000000000000000000e+00 0.000000000000000000e+00 0.000000000000000000e+00 0.000000000000000000e+00 0.000000000000000000e+00
1.035761198901124125e+01 1.439248703395058371e+01 6.864037894707026410e+00 6.665945086381604767e+00 0.000000000000000000e+00 7.375764805611238373e+00 1.246556592325651991e+01 1.282168773662652228e+01 3.107652564429205788e-01 0.000000000000000000e+00 6.748963050218089066e+00 5.257117541530492488e+00 3.231218080166313289e+00 9.001998913777926603e+00 0.000000000000000000e+00 4.726138478519366970e+00 5.214421596420192984e+00 1.187519633645040962e+01 0.000000000000000000e+00 0.000000000000000000e+00 0.000000000000000000e+00 0.000000000000000000e+00 0.000000000000000000e+00 0.000000000000000000e+00 0.000000000000000000e+00
-4.669175640386610260e-01 5.553215810610604208e+00 5.193792240001450899e+00 0.000000000000000000e+00 0.000000000000000000e+00 -1.964608446608722359e+00 -1.661553496769334892e-01 0.000000000000000000e+00 0.000000000000000000e+00 0.000000000000000000e+00 -2.588953753620290676e+00 1.246960000821351722e+00 0.000000000000000000e+00 0.000000000000000000e+00 0.000000000000000000e+00 0.000000000000000000e+00 0.000000000000000000e+00 0.000000000000000000e+00 0.000000000000000000e+00 0.000000000000000000e+00 0.000000000000000000e+00 0.000000000000000000e+00 0.000000000000000000e+00 0.000000000000000000e+00 0.000000000000000000e+00
1.993286150709975058e+00 9.674175599363343814e-01 -3.583629189842317819e-01 0.000000000000000000e+00 0.000000000000000000e+00 1.184258095050846560e+00 3.425433027314256917e-01 -6.209379153283068220e+00 0.000000000000000000e+00 0.000000000000000000e+00 -5.396035611684286692e+00 -2.119047034033509358e-01 -1.381874525038769619e+00 0.000000000000000000e+00 0.000000000000000000e+00 -5.404382423917588163e+00 -2.300840983945016127e+00 -7.584009076584166564e+00 0.000000000000000000e+00 0.000000000000000000e+00 0.000000000000000000e+00 0.000000000000000000e+00 0.000000000000000000e+00 0.000000000000000000e+00 0.000000000000000000e+00
9.180331702452392051e+00 -6.633268363851455796e+00 3.228221655001381141e+00 0.000000000000000000e+00 0.000000000000000000e+00 -6.550928782042391596e+00 8.758850202231728943e+00 6.544193246325747282e+00 0.000000000000000000e+00 0.000000000000000000e+00 7.196169696556238726e+00 5.046247208390974848e+00 1.010358306927310679e+01 0.000000000000000000e+00 0.000000000000000000e+00 7.540374676737127579e+00 8.497291844957196361e+00 7.506394835044781999e+00 0.000000000000000000e+00 0.000000000000000000e+00 0.000000000000000000e+00 0.000000000000000000e+00 0.000000000000000000e+00 0.000000000000000000e+00 0.000000000000000000e+00
-9.965553665408164452e-01 -7.897330037171469419e-01 0.000000000000000000e+00 0.000000000000000000e+00 0.000000000000000000e+00 0.000000000000000000e+00 4.757940743175020359e-01 0.000000000000000000e+00 0.000000000000000000e+00 0.000000000000000000e+00 -1.193592554650463100e+00 -6.399073687392735355e-02 0.000000000000000000e+00 0.000000000000000000e+00 0.000000000000000000e+00 -9.933783578486000687e-01 4.869559060515439297e-01 0.000000000000000000e+00 0.000000000000000000e+00 0.000000000000000000e+00 0.000000000000000000e+00 0.000000000000000000e+00 0.000000000000000000e+00 0.000000000000000000e+00 0.000000000000000000e+00
2.077216728242115451e+00 4.310949543034127696e-01 0.000000000000000000e+00 0.000000000000000000e+00 0.000000000000000000e+00 2.951346936369330543e+00 0.000000000000000000e+00 0.000000000000000000e+00 0.000000000000000000e+00 0.000000000000000000e+00 1.325893767539484680e-01 3.527940284448040309e+00 0.000000000000000000e+00 0.000000000000000000e+00 0.000000000000000000e+00 8.798117198831526542e-01 0.000000000000000000e+00 0.000000000000000000e+00 0.000000000000000000e+00 0.000000000000000000e+00 0.000000000000000000e+00 0.000000000000000000e+00 0.000000000000000000e+00 0.000000000000000000e+00 0.000000000000000000e+00
-2.213977425526971299e+00 -5.440810368065831515e-01 0.000000000000000000e+00 -7.197071726297081806e-01 0.000000000000000000e+00 0.000000000000000000e+00 -3.427278579136531000e+00 -1.329194311483078206e+00 -6.728253810447854200e+00 0.000000000000000000e+00 6.519225141699447335e-01 0.000000000000000000e+00 -9.640592753520166980e+00 -9.599022415318884782e+00 0.000000000000000000e+00 -1.746129091721450310e-01 -1.043913071793454250e+01 0.000000000000000000e+00 0.000000000000000000e+00 0.000000000000000000e+00 -1.542740785811919313e+00 -7.017065051702098266e-01 -2.762282430360303853e-01 -2.726393329923511466e+00 0.000000000000000000e+00
-1.698931186717675246e+01 -1.447363755701536192e+01 -1.197490284505361124e+01 -1.374418273907367549e+01 0.000000000000000000e+00 -6.878509890318240672e-01 -1.763616613672360245e+01 -2.024713555641424279e+01 -2.302753382592057108e+01 0.000000000000000000e+00 -1.273824982550383567e+01 -7.484449343706462976e-01 2.382430512247815102e+01 -2.446318407245164650e+01 0.000000000000000000e+00 -1.195616378391480517e+01 -1.330152184121393910e+00 -5.923277830343392836e+00 0.000000000000000000e+00 0.000000000000000000e+00 -1.713735632075999504e+01 -1.534689068294694891e+01 -1.224128509233867135e+01 -1.966900665082482291e+01 0.000000000000000000e+00
2.652603467828405570e+01 2.791070398763332605e+01 2.632786716410791072e+01 2.592033617325860817e+01 0.000000000000000000e+00 -1.609661627588123167e+01 1.748487763439516485e+01 1.827511334816229649e+01 2.139206816938985867e+01 0.000000000000000000e+00 2.784699116984540979e+01 -1.866428521597428869e+01 5.174084507727918059e+00 2.142410636735296947e+01 0.000000000000000000e+00 2.727581309027737078e+01 1.754871234850521589e+01 -1.827115236763745543e+01 -2.522073055749189496e+00 0.000000000000000000e+00 1.902616129647047316e+01 2.633196425096612359e+01 2.636604100498031045e+01 2.934912929376949364e+01 0.000000000000000000e+00
1.268324012134934620e+01 9.935871000655943419e+00 8.620930363926254003e+00 1.014265872681375669e+01 0.000000000000000000e+00 2.551126366480014696e+01 2.833648490829431932e+00 1.422070491344700871e+00 5.008655918122890682e+00 0.000000000000000000e+00 1.034632523467543308e+01 2.346061790930079027e+01 0.000000000000000000e+00 6.364116365577909384e+00 0.000000000000000000e+00 1.180511328725517828e+01 5.404146784809494425e-02 2.021932264986337913e+01 -1.686384666897068385e+01 0.000000000000000000e+00 1.315065274273095275e+00 9.692925637131345695e+00 8.908251789863548709e+00 1.340757071267391076e+01 0.000000000000000000e+00
9.244833371379703735e-01 0.000000000000000000e+00 0.000000000000000000e+00 0.000000000000000000e+00 0.000000000000000000e+00 1.183428211529850849e+01 0.000000000000000000e+00 0.000000000000000000e+00 0.000000000000000000e+00 0.000000000000000000e+00 0.000000000000000000e+00 9.740662264873996889e+00 0.000000000000000000e+00 0.000000000000000000e+00 0.000000000000000000e+00 0.000000000000000000e+00 0.000000000000000000e+00 1.165698514424823529e+00 2.180620800290813577e+01 0.000000000000000000e+00 0.000000000000000000e+00 0.000000000000000000e+00 0.000000000000000000e+00 9.687166713735364532e-01 0.000000000000000000e+00
0.000000000000000000e+00 0.000000000000000000e+00 0.000000000000000000e+00 0.000000000000000000e+00 0.000000000000000000e+00 0.000000000000000000e+00 -1.833286918485237948e-01 0.000000000000000000e+00 0.000000000000000000e+00 0.000000000000000000e+00 4.671255902218035549e-01 -1.483495260022565265e+00 0.000000000000000000e+00 0.000000000000000000e+00 0.000000000000000000e+00 0.000000000000000000e+00 -1.427211701065524529e+00 0.000000000000000000e+00 5.174217407967609539e+00 0.000000000000000000e+00 -1.264621348873972373e+00 0.000000000000000000e+00 0.000000000000000000e+00 0.000000000000000000e+00 0.000000000000000000e+00
0.000000000000000000e+00 0.000000000000000000e+00 0.000000000000000000e+00 0.000000000000000000e+00 0.000000000000000000e+00 3.386131151180120202e+00 -3.624679003142682099e+00 -1.472686398087669213e+00 0.000000000000000000e+00 0.000000000000000000e+00 4.574825487638407573e+00 1.663189389098254534e+00 -4.641761947696978474e+00 0.000000000000000000e+00 0.000000000000000000e+00 3.451232180639678404e+00 3.181446974653244553e+00 0.000000000000000000e+00 0.000000000000000000e+00 0.000000000000000000e+00 3.569719692391304378e+00 -4.224598490235520920e+00 0.000000000000000000e+00 0.000000000000000000e+00 0.000000000000000000e+00
0.000000000000000000e+00 0.000000000000000000e+00 0.000000000000000000e+00 0.000000000000000000e+00 0.000000000000000000e+00 -7.331028244489782075e+00 8.303065754341563576e+00 1.222407339508822588e+01 0.000000000000000000e+00 0.000000000000000000e+00 -7.856179008680903131e+00 3.389991193903275413e+00 7.677332462775638078e+00 0.000000000000000000e+00 0.000000000000000000e+00 -6.581448553598140627e+00 3.279604620413414384e+00 -5.650029380140084712e+00 0.000000000000000000e+00 0.000000000000000000e+00 1.370416033491998808e+00 -6.152881939843474868e+00 0.000000000000000000e+00 0.000000000000000000e+00 0.000000000000000000e+00
0.000000000000000000e+00 0.000000000000000000e+00 0.000000000000000000e+00 0.000000000000000000e+00 0.000000000000000000e+00 6.266706161505545936e+00 0.000000000000000000e+00 0.000000000000000000e+00 0.000000000000000000e+00 0.000000000000000000e+00 6.156883348592806726e+00 -6.726669700830850696e-01 0.000000000000000000e+00 0.000000000000000000e+00 0.000000000000000000e+00 7.282575576265343464e+00 -8.981524026654841286e-01 6.935022552093478510e+00 0.000000000000000000e+00 0.000000000000000000e+00 3.273530472154979609e-01 3.653287303929673158e+00 -7.807352637649084492e+00 0.000000000000000000e+00 0.000000000000000000e+00
0.000000000000000000e+00 0.000000000000000000e+00 0.000000000000000000e+00 0.000000000000000000e+00 0.000000000000000000e+00 0.000000000000000000e+00 -2.981391924232249524e-01 -8.336590395298193457e-02 0.000000000000000000e+00 0.000000000000000000e+00 1.897757145923025357e+00 7.168112392091268159e-01 -1.163019992546332482e+00 0.000000000000000000e+00 0.000000000000000000e+00 1.015108162220747179e+00 9.343364525522579456e-01 0.000000000000000000e+00 0.000000000000000000e+00 0.000000000000000000e+00 9.812771328942215820e-01 6.330755503663579864e-01 2.277109227911722655e+00 0.000000000000000000e+00 0.000000000000000000e+00
0.000000000000000000e+00 0.000000000000000000e+00 0.000000000000000000e+00 0.000000000000000000e+00 0.000000000000000000e+00 0.000000000000000000e+00 -1.448882947370779206e+01 -1.506203652153591577e+01 -1.044834355408759663e+01 0.000000000000000000e+00 0.000000000000000000e+00 -6.540958565155822191e-01 1.174530351022753383e+00 -1.979761562187375201e+00 0.000000000000000000e+00 -6.440684037000405482e+00 -5.715161559707655492e-01 -2.305779203561326707e+00 -5.405839531153042721e-01 0.000000000000000000e+00 -3.108648709302308077e+00 -6.854282815711856713e+00 -3.829688174810228940e+00 0.000000000000000000e+00 0.000000000000000000e+00
0.000000000000000000e+00 0.000000000000000000e+00 0.000000000000000000e+00 0.000000000000000000e+00 0.000000000000000000e+00 -1.010354816456638360e+01 1.614572485082001307e+01 6.460725768978782035e+00 1.944002089943133527e+01 0.000000000000000000e+00 -1.359783282683733674e+01 -1.932919918282073724e+01 6.233790663045305713e+00 -1.865663591294145718e+01 0.000000000000000000e+00 2.043560965524113016e+01 -2.305503271325094161e+01 1.819923698129383993e+01 -1.671569976598988561e+01 0.000000000000000000e+00 1.648553529549475982e+01 1.897441990423478231e+01 6.859370509803442317e+00 0.000000000000000000e+00 0.000000000000000000e+00
0.000000000000000000e+00 0.000000000000000000e+00 0.000000000000000000e+00 0.000000000000000000e+00 0.000000000000000000e+00 1.970136295007942095e+01 9.549628392245540498e-01 0.000000000000000000e+00 3.940414556088112974e+00 0.000000000000000000e+00 1.551000976761458183e+01 9.574275422319839635e+00 0.000000000000000000e+00 1.012661130894417205e+01 0.000000000000000000e+00 3.933481448421575877e+00 9.217086086278099444e+00 6.419031389982211344e+00 1.477998826654058107e+01 0.000000000000000000e+00 6.625512800543713610e+00 2.202750155347401151e+00 5.435210946634558837e+00 -6.468494045583112140e+00 0.000000000000000000e+00
0.000000000000000000e+00 0.000000000000000000e+00 0.000000000000000000e+00 0.000000000000000000e+00 0.000000000000000000e+00 5.384575521511237639e+00 0.000000000000000000e+00 0.000000000000000000e+00 0.000000000000000000e+00 0.000000000000000000e+00 8.321514606368789480e-01 0.000000000000000000e+00 0.000000000000000000e+00 0.000000000000000000e+00 0.000000000000000000e+00 -3.197300932262451489e+00 1.585367185519992672e+00 -1.757570872963150954e+00 7.243934805678294842e-01 0.000000000000000000e+00 -3.181524588472335324e+00 -7.081039476264131549e-01 -2.542173516221265750e+00 4.215510607799116016e+00 0.000000000000000000e+00
0.000000000000000000e+00 0.000000000000000000e+00 0.000000000000000000e+00 0.000000000000000000e+00 0.000000000000000000e+00 0.000000000000000000e+00 0.000000000000000000e+00 0.000000000000000000e+00 0.000000000000000000e+00 0.000000000000000000e+00 0.000000000000000000e+00 0.000000000000000000e+00 -8.081003202987412593e+00 -3.082169842318230879e-01 0.000000000000000000e+00 1.386555947066563377e+00 -3.387549960050036946e-01 2.409694438071931788e-01 0.000000000000000000e+00 0.000000000000000000e+00 -4.610185518627364587e+00 0.000000000000000000e+00 -1.054946146335395074e+00 3.945241472058710563e+00 0.000000000000000000e+00
0.000000000000000000e+00 0.000000000000000000e+00 0.000000000000000000e+00 0.000000000000000000e+00 0.000000000000000000e+00 0.000000000000000000e+00 0.000000000000000000e+00 0.000000000000000000e+00 0.000000000000000000e+00 0.000000000000000000e+00 -7.118169734986709685e+00 4.242263204045031877e+00 5.427889605991014221e+00 4.236950694668547790e+00 0.000000000000000000e+00 3.456952106872201558e+00 3.540598468825634448e+00 3.443943165321406319e+00 3.735924244750933987e+00 0.000000000000000000e+00 1.014346738152823058e+01 -7.350736123975917025e+00 9.810373879637825922e+00 -6.812629601201519058e+00 0.000000000000000000e+00
0.000000000000000000e+00 0.000000000000000000e+00 0.000000000000000000e+00 0.000000000000000000e+00 0.000000000000000000e+00 0.000000000000000000e+00 0.000000000000000000e+00 0.000000000000000000e+00 0.000000000000000000e+00 0.000000000000000000e+00 5.689828179441087208e+00 3.965750830150616135e-01 0.000000000000000000e+00 2.369490074357145093e-01 0.000000000000000000e+00 0.000000000000000000e+00 -3.358922915138928822e-01 -1.962089632669988593e+00 -2.660794657713815847e-01 0.000000000000000000e+00 -1.867676665792182833e+00 1.059672044053608708e+00 -3.078321301151897060e+00 8.007904603055173709e+00 0.000000000000000000e+00
0.000000000000000000e+00 0.000000000000000000e+00 0.000000000000000000e+00 0.000000000000000000e+00 0.000000000000000000e+00 0.000000000000000000e+00 0.000000000000000000e+00 0.000000000000000000e+00 0.000000000000000000e+00 0.000000000000000000e+00 0.000000000000000000e+00 0.000000000000000000e+00 0.000000000000000000e+00 0.000000000000000000e+00 0.000000000000000000e+00 7.476721210127751149e+00 5.992334914626048281e+00 4.541978530348920629e+00 5.786070150182706762e+00 0.000000000000000000e+00 4.491750481614754875e+00 6.939479378374764806e+00 2.812462164192464975e+00 1.959203170532584748e+00 0.000000000000000000e+00
0.000000000000000000e+00 0.000000000000000000e+00 0.000000000000000000e+00 0.000000000000000000e+00 0.000000000000000000e+00 -2.510910747304150314e-01 0.000000000000000000e+00 0.000000000000000000e+00 0.000000000000000000e+00 0.000000000000000000e+00 -2.605882842304265701e-01 0.000000000000000000e+00 0.000000000000000000e+00 0.000000000000000000e+00 -2.422040500189349965e-01 -2.358146798280932044e-01 -1.552784620002386207e-01 0.000000000000000000e+00 0.000000000000000000e+00 -1.170508618304721971e+00 6.838234317218115921e-01 1.046329738535037857e+00 0.000000000000000000e+00 9.543616606303192418e-01 0.000000000000000000e+00
0.000000000000000000e+00 0.000000000000000000e+00 0.000000000000000000e+00 0.000000000000000000e+00 0.000000000000000000e+00 -1.514243813449139253e+01 0.000000000000000000e+00 -1.154722719083896454e+00 -5.495880812065955467e+00 -1.462883525231880277e+01 -1.490385233587605285e+01 -1.210954384578376120e+00 -6.386155971772989659e+00 -1.254280197621927551e+00 -1.424467518268006927e+01 -1.444964538876111426e+01 -1.152344935171799989e+01 -1.024645588249242234e+00 -1.077091340881024273e+01 -1.779076130837697178e+01 -1.242479025325639519e+01 -9.659504863523729057e-01 -1.069547904336631916e+01 -9.599428870038030359e-01 -9.523261303811443312e+00
