# yaw
0.000000000000000000e+00 0.000000000000000000e+00 0.000000000000000000e+00 0.000000000000000000e+00 0.000000000000000000e+00 2.323604493951353689e+01 0.000000000000000000e+00 -9.399956489311076524e+00 -1.791700057056293360e+01 4.410912643837999525e+00 -1.572041951543115879e+01 -1.994386430443431024e+01 -3.000000000000000000e+01 3.000000000000000000e+01 3.000000000000000000e+01 3.000000000000000000e+01 3.000000000000000000e+01 8.412560365056986456e+00 -1.532692292111398835e+01 3.000000000000000000e+01 3.000000000000000000e+01 1.816834355900385134e+01 3.047448480785574176e+00 -5.694349140752867022e+00 3.000000000000000000e+01
0.000000000000000000e+00 0.000000000000000000e+00 0.000000000000000000e+00 0.000000000000000000e+00 0.000000000000000000e+00 1.837216525277683488e+01 0.000000000000000000e+00 -6.350821126198209932e+00 -1.640434066366495003e+01 1.326696230773128349e+01 2.517528839285230635e+00 3.202032451203914665e+00 2.286230134924965629e+00 2.763090935402211556e+01 2.737410901788272710e+01 3.000000000000000000e+01 2.852604791700938236e+01 -1.116111780674225606e+01 1.019825000634720702e+01 3.000000000000000000e+01 2.114089695781682465e+01 -2.465102841239837250e+00 -1.256100687146287243e+01 5.277640879466337864e+00 2.505608554809507638e+01
0.000000000000000000e+00 0.000000000000000000e+00 0.000000000000000000e+00 0.000000000000000000e+00 0.000000000000000000e+00 2.762746906473183550e+00 0.000000000000000000e+00 1.255828741957596684e+01 -2.464288515933634827e+01 1.411499305687135397e+01 2.255982803206711651e+01 2.907541985884085278e+01 2.657068194695946062e+01 1.417304664046296026e+01 1.529219260396141244e+01 2.117739034711093637e+01 2.287461407134386349e+01 2.553832960595812551e+01 -2.946088513239037976e-01 2.630600241049337740e+01 9.827471488108333375e+00 -1.505493570653892554e+01 -2.854693377323630443e+01 1.047017630397283483e+01 2.752533455846417709e+01
0.000000000000000000e+00 0.000000000000000000e+00 0.000000000000000000e+00 0.000000000000000000e+00 0.000000000000000000e+00 0.000000000000000000e+00 0.000000000000000000e+00 1.287331987659730181e+01 -2.442996159722593319e+01 1.228126468473691091e+01 2.257500952610659795e+01 1.352063421595307524e+01 1.880094382498452177e+01 -4.609144661187265513e-01 2.735519146141066393e+00 8.392679635146244266e+00 1.512060726032452251e+01 1.162562205860527520e+01 -1.916430176731418911e+01 2.290385944303029575e+01 1.908904344973746614e+00 -2.528485536433536396e+01 2.530659135465221610e+01 -3.021674507315048164e+00 1.627742919936466848e+01
0.000000000000000000e+00 0.000000000000000000e+00 0.000000000000000000e+00 0.000000000000000000e+00 0.000000000000000000e+00 0.000000000000000000e+00 0.000000000000000000e+00 1.344679539213157504e+01 2.885939501415401764e+01 6.862030014904930475e+00 -7.935326519934131184e+00 6.393115729247277335e-01 7.858507268721022676e+00 2.501571994951816436e+01 -1.104761296670750781e+01 7.308632532612443278e+00 7.004233695722195563e+00 -2.349411746407554791e+00 1.164738599616390502e+01 5.278501743198459550e+00 0.000000000000000000e+00 3.000000000000000000e+01 2.619034453439693522e+01 2.346318284116241326e+00 9.866170420230544025e+00
0.000000000000000000e+00 0.000000000000000000e+00 0.000000000000000000e+00 0.000000000000000000e+00 0.000000000000000000e+00 0.000000000000000000e+00 0.000000000000000000e+00 9.553904313263226200e+00 2.609847660457061025e+01 5.676762902474165040e-01 -8.317181983754736052e+00 -8.513184305522537798e+00 -3.897786005220182926e+00 7.186220669834789021e+00 -2.435832108954726039e+01 0.000000000000000000e+00 3.900195134129226027e+00 2.752238287614526868e+01 -1.546055916925517515e+01 -2.103804381854471828e+00 0.000000000000000000e+00 2.262788597331615392e+01 1.874128782888857359e+01 -1.019696650757274270e+01 2.420817105567830296e+01
0.000000000000000000e+00 0.000000000000000000e+00 0.000000000000000000e+00 0.000000000000000000e+00 0.000000000000000000e+00 0.000000000000000000e+00 0.000000000000000000e+00 3.186251039657737483e+00 3.000000000000000000e+01 0.000000000000000000e+00 -3.000000000000000000e+01 -1.156875736668576771e+01 -2.397759341849257808e+01 -3.809477163364253238e-01 2.874848953924185579e+01 0.000000000000000000e+00 0.000000000000000000e+00 3.868673598341602293e+00 -1.113176870904494820e+01 -1.839820188372242526e+01 0.000000000000000000e+00 1.084350286794437679e+01 1.089938901180514064e+00 -1.147251114647473536e+01 -7.274746559872265206e-02
0.000000000000000000e+00 0.000000000000000000e+00 0.000000000000000000e+00 0.000000000000000000e+00 0.000000000000000000e+00 0.000000000000000000e+00 0.000000000000000000e+00 6.670980353802277718e-02 1.947856532863527335e+01 -6.021244015161811847e-01 2.738107285744357711e+01 1.620141111357983021e+01 -2.454828020628784557e+01 -8.899461817161858690e+00 2.283443379540290863e+01 0.000000000000000000e+00 0.000000000000000000e+00 2.825102196698054513e+01 1.419713058172575693e+01 1.575730867635632571e+01 0.000000000000000000e+00 1.260446558301446807e+01 -1.464461422205484098e+01 2.161365474729760194e+01 1.034306431003436799e+01
0.000000000000000000e+00 0.000000000000000000e+00 0.000000000000000000e+00 0.000000000000000000e+00 0.000000000000000000e+00 0.000000000000000000e+00 0.000000000000000000e+00 -7.929573844697878071e-01 7.857575839189009592e+00 -1.292344524212303369e+01 1.893552316681018510e+01 4.369658005813499280e+00 2.411077727320450848e+01 -1.950155823482675643e+01 1.594472581470371964e+01 0.000000000000000000e+00 0.000000000000000000e+00 1.310587788830939182e+01 -1.721587907085155678e+01 7.302781648702375783e+00 0.000000000000000000e+00 2.168910609889885266e-01 5.300762620955081772e+00 1.060708701749508265e+00 2.234302413515695562e+01
0.000000000000000000e+00 0.000000000000000000e+00 0.000000000000000000e+00 0.000000000000000000e+00 0.000000000000000000e+00 0.000000000000000000e+00 0.000000000000000000e+00 -9.565987664054903306e+00 -1.123809816744160806e+00 -1.907218971676287111e+01 1.020049834691753432e+01 0.000000000000000000e+00 4.559842757461877838e+00 2.502642170579999359e+01 2.541907073835142583e+01 0.000000000000000000e+00 0.000000000000000000e+00 -1.054124300396282088e+01 2.541618943471676317e+01 -1.160995113146128155e+01 0.000000000000000000e+00 0.000000000000000000e+00 -1.740381802890852114e+01 1.841267996280680208e+01 -2.119972828490840566e+00
0.000000000000000000e+00 0.000000000000000000e+00 0.000000000000000000e+00 0.000000000000000000e+00 0.000000000000000000e+00 0.000000000000000000e+00 0.000000000000000000e+00 -1.148673328903103652e+01 -1.034796574552265902e+01 -2.106909483109715708e+01 -1.003390789926667281e+01 0.000000000000000000e+00 -1.569588053682480577e+01 -2.135532807492364071e-01 -2.966702447616901495e+00 0.000000000000000000e+00 0.000000000000000000e+00 1.110057769193023880e+01 2.040106257218199914e+01 8.825578013155281454e+00 0.000000000000000000e+00 0.000000000000000000e+00 8.993552319920441462e+00 -4.926020995941329694e+00 7.177103475737853344e+00
0.000000000000000000e+00 0.000000000000000000e+00 0.000000000000000000e+00 0.000000000000000000e+00 0.000000000000000000e+00 0.000000000000000000e+00 0.000000000000000000e+00 5.459264773970566864e+00 -2.063480991268901477e+01 2.681255047566722283e+01 -2.498191042082306979e+01 0.000000000000000000e+00 2.755025120215771040e+01 1.345705378458460189e+01 2.753702187511402144e+01 0.000000000000000000e+00 0.000000000000000000e+00 1.039564936592250577e+00 4.450418331449373932e-01 -1.429596338006795975e+01 0.000000000000000000e+00 0.000000000000000000e+00 -1.838469127412962578e+01 2.056554370893710981e+01 2.431504235339970776e+01
0.000000000000000000e+00 -2.559577691390678075e-02 0.000000000000000000e+00 0.000000000000000000e+00 0.000000000000000000e+00 0.000000000000000000e+00 -4.208204607957355403e-02 -1.031926659160571802e+01 3.000000000000000000e+01 1.903282385294937029e+01 1.269618191350786063e+01 0.000000000000000000e+00 1.975172033005001637e+01 1.078086756391322254e+01 2.144821435666635523e+01 0.000000000000000000e+00 0.000000000000000000e+00 -6.684760367295035088e+00 -1.154569026602019832e+01 6.587606455508157488e+00 0.000000000000000000e+00 -1.072583754045459248e+00 2.051488112086277127e+01 1.259102642718657461e-01 3.799304393941771441e+00
0.000000000000000000e+00 -1.600313993286532455e+00 -3.506000748185908455e-01 0.000000000000000000e+00 0.000000000000000000e+00 0.000000000000000000e+00 -2.769992626323070084e+00 -2.302565775988139052e+01 2.391935345775868882e+01 1.472953753054309445e+01 1.537100295625233093e+00 -1.253580559508044034e-01 1.415507206474140744e+00 -4.962824173432133001e+00 4.403471928650030343e+00 0.000000000000000000e+00 0.000000000000000000e+00 -1.245664568270774986e+01 -8.235283108640265581e+00 1.547579512266656110e+01 0.000000000000000000e+00 -6.353977101927185345e+00 -4.213985469359731617e+00 -9.639399996472935328e+00 -1.909861532106296522e+01
0.000000000000000000e+00 -6.205819671220050182e+00 -5.056717330727499515e+00 -3.169946696896559502e-01 -3.763441201329178476e+00 0.000000000000000000e+00 -1.121208538304253999e+01 2.446760606470450483e+01 3.000000000000000000e+01 4.784687888544296719e+00 -1.370618400551823601e+00 -9.316607290730070545e+00 0.000000000000000000e+00 -1.059474862124618788e+01 -1.862134642719695421e+01 0.000000000000000000e+00 0.000000000000000000e+00 -1.535839138422418237e+01 -2.851564307112364460e+01 -2.041279778749196527e+00 0.000000000000000000e+00 -9.374628764531054870e+00 -1.263712402393079870e+01 -6.804854526940465220e+00 -1.400940593944142165e+01
0.000000000000000000e+00 -9.542784357963174813e+00 -8.235937172591230038e+00 -5.157935890362372433e+00 -1.347442286433723169e+01 0.000000000000000000e+00 -2.173181334347512816e+01 1.081540953018756213e+01 -3.000000000000000000e+01 -1.254264622155254827e+01 -1.201542394758283372e+01 -1.176209284901672447e+01 0.000000000000000000e+00 1.146600744175433917e+01 1.924070451957906513e+01 0.000000000000000000e+00 0.000000000000000000e+00 -2.259620796153291522e+01 -3.000000000000000000e+01 9.364480623653452795e+00 0.000000000000000000e+00 -1.679118886097785079e+01 -2.015666687054675421e+01 -1.005509237139125922e+01 5.950244075690361178e+00
0.000000000000000000e+00 -1.489338480100943940e+01 -2.054986970087886178e+01 -1.299529713417261512e+01 -1.815634443755345373e+01 0.000000000000000000e+00 -2.303920191820935770e+01 4.523728150070176479e-01 -2.877529114544875100e+01 -2.096309391946633838e+01 -2.209849931989860394e+01 -2.456415489484647097e+01 0.000000000000000000e+00 -3.351964938680249251e+00 4.014811691067317612e-01 0.000000000000000000e+00 0.000000000000000000e+00 -2.851747916054823406e+01 -2.934851168650833486e+01 -5.994860660440613387e+00 0.000000000000000000e+00 -2.210848602968992438e+01 -2.368919882898705964e+01 -1.931619594648325489e+01 -1.834580554913434725e+01
0.000000000000000000e+00 -1.313690753437106906e+01 -3.000000000000000000e+01 -1.983892850038695599e+01 -2.599868604463976496e+01 0.000000000000000000e+00 -3.000000000000000000e+01 0.000000000000000000e+00 -2.260481626747611728e+01 -2.456567560345321155e+01 1.533167642699612188e+01 -2.176112461526389552e+01 0.000000000000000000e+00 -2.123174123914975198e+01 1.022902641453683792e+01 0.000000000000000000e+00 0.000000000000000000e+00 -2.888738825679216760e+01 -3.000000000000000000e+01 9.421721874652771334e+00 0.000000000000000000e+00 -2.714850743695874868e+01 -3.000000000000000000e+01 -2.795754298338642130e+01 -2.793263727517675576e+01
0.000000000000000000e+00 1.662961857719410830e+01 3.000000000000000000e+01 2.877178692098891233e+01 3.000000000000000000e+01 0.000000000000000000e+00 3.000000000000000000e+01 -6.722991784116620906e-01 -2.411564499411056062e+01 3.000000000000000000e+01 1.076375427836868859e+01 1.765612410405570376e+00 -7.774779054784388244e+00 9.147758612928440058e+00 -2.617994879118477947e+00 0.000000000000000000e+00 0.000000000000000000e+00 3.000000000000000000e+01 3.000000000000000000e+01 0.000000000000000000e+00 0.000000000000000000e+00 3.000000000000000000e+01 3.000000000000000000e+01 3.000000000000000000e+01 3.000000000000000000e+01
0.000000000000000000e+00 1.902969375217320191e+01 3.000000000000000000e+01 1.653240868364598981e+01 2.283068666398796864e+01 0.000000000000000000e+00 3.000000000000000000e+01 -6.801256281610021048e+00 -3.000000000000000000e+01 2.778742205559056089e+01 -5.045371502121783536e+00 3.000000000000000000e+01 -1.289079208911410568e+01 7.555363587493884481e+00 -4.756985188401031017e+00 0.000000000000000000e+00 0.000000000000000000e+00 3.000000000000000000e+01 3.000000000000000000e+01 -1.116743065606575769e+00 0.000000000000000000e+00 2.646268015771844162e+01 2.652067703945457922e+01 2.528706000091683492e+01 2.648574608873261127e+01
0.000000000000000000e+00 1.899342999878693661e+01 2.155262947715935340e+01 1.550018283104208727e+01 1.698886581508297056e+01 0.000000000000000000e+00 2.507351249675319593e+01 -1.033566987536990922e+01 3.000000000000000000e+01 2.173949504281204170e+01 -2.411395306093197277e+01 2.389941291024926073e+01 -2.496107998999850253e+01 4.019946704272826105e-02 -1.208961557970208389e+01 0.000000000000000000e+00 0.000000000000000000e+00 2.036619413463468931e+01 2.970255250140230174e+01 -1.649193876160988737e+01 0.000000000000000000e+00 2.053510857181695215e+01 2.206630727009301651e+01 1.950581398677590883e+01 2.087277689832650296e+01
0.000000000000000000e+00 1.116535084043480630e+01 1.904910648928596828e+01 1.295214681267135326e+01 -1.242676563387232314e+01 0.000000000000000000e+00 2.266888236506500931e+01 -3.000000000000000000e+01 2.687463628532782423e+01 5.469705788400583302e+00 9.426411883745313691e-01 2.410271060117332453e+01 -3.000000000000000000e+01 0.000000000000000000e+00 2.377427914906128592e+01 0.000000000000000000e+00 0.000000000000000000e+00 2.543539448434408712e+01 2.380606070975422028e+01 -1.688378222929734918e+01 0.000000000000000000e+00 1.763747182310923378e+01 7.849347951210611463e+00 1.208298824290588946e+01 1.890455197548114441e+01
0.000000000000000000e+00 8.906029941099740554e+00 6.725477074738309469e+00 -9.087878784177474856e+00 -2.809307998413637364e+01 0.000000000000000000e+00 1.597536502878951126e+01 3.000000000000000000e+01 -2.983847319063916093e+00 2.239010723915855650e+01 2.419232980880926220e+01 1.146025439101695653e+01 3.000000000000000000e+01 -1.148044863499289470e+01 8.877081041209137879e+00 0.000000000000000000e+00 0.000000000000000000e+00 1.619352983518403022e+01 2.872851374966055804e+00 3.000000000000000000e+01 0.000000000000000000e+00 3.463057849571086422e+00 1.697849339643342859e+01 8.870690940572190542e+00 1.566816609808531702e+01
0.000000000000000000e+00 0.000000000000000000e+00 0.000000000000000000e+00 0.000000000000000000e+00 0.000000000000000000e+00 0.000000000000000000e+00 0.000000000000000000e+00 0.000000000000000000e+00 0.000000000000000000e+00 0.000000000000000000e+00 0.000000000000000000e+00 0.000000000000000000e+00 0.000000000000000000e+00 0.000000000000000000e+00 0.000000000000000000e+00 0.000000000000000000e+00 0.000000000000000000e+00 0.000000000000000000e+00 0.000000000000000000e+00 0.000000000000000000e+00 0.000000000000000000e+00 0.000000000000000000e+00 0.000000000000000000e+00 0.000000000000000000e+00 0.000000000000000000e+00
0.000000000000000000e+00 0.000000000000000000e+00 0.000000000000000000e+00 0.000000000000000000e+00 0.000000000000000000e+00 0.000000000000000000e+00 0.000000000000000000e+00 0.000000000000000000e+00 0.000000000000000000e+00 0.000000000000000000e+00 0.000000000000000000e+00 0.000000000000000000e+00 0.000000000000000000e+00 0.000000000000000000e+00 0.000000000000000000e+00 0.000000000000000000e+00 0.000000000000000000e+00 0.000000000000000000e+00 0.000000000000000000e+00 0.000000000000000000e+00 0.000000000000000000e+00 0.000000000000000000e+00 0.000000000000000000e+00 0.000000000000000000e+00 0.000000000000000000e+00
0.000000000000000000e+00 0.000000000000000000e+00 0.000000000000000000e+00 0.000000000000000000e+00 0.000000000000000000e+00 0.000000000000000000e+00 0.000000000000000000e+00 0.000000000000000000e+00 0.000000000000000000e+00 0.000000000000000000e+00 0.000000000000000000e+00 0.000000000000000000e+00 0.000000000000000000e+00 0.000000000000000000e+00 0.000000000000000000e+00 0.000000000000000000e+00 0.000000000000000000e+00 0.000000000000000000e+00 0.000000000000000000e+00 0.000000000000000000e+00 0.000000000000000000e+00 0.000000000000000000e+00 0.000000000000000000e+00 0.000000000000000000e+00 0.000000000000000000e+00
0.000000000000000000e+00 0.000000000000000000e+00 -2.233045452245431051e+01 3.000000000000000000e+01 -2.515979091990954331e+01 0.000000000000000000e+00 -1.646521400005067903e+01 -1.110407131504831213e+01 -2.168382496010883997e+01 -1.424956313375939976e+00 -1.529926404982423627e+01 -2.405802373856670329e+01 2.106781185254342503e+01 1.228807036222113513e+00 2.062372214094759926e+01 0.000000000000000000e+00 0.000000000000000000e+00 0.000000000000000000e+00 0.000000000000000000e+00 -7.281183438657042650e+00 0.000000000000000000e+00 0.000000000000000000e+00 0.000000000000000000e+00 0.000000000000000000e+00 0.000000000000000000e+00
0.000000000000000000e+00 0.000000000000000000e+00 -3.000000000000000000e+01 2.613026024756460686e+01 3.000000000000000000e+01 0.000000000000000000e+00 2.631382151205087894e+01 1.136177066522128420e+01 3.000000000000000000e+01 1.563313068561101815e+01 3.000000000000000000e+01 3.000000000000000000e+01 1.373182569347117354e+00 -2.079570770061355489e+01 -1.284854856771357490e+01 0.000000000000000000e+00 0.000000000000000000e+00 0.000000000000000000e+00 0.000000000000000000e+00 1.306078570543241923e+01 0.000000000000000000e+00 0.000000000000000000e+00 0.000000000000000000e+00 0.000000000000000000e+00 0.000000000000000000e+00
0.000000000000000000e+00 -7.624843258154081482e+00 3.000000000000000000e+01 2.177664067429697070e+01 2.412996336420635046e+01 0.000000000000000000e+00 1.171147786876112917e+01 -2.293318314870356478e-01 2.249399082727402899e+01 -1.688592341443625600e+01 1.604923997545559544e+01 2.303969289419104172e+01 3.000000000000000000e+01 2.390258963334304454e+01 1.595227022992996702e+01 0.000000000000000000e+00 0.000000000000000000e+00 0.000000000000000000e+00 0.000000000000000000e+00 1.071105255716248905e+01 0.000000000000000000e+00 0.000000000000000000e+00 0.000000000000000000e+00 0.000000000000000000e+00 0.000000000000000000e+00
0.000000000000000000e+00 -1.519587147953096107e+01 2.166618429285319891e+01 1.765051261391876736e+01 2.296677814527868122e+01 0.000000000000000000e+00 -1.145651125432835471e+01 7.496837593105808217e+00 9.010779870075446008e-01 -1.421056986870766092e+00 -1.287904121453115813e+01 1.455826434820336246e+01 1.834045051237755430e+01 8.855076146885890509e+00 -1.259290508541949194e+01 0.000000000000000000e+00 0.000000000000000000e+00 0.000000000000000000e+00 0.000000000000000000e+00 1.196140044196890173e+01 0.000000000000000000e+00 0.000000000000000000e+00 0.000000000000000000e+00 0.000000000000000000e+00 0.000000000000000000e+00
0.000000000000000000e+00 -2.275096982692942760e+01 2.302109568515943749e+01 1.209917716546698330e+01 1.549093035987969991e+00 0.000000000000000000e+00 -2.147769609016654968e+01 -8.065934216343045193e+00 1.495841085016327909e+01 6.357038507927633475e+00 2.004356455436319706e+01 -1.275609425625986670e+00 -4.053552307347389139e+00 -1.045324931014611813e+01 1.495250303932271052e+01 0.000000000000000000e+00 0.000000000000000000e+00 0.000000000000000000e+00 0.000000000000000000e+00 1.159987973717565790e+00 0.000000000000000000e+00 0.000000000000000000e+00 0.000000000000000000e+00 0.000000000000000000e+00 0.000000000000000000e+00
0.000000000000000000e+00 3.000000000000000000e+01 5.571982157863377694e+00 -1.265636628766544725e+01 1.361567337578390435e-01 -1.343693818763117331e+00 -3.000000000000000000e+01 2.109044002533448747e+01 -5.800344255057418685e+00 -1.356196461234752348e+01 1.293913897046169303e+01 8.992997297657391087e+00 2.068038206003478052e+01 -7.105708976619145467e+00 -6.274763919975893778e+00 -2.655319386827600936e-01 0.000000000000000000e+00 0.000000000000000000e+00 0.000000000000000000e+00 -5.484752205808066883e+00 0.000000000000000000e+00 0.000000000000000000e+00 0.000000000000000000e+00 0.000000000000000000e+00 0.000000000000000000e+00
0.000000000000000000e+00 2.943558415216834945e+01 -3.518184303271032487e-01 2.108841038057200468e+00 -1.680663388115972268e+01 -5.173749021007234994e+00 2.704989746315100163e+01 -8.922518836902543882e+00 1.614479544106502473e+01 1.262719083715353996e+01 -1.821858899370756735e+00 -9.464798214833396450e-01 4.848577304318035797e-04 -8.994397445421043358e+00 -1.959322249295441054e+01 -7.489708124768276853e+00 -6.011809230893816469e-02 0.000000000000000000e+00 0.000000000000000000e+00 -8.625715624595434505e+00 0.000000000000000000e+00 0.000000000000000000e+00 0.000000000000000000e+00 0.000000000000000000e+00 0.000000000000000000e+00
-2.051398485149293904e+00 1.701747523554294972e+01 -2.217639867512676943e+01 7.108456778408847931e+00 -1.278307697280844124e+01 -1.283889591282423126e+01 8.764480961874630438e+00 1.382101463588027990e+01 -6.023177295195822012e+00 -8.188219571462584057e+00 -1.566167365395902422e+01 9.447197338889090190e+00 -1.565276563267195442e+01 -1.683103620468655492e+01 2.660580790230169157e+01 -8.267017177274809114e+00 -9.513196504137610532e+00 0.000000000000000000e+00 0.000000000000000000e+00 -1.191978216782886335e+01 0.000000000000000000e+00 0.000000000000000000e+00 0.000000000000000000e+00 0.000000000000000000e+00 0.000000000000000000e+00
-1.276520542363930666e+01 4.667428418435615178e+00 1.035764828794218317e+01 -4.437056773359396189e+00 -2.420478153993579795e+01 -2.049118494508854837e+01 -1.745644352707712343e+01 -7.484140987860766536e+00 1.365717582379402373e+01 -1.533415762648882108e+01 2.353766244341892033e+01 -3.529540108086848704e+00 3.821970385228548484e+00 -2.430753705241503226e+01 -1.507592013438341461e+01 -1.362074882821601385e+01 -1.925186601451311930e+01 0.000000000000000000e+00 0.000000000000000000e+00 -1.497534311430333354e+01 0.000000000000000000e+00 0.000000000000000000e+00 0.000000000000000000e+00 0.000000000000000000e+00 0.000000000000000000e+00
-1.760287216353508555e+01 -1.253166522276115558e+01 -1.946703768549523872e+01 1.381317970909162263e+01 -2.763359940235525869e+01 -2.822715679259057708e+01 -1.714692229924138900e+01 1.062710871335700169e+01 -5.618081873438044660e+00 -2.116798749534254398e+01 1.567552944936289983e+01 -2.062606592002434880e+01 -1.789965062314799127e+01 -2.970095136965219496e+01 -2.474131037874699146e+01 -1.922896686706506841e+01 -2.939616509032057934e+01 0.000000000000000000e+00 0.000000000000000000e+00 -2.348905558218823231e+01 0.000000000000000000e+00 0.000000000000000000e+00 0.000000000000000000e+00 0.000000000000000000e+00 0.000000000000000000e+00
2.966754493804361914e+01 -2.693256510928511815e+01 1.991493250619168975e+01 -7.801249344345077219e+00 3.000000000000000000e+01 3.000000000000000000e+01 -2.495012035331362554e+01 -5.149407997363800504e+00 2.282089896612597357e+01 3.000000000000000000e+01 1.520098261332594847e+00 1.124876679029886795e+01 -3.000000000000000000e+01 3.000000000000000000e+01 3.000000000000000000e+01 2.557072088195387494e+01 3.000000000000000000e+01 0.000000000000000000e+00 0.000000000000000000e+00 1.886008993344624685e+01 0.000000000000000000e+00 0.000000000000000000e+00 0.000000000000000000e+00 0.000000000000000000e+00 0.000000000000000000e+00
1.767833706311344955e+01 -2.432719053068496251e+01 -2.020866891903873253e+01 -3.338287014045639545e+00 2.314489099062794963e+01 2.736698169088835897e+01 3.000000000000000000e+01 3.000000000000000000e+01 3.474868139367415232e+00 1.841745687884011318e+01 -1.304444247342726548e+01 -1.519941115243414664e+01 -3.000000000000000000e+01 2.989541377217614126e+01 2.107983290633767126e+01 1.804199090992386090e+01 2.418103087781678795e+01 0.000000000000000000e+00 0.000000000000000000e+00 1.679454939620192278e+01 0.000000000000000000e+00 0.000000000000000000e+00 0.000000000000000000e+00 0.000000000000000000e+00 0.000000000000000000e+00
1.135032340017324515e+01 2.391545041466580201e+01 2.228330140666541581e+01 -9.898874108333419741e+00 1.701124624095858096e+01 3.000000000000000000e+01 2.149664817580167053e+01 1.151976969725368249e+01 -1.868373002353186152e+01 9.284273300664928286e+00 -1.950926599658688332e+01 2.745445305002409242e+01 3.000000000000000000e+01 2.012003892269565242e+01 1.749350093036764875e+01 6.879250416070733287e+00 1.566948392541277890e+01 0.000000000000000000e+00 0.000000000000000000e+00 9.114732044359836749e+00 0.000000000000000000e+00 0.000000000000000000e+00 0.000000000000000000e+00 0.000000000000000000e+00 0.000000000000000000e+00
-4.872299495762696608e+00 1.586358976662684306e+01 2.933329345194653115e+01 -2.468485498433542347e+01 1.420867789815614302e+01 2.067244521232426280e+01 1.928122716684708493e+01 -7.507929261904552121e+00 -4.864342004312531387e+00 1.198520659216033346e+00 2.638540299032097636e+01 9.431124148669422169e+00 1.102097099329477103e+01 5.274554280143692431e+00 9.462351206227189948e+00 -1.630205531462749491e+01 1.444099809812041002e+00 0.000000000000000000e+00 0.000000000000000000e+00 7.860579835576882779e+00 0.000000000000000000e+00 0.000000000000000000e+00 0.000000000000000000e+00 0.000000000000000000e+00 0.000000000000000000e+00
1.762428624654697629e+00 9.387296010708672256e+00 1.881251865801307588e+01 3.000000000000000000e+01 9.068703857437892424e+00 4.244914804244866779e+00 1.246197417787824335e+01 8.018596269184035563e+00 -2.352934921040825955e+01 0.000000000000000000e+00 1.428675672015954135e+01 -5.026724147645563079e+00 -1.066006056989313500e+01 2.246728600436555645e+00 2.290458875700969621e+00 2.463411282663481217e+01 -8.259296220018057966e+00 0.000000000000000000e+00 0.000000000000000000e+00 3.709387682427948807e+00 0.000000000000000000e+00 0.000000000000000000e+00 0.000000000000000000e+00 0.000000000000000000e+00 0.000000000000000000e+00
-1.863436938225254735e+01 -1.294811417028871503e+01 2.397690552080440440e+01 1.945017577359593730e+01 2.189771373067626037e+00 1.185859428422277873e+01 -9.243353107029431470e+00 -5.684002857160628253e+00 3.000000000000000000e+01 0.000000000000000000e+00 -1.811944749908610097e+00 1.467065173989021698e+00 5.542696229336376845e+00 0.000000000000000000e+00 5.339878562055664357e-01 8.308465505040484089e+00 -1.680179754753398669e+01 0.000000000000000000e+00 0.000000000000000000e+00 3.399164188068932307e-02 0.000000000000000000e+00 0.000000000000000000e+00 0.000000000000000000e+00 0.000000000000000000e+00 0.000000000000000000e+00
-2.268450316695885860e+01 -7.713658412019832156e+00 7.927803240418339392e+00 1.240245525640993840e+01 0.000000000000000000e+00 7.343268806591358278e+00 -8.713133220560399517e-01 -1.403589256974187371e+01 3.000000000000000000e+01 0.000000000000000000e+00 -1.853604104580234591e+01 -1.564892987025168658e+01 -1.705970175410306666e+01 0.000000000000000000e+00 0.000000000000000000e+00 -1.132555116439202436e+01 2.098518752834665335e+01 0.000000000000000000e+00 0.000000000000000000e+00 0.000000000000000000e+00 0.000000000000000000e+00 0.000000000000000000e+00 0.000000000000000000e+00 0.000000000000000000e+00 0.000000000000000000e+00
2.379750123882821100e+01 1.102508286864495446e+01 2.007157439211764149e-01 2.511601362674333426e+00 0.000000000000000000e+00 -6.691799175055241022e+00 1.024952530174218168e+01 1.078610681938000582e+01 2.480210197513302006e+01 0.000000000000000000e+00 1.911818654656557470e+01 2.336275373013802437e+01 1.177755380292648368e+01 0.000000000000000000e+00 0.000000000000000000e+00 2.478682047744737815e+01 1.440971344881708127e+01 0.000000000000000000e+00 0.000000000000000000e+00 0.000000000000000000e+00 0.000000000000000000e+00 0.000000000000000000e+00 0.000000000000000000e+00 0.000000000000000000e+00 0.000000000000000000e+00
1.491238247543729578e+01 1.290718014956437543e+01 -7.359661886723297464e+00 -8.368610165032512427e+00 0.000000000000000000e+00 -1.420443864285172997e-01 3.070556639208364302e+00 -1.662243216029695247e+01 1.065070667056228615e+01 0.000000000000000000e+00 2.199499557306546116e+00 1.347548205382739006e+01 1.033721300117055542e+01 0.000000000000000000e+00 0.000000000000000000e+00 9.541323252687041290e+00 -1.460947665921064731e+00 0.000000000000000000e+00 0.000000000000000000e+00 0.000000000000000000e+00 0.000000000000000000e+00 0.000000000000000000e+00 0.000000000000000000e+00 0.000000000000000000e+00 0.000000000000000000e+00
-6.832714228618929297e+00 1.611791005357617479e+01 -5.135805735616579604e+00 -1.739681454680232520e+01 0.000000000000000000e+00 1.663123249289014538e+01 -1.613097987007317613e+01 1.985379957409847407e+01 0.000000000000000000e+00 0.000000000000000000e+00 -2.093481637890090852e+01 6.238159094844469621e+00 -6.327533510642637360e+00 0.000000000000000000e+00 0.000000000000000000e+00 -8.555291278087498341e+00 -1.926927133154318383e+01 0.000000000000000000e+00 0.000000000000000000e+00 0.000000000000000000e+00 0.000000000000000000e+00 0.000000000000000000e+00 0.000000000000000000e+00 0.000000000000000000e+00 0.000000000000000000e+00
-2.318255577900847086e+01 -3.739613745349630314e+00 -6.956203178770599571e+00 -2.285558688704564645e+01 0.000000000000000000e+00 -1.025103189075950461e+01 -2.204182059283330375e+01 -1.218235759179839395e+00 0.000000000000000000e+00 0.000000000000000000e+00 1.358551192197030844e+01 4.830365571405588199e+00 9.484301163922417288e+00 0.000000000000000000e+00 0.000000000000000000e+00 -1.318041887514346699e+00 1.882202842109957786e+01 0.000000000000000000e+00 0.000000000000000000e+00 0.000000000000000000e+00 0.000000000000000000e+00 0.000000000000000000e+00 0.000000000000000000e+00 0.000000000000000000e+00 0.000000000000000000e+00
-3.047131200240964510e+00 1.253374665760355988e+01 -2.068117269436878303e+01 2.657401837933506172e+01 0.000000000000000000e+00 5.625011122361110338e+00 3.000000000000000000e+01 -4.469601880905665681e+00 0.000000000000000000e+00 0.000000000000000000e+00 2.665123301250436327e+01 -1.397820105634637144e+01 -8.534767883818936696e+00 0.000000000000000000e+00 0.000000000000000000e+00 2.155148728985495055e+01 -2.072766239589965753e+00 0.000000000000000000e+00 0.000000000000000000e+00 0.000000000000000000e+00 0.000000000000000000e+00 0.000000000000000000e+00 0.000000000000000000e+00 0.000000000000000000e+00 0.000000000000000000e+00
1.622839213011320680e+01 -1.149766408925336947e+01 3.000000000000000000e+01 1.909404696164434156e+01 0.000000000000000000e+00 8.281163273333726593e+00 1.772516023004840235e+01 9.815516194919098325e+00 -5.029680433034797726e-01 0.000000000000000000e+00 1.075461520683106365e+01 6.082527910095606671e+00 2.148529854645246573e+01 0.000000000000000000e+00 0.000000000000000000e+00 5.097155388574166501e+00 2.575337438952410807e+01 -3.376690452576688178e-02 -3.516016578893040645e+00 0.000000000000000000e+00 -1.614661116388791617e+00 -6.160666101414015827e+00 -4.064098326691541890e-02 -2.320877947688451334e-02 0.000000000000000000e+00
3.452122561225114072e+00 -2.107814181159981359e+01 2.927218933440995841e+01 8.213918442404878562e+00 0.000000000000000000e+00 5.168164767946268334e+00 -4.881306083205465107e+00 4.991635756423195430e-02 -5.175734699513713899e+00 0.000000000000000000e+00 -1.204084362996613677e+01 -8.150914034746095993e+00 4.008473231662851965e+00 0.000000000000000000e+00 0.000000000000000000e+00 4.663120824728626879e+00 2.138348676475193599e+01 -5.965349804126529598e+00 -8.110080867381199710e+00 0.000000000000000000e+00 -7.854361580268687248e+00 -1.193258763201992245e+01 -2.692846895706084709e+00 -2.445079115234300104e+00 0.000000000000000000e+00
-1.444040462197370722e+01 2.781352253702929289e+01 1.479251119493447675e+01 -2.874939640157955445e+00 0.000000000000000000e+00 -8.903883601186059593e+00 -2.668298746569197277e+01 0.000000000000000000e+00 -1.127497091242710248e+01 0.000000000000000000e+00 1.465929794064960490e+01 1.946018827492304482e+01 -1.753319909376030949e+01 0.000000000000000000e+00 0.000000000000000000e+00 -8.048565945411876754e+00 1.740716445545726287e+01 -8.035899834556747834e+00 -1.603252682136511353e+01 0.000000000000000000e+00 -1.082922072442122996e+01 -1.666039999891093615e+01 -1.440962553708804883e+01 -2.412523952682373629e+00 0.000000000000000000e+00
-2.455857281174640505e+01 -5.177247003041409279e+00 -1.191295224345651604e+01 -1.023858115485088938e+01 0.000000000000000000e+00 -2.004796711466084602e+01 -3.000000000000000000e+01 -6.474287297827956422e-01 -2.003268626652749163e+01 0.000000000000000000e+00 -5.917137713566082979e-01 2.329057611055418420e-02 1.716398176383099639e+01 0.000000000000000000e+00 0.000000000000000000e+00 1.137224548801267687e+01 6.263844056623120160e+00 -1.365682928775571270e+01 -2.328996916325390387e+01 0.000000000000000000e+00 -1.438424553287089758e+01 -2.048400085934515857e+01 -1.950544153074109488e+01 -8.943734363541135934e+00 0.000000000000000000e+00
3.000000000000000000e+01 1.443193830645588527e+01 -2.432226518486943334e+01 -1.316424653603924888e+01 0.000000000000000000e+00 -1.629486959008035640e+01 -3.000000000000000000e+01 -7.568541063597553631e+00 -2.154354122750756062e+01 0.000000000000000000e+00 -6.108314741662358216e+00 -1.271028559585830564e+01 1.782435664469618208e-01 0.000000000000000000e+00 0.000000000000000000e+00 -6.349145822056273758e+00 -1.064604981127597050e+01 -2.251728309530770389e+01 -3.000000000000000000e+01 0.000000000000000000e+00 -1.652818237394227197e+01 -2.808726232205463802e+01 -2.668953551801195445e+01 -1.349262015409154181e+01 0.000000000000000000e+00
-2.874365958548156286e+01 -1.876250531197704063e+01 -3.000000000000000000e+01 -1.542814212343730951e+01 0.000000000000000000e+00 -2.793219107981312277e+01 -3.000000000000000000e+01 -1.961418915871907132e+01 2.737712914225999583e+01 0.000000000000000000e+00 -1.399968465708183096e+01 3.381841482625394857e+00 0.000000000000000000e+00 0.000000000000000000e+00 0.000000000000000000e+00 2.332705872308889283e+01 1.052864940824846052e+01 -3.000000000000000000e+01 -3.000000000000000000e+01 0.000000000000000000e+00 -2.405998392153167842e+01 -3.000000000000000000e+01 -3.000000000000000000e+01 -1.855849669393684209e+01 0.000000000000000000e+00
3.000000000000000000e+01 3.000000000000000000e+01 3.000000000000000000e+01 1.350304550764174927e+01 0.000000000000000000e+00 -2.092997424548163821e+01 3.000000000000000000e+01 2.979348940331490780e+01 2.437327616830928534e+01 0.000000000000000000e+00 1.836290749604035355e+01 -8.865902477120823022e+00 -3.166378292057179689e+00 0.000000000000000000e+00 0.000000000000000000e+00 3.914237885193887490e+00 -9.644864967273177880e-01 3.000000000000000000e+01 3.000000000000000000e+01 0.000000000000000000e+00 3.000000000000000000e+01 3.000000000000000000e+01 3.000000000000000000e+01 2.097226727014010450e+01 0.000000000000000000e+00
2.698888201434786893e+01 1.737055501168494231e+01 2.846999192409720436e+01 1.596674640917644261e+01 0.000000000000000000e+00 3.000000000000000000e+01 3.000000000000000000e+01 1.751139066965459890e+01 2.008069952192808927e+01 0.000000000000000000e+00 -3.167505415188961448e-01 -6.331498625677582481e+00 -2.252719538704651825e+01 0.000000000000000000e+00 0.000000000000000000e+00 6.605735467866734822e+00 -1.842719287282183416e+01 2.958517165647116443e+01 3.000000000000000000e+01 0.000000000000000000e+00 2.479619822594704459e+01 3.000000000000000000e+01 2.875147562119706635e+01 1.670680666649526458e+01 0.000000000000000000e+00
1.927434788531107301e+01 1.458294962415269147e+01 1.892130484123497070e+01 1.162764710789720723e+01 0.000000000000000000e+00 3.000000000000000000e+01 2.177377115677058228e+01 3.755630849271569982e+00 1.272282023960751651e+01 0.000000000000000000e+00 -2.297775599558239179e+01 -2.032770198084470792e+01 -3.000000000000000000e+01 0.000000000000000000e+00 0.000000000000000000e+00 1.471415541227660551e-01 -1.652309247035146456e+01 3.000000000000000000e+01 3.000000000000000000e+01 0.000000000000000000e+00 1.881728208164678051e+01 3.000000000000000000e+01 2.318026149852725126e+01 1.138321310494441896e+01 0.000000000000000000e+00
1.557087970458631787e+01 1.203712166504958070e+01 8.266785496865884042e+00 9.984205761283411196e-01 0.000000000000000000e+00 2.736372801311977554e+01 1.625026579256902437e+01 -4.357920719580763880e+00 1.267553708291160319e+01 0.000000000000000000e+00 2.548188752562195347e+01 3.000000000000000000e+01 3.000000000000000000e+01 0.000000000000000000e+00 0.000000000000000000e+00 -1.744411533134306636e+00 3.000000000000000000e+01 2.075667518149581170e+01 2.135281722436289797e+01 0.000000000000000000e+00 1.516755807656838151e+01 1.963195745399106684e+01 2.509944544110664211e+01 4.029545070258450323e+00 0.000000000000000000e+00
9.327391240409253825e+00 6.269834532614658507e+00 0.000000000000000000e+00 0.000000000000000000e+00 0.000000000000000000e+00 1.878817231058987858e+01 6.143424369820892572e+00 -4.486062649408591341e+00 -1.427141107403510356e-01 0.000000000000000000e+00 8.767713093950092684e+00 -3.000000000000000000e+01 3.000000000000000000e+01 0.000000000000000000e+00 0.000000000000000000e+00 -4.950760374349278542e-02 1.981097849038398451e+01 7.139063141010765889e+00 1.454224091893633819e+01 0.000000000000000000e+00 1.529025863874494817e+01 1.108917833164889011e+01 1.528335557753840668e+01 -1.384680514003442475e+01 0.000000000000000000e+00
2.342227798806395089e+00 1.434815676865886847e+00 0.000000000000000000e+00 0.000000000000000000e+00 0.000000000000000000e+00 1.753571917123947888e+00 0.000000000000000000e+00 1.732488888708063612e+00 -8.691591010479379875e+00 0.000000000000000000e+00 0.000000000000000000e+00 3.000000000000000000e+01 2.385398778905304340e+01 0.000000000000000000e+00 0.000000000000000000e+00 5.170762480137706341e+00 6.383112369575028033e+00 -2.503545888342026071e+00 8.078956238987963445e+00 0.000000000000000000e+00 -2.981290081100266498e+00 1.834258111844958705e+01 2.663810876140468409e+00 3.000000000000000000e+01 0.000000000000000000e+00
0.000000000000000000e+00 0.000000000000000000e+00 0.000000000000000000e+00 0.000000000000000000e+00 0.000000000000000000e+00 1.647841971230164848e+00 0.000000000000000000e+00 -1.521304391871379025e+01 -1.843371857146074788e+01 0.000000000000000000e+00 -5.103928055006568876e+00 2.295124368497397072e+01 1.990760971575710414e+01 0.000000000000000000e+00 0.000000000000000000e+00 -1.808714200854293352e+01 -2.342104677349223785e+00 2.070988988075694337e+01 -3.449991961980904520e+00 0.000000000000000000e+00 1.265995388848410386e+01 -7.456915315679135681e-01 -3.595680958567789021e-01 1.954594269180796573e+01 0.000000000000000000e+00
0.000000000000000000e+00 0.000000000000000000e+00 0.000000000000000000e+00 0.000000000000000000e+00 0.000000000000000000e+00 4.072665556279981836e-01 0.000000000000000000e+00 -2.669273903895738798e+01 -2.144346598066763576e+01 0.000000000000000000e+00 1.857622415641314362e+01 7.118711043607381939e+00 5.777075972576798613e+00 0.000000000000000000e+00 0.000000000000000000e+00 -2.879414209026875326e+01 1.600455549308101055e+01 1.684394032096266480e+00 -1.447563901442856427e+01 0.000000000000000000e+00 -1.529220080601143561e+00 6.797926577221433675e+00 -1.387178581867664739e+01 6.346307795263418150e+00 0.000000000000000000e+00
0.000000000000000000e+00 0.000000000000000000e+00 0.000000000000000000e+00 0.000000000000000000e+00 0.000000000000000000e+00 -1.005926125543673066e+01 0.000000000000000000e+00 3.000000000000000000e+01 3.000000000000000000e+01 0.000000000000000000e+00 -1.148105967391762761e+01 1.626593945493867821e+01 -1.033581151423778088e+01 0.000000000000000000e+00 0.000000000000000000e+00 -3.000000000000000000e+01 -9.943142709129679346e+00 9.108826032660930494e+00 -2.030815663243904723e+01 0.000000000000000000e+00 -1.902965944671590748e+01 -1.349492854804232422e+00 1.439998804622394779e+01 -3.313250767685700371e+00 0.000000000000000000e+00
0.000000000000000000e+00 0.000000000000000000e+00 0.000000000000000000e+00 0.000000000000000000e+00 0.000000000000000000e+00 1.128741868513972157e+01 0.000000000000000000e+00 2.549259382712835631e+01 2.907148564703943805e+01 0.000000000000000000e+00 2.905735086514267351e+01 1.302560572234565406e+01 -1.936247672077140436e+01 0.000000000000000000e+00 0.000000000000000000e+00 2.907305399719820826e+01 6.341152400422078728e+00 -2.002542617731520036e-01 2.344875587414199103e+01 0.000000000000000000e+00 2.687109876228160132e+01 1.256361062545642504e+01 -1.592511314144502954e+01 -1.833721328508009307e+01 0.000000000000000000e+00
0.000000000000000000e+00 0.000000000000000000e+00 0.000000000000000000e+00 0.000000000000000000e+00 0.000000000000000000e+00 -7.010800873022353663e-01 0.000000000000000000e+00 1.597702116977766451e+01 2.020335711472587192e+01 0.000000000000000000e+00 7.946812070774596393e+00 1.179805886004107851e+00 3.000000000000000000e+01 0.000000000000000000e+00 0.000000000000000000e+00 2.211915861775897341e+01 -1.808026606430547290e+01 -1.374299142087120984e+01 1.965064393011913069e+01 0.000000000000000000e+00 1.535015616306576547e+01 -4.665287891732480041e+00 1.710445541747679243e+01 2.316466227210447570e+01 0.000000000000000000e+00
0.000000000000000000e+00 0.000000000000000000e+00 0.000000000000000000e+00 0.000000000000000000e+00 0.000000000000000000e+00 -1.695278913853108449e+01 0.000000000000000000e+00 6.212143187894255902e+00 1.143166646526744579e+01 0.000000000000000000e+00 -1.506833738169235559e+01 -5.177528212048553291e-01 2.562158498428939524e+01 0.000000000000000000e+00 0.000000000000000000e+00 1.557434040775319950e+01 2.596730190295722451e+01 3.184054408601156183e+00 1.413499571815850864e+01 0.000000000000000000e+00 1.460906088152154148e+01 -7.909859522080386895e+00 -6.602154161627583839e+00 1.183335660625001573e+01 0.000000000000000000e+00
0.000000000000000000e+00 0.000000000000000000e+00 0.000000000000000000e+00 0.000000000000000000e+00 0.000000000000000000e+00 -2.351124153462673050e+01 0.000000000000000000e+00 1.098475507537524515e-01 4.540337393795795151e+00 -6.619989810246806883e-02 1.575679458117249787e+01 -9.501256882908457158e+00 1.328463204156442323e+01 0.000000000000000000e+00 0.000000000000000000e+00 6.772278326434852502e+00 -1.357662317943923469e+01 8.138299726124666122e+00 -6.719504271732031242e+00 0.000000000000000000e+00 -1.451897760663155879e+01 2.331582904836952963e+01 1.285317349713202795e+01 1.154977798897867203e+01 -5.304957196875036834e-02
0.000000000000000000e+00 0.000000000000000000e+00 0.000000000000000000e+00 0.000000000000000000e+00 0.000000000000000000e+00 2.345949750436281533e+01 0.000000000000000000e+00 0.000000000000000000e+00 0.000000000000000000e+00 -2.506649954504216904e+00 -1.730170085382169987e+01 -9.399051977026660509e+00 4.236239704106820270e+00 -2.817683416055137613e+00 0.000000000000000000e+00 -6.746981732061255954e+00 2.531300365983359058e+01 -1.275548084347990319e+01 -1.643862942726733678e+01 1.222556535349467871e-02 2.000351749377768940e+01 1.434925002289631379e+01 6.627709345771570781e+00 -1.007023248813275096e+01 -8.938409568532458493e+00
0.000000000000000000e+00 0.000000000000000000e+00 0.000000000000000000e+00 0.000000000000000000e+00 0.000000000000000000e+00 1.068277932066535918e+01 0.000000000000000000e+00 0.000000000000000000e+00 0.000000000000000000e+00 -5.387855255033588975e+00 1.459236970255957644e+01 1.280522344014243075e+01 0.000000000000000000e+00 -2.987162973104737329e+00 0.000000000000000000e+00 -2.362271317272291782e+01 -2.270191869667696594e+00 -4.938088734600582619e+00 3.000000000000000000e+01 -7.940560560270296442e+00 -1.456665953184024431e+01 2.297671760848486455e-01 1.818519173390176391e+01 1.828166320640986697e+01 -1.344497016815285306e+01
0.000000000000000000e+00 0.000000000000000000e+00 0.000000000000000000e+00 0.000000000000000000e+00 0.000000000000000000e+00 -9.180843168542289767e-01 0.000000000000000000e+00 -9.409486695058963956e-01 0.000000000000000000e+00 -1.047995471672031442e+01 3.000000000000000000e+01 1.044684634098373266e+01 -4.067088957759431800e+00 -9.348292924562144890e+00 -4.893079960254354432e+00 -3.000000000000000000e+01 -2.274140758404834628e+01 2.281787309709581635e+01 2.550940438930767939e+01 -1.927777925411035653e+01 1.270967587938780952e+01 -2.437172303665218198e+00 1.628103193721013753e+01 -7.127831546288655673e+00 -1.673623303296194464e+01
0.000000000000000000e+00 0.000000000000000000e+00 0.000000000000000000e+00 0.000000000000000000e+00 0.000000000000000000e+00 -1.428757621451011239e+01 0.000000000000000000e+00 -8.056996427630236823e+00 -1.705416468089438198e-01 -9.302958417491208110e+00 1.289507055101207200e+01 -9.037489849363300465e-02 -1.358674159369780199e+01 -1.612707536673037367e+01 -2.082563678994974410e+01 -2.670481858926672203e+01 -2.638087665640635748e+01 1.572190995437173200e+01 1.700604693891954255e+01 -2.687164581384634587e+01 -1.848706591764363694e+01 -4.759544371099787341e+00 -9.316300162640214211e+00 -6.861010503750994971e+00 -1.632479122556444651e+01
0.000000000000000000e+00 0.000000000000000000e+00 0.000000000000000000e+00 0.000000000000000000e+00 0.000000000000000000e+00 -2.380206005250028056e+01 0.000000000000000000e+00 -1.046543496800823903e+01 -2.690161791547006409e+00 -8.479592655740576745e+00 -5.215765658345759448e+00 -1.556678607768002998e+01 -2.435235592105546942e+01 -2.944112842374562433e+01 -2.800830802759858784e+01 -2.897505772668506907e+01 -2.855775606430083258e+01 1.426423562376977827e+01 -8.720531414212455701e+00 -2.893782994562599953e+01 -2.348613161149331319e+01 -1.998775979921825297e+01 2.472547382845326780e+01 1.618676319289525978e+01 -2.249341515325335195e+01
