# yaw
0.000000000000000000e+00 0.000000000000000000e+00 0.000000000000000000e+00 0.000000000000000000e+00 0.000000000000000000e+00 2.047095993731473484e+01 -1.938455237863105651e+01 0.000000000000000000e+00 -2.983304566695149873e+01 1.948765059593627313e+01 3.000000000000000000e+01 3.000000000000000000e+01 9.917326854888569576e-01 3.000000000000000000e+01 3.000000000000000000e+01 3.000000000000000000e+01 6.451430181209308223e+00 1.709322080800207999e+01 -2.407411131795125669e+01 3.000000000000000000e+01 3.000000000000000000e+01 1.282124442355458172e+01 3.261756212078402495e+00 -1.154611109290875604e+01 3.000000000000000000e+01
0.000000000000000000e+00 0.000000000000000000e+00 0.000000000000000000e+00 0.000000000000000000e+00 0.000000000000000000e+00 2.006104791253487818e+01 -2.068554244292799638e+01 0.000000000000000000e+00 3.000000000000000000e+01 1.999036689057530580e+01 3.000000000000000000e+01 2.870977094343337654e+01 -1.907960346344931324e+01 2.590357245784862883e+01 3.000000000000000000e+01 2.658322370888137343e+01 -1.286488296626881134e+00 1.921534649999487243e+01 -2.875711145126537360e+01 2.614292789647500825e+01 1.963149167706012577e+01 1.402242907718577491e+01 -1.454253287712320919e+01 2.567486838679086247e+01 2.193439892514251000e+01
0.000000000000000000e+00 0.000000000000000000e+00 0.000000000000000000e+00 0.000000000000000000e+00 0.000000000000000000e+00 1.224889126334739586e+01 2.652522196240069619e+01 0.000000000000000000e+00 2.613649184330467889e+01 1.741143814888515351e+01 2.073978662332041267e+01 1.657865589264050499e+01 2.110846200263827299e+01 1.446559932388239567e+01 2.290629650915012760e+01 1.622898953502633645e+01 -1.877102264970477208e+01 4.810098079377786107e+00 2.893306467627650136e+01 1.674967063941022261e+01 1.526701090812787065e+01 2.941683557713717789e+01 4.370925731346369858e+00 8.832655636315960734e+00 1.917776087072996560e+01
0.000000000000000000e+00 0.000000000000000000e+00 0.000000000000000000e+00 0.000000000000000000e+00 0.000000000000000000e+00 1.287359748770631995e+01 2.517222689729130281e+01 0.000000000000000000e+00 9.212840156266109304e+00 1.434231908054082716e+01 2.117200620255717070e+01 6.884374909384481711e+00 -6.134591373854560992e-01 9.292932774925871442e+00 1.899550562379979723e+01 3.896112426513806071e+00 3.000000000000000000e+01 1.971636965571464017e+01 2.147237214949860018e+01 -1.232785045870769203e+00 3.658225894953082591e+00 3.000000000000000000e+01 -1.425676120047852535e+01 1.261088495023899192e+01 2.892794213074877163e+01
0.000000000000000000e+00 0.000000000000000000e+00 0.000000000000000000e+00 0.000000000000000000e+00 0.000000000000000000e+00 5.990657156805015759e+00 1.851669618560672959e+01 0.000000000000000000e+00 -1.360481745636441975e+00 7.748240409467567424e+00 1.229264055647566600e+01 4.313850603042106435e+00 -2.582698391284385409e+01 2.466418037994172252e+00 1.059507427240013477e+01 8.014546628681770701e-02 3.000000000000000000e+01 2.605000762313789409e+00 -1.792171835358671217e+01 2.003599665994980228e+01 0.000000000000000000e+00 2.605615275062326930e+01 -1.600739435525167664e+01 -4.042820480411682404e-01 -1.948896899069387700e+01
0.000000000000000000e+00 0.000000000000000000e+00 0.000000000000000000e+00 0.000000000000000000e+00 0.000000000000000000e+00 0.000000000000000000e+00 2.140487703657214524e+01 0.000000000000000000e+00 -1.191769108611754824e+01 1.793810976588378292e+00 1.539596390144411631e+00 1.686382265291193949e+00 3.000000000000000000e+01 -1.846087013240700259e+01 2.693818241791716694e+00 0.000000000000000000e+00 2.183959208120674589e+01 -8.768656037271846060e+00 2.510845674873416300e+01 -1.108319679099267852e+01 0.000000000000000000e+00 -1.600550783235262386e+01 3.000000000000000000e+01 7.611128458278171749e+00 2.831048105421560024e+01
0.000000000000000000e+00 0.000000000000000000e+00 0.000000000000000000e+00 0.000000000000000000e+00 0.000000000000000000e+00 0.000000000000000000e+00 3.722981514504183131e+00 0.000000000000000000e+00 -1.750249782347136218e+01 0.000000000000000000e+00 0.000000000000000000e+00 0.000000000000000000e+00 1.684882209768877104e+01 2.268345798617348308e+01 -4.821131229370529958e-01 0.000000000000000000e+00 2.300474211907884481e+01 1.967419034800634181e+00 -4.311696546499055316e+00 2.269801377406855636e+01 0.000000000000000000e+00 -2.194239070125508206e+01 2.920572944825440231e+01 -1.736059118097708742e+00 1.740712966873755718e+01
0.000000000000000000e+00 0.000000000000000000e+00 0.000000000000000000e+00 0.000000000000000000e+00 0.000000000000000000e+00 0.000000000000000000e+00 1.062527958059511501e+00 0.000000000000000000e+00 2.217983782978917162e+01 0.000000000000000000e+00 0.000000000000000000e+00 0.000000000000000000e+00 2.728008194621009608e+01 4.962695994677273958e+00 -1.727058831315612153e+01 0.000000000000000000e+00 1.792723300188796287e+01 4.734969134091504550e-01 3.000000000000000000e+01 -4.513255249171197470e+00 0.000000000000000000e+00 2.599724402967733639e+01 1.513391297082343634e+01 7.885054857223547486e+00 -5.073812893511519206e+00
0.000000000000000000e+00 0.000000000000000000e+00 0.000000000000000000e+00 0.000000000000000000e+00 0.000000000000000000e+00 0.000000000000000000e+00 -2.699984889862921289e+00 0.000000000000000000e+00 -4.154437685620964160e+00 0.000000000000000000e+00 0.000000000000000000e+00 0.000000000000000000e+00 2.007425465765817041e+00 -1.591191656116394881e+01 2.585148810222389670e+01 0.000000000000000000e+00 -5.574108648711106895e-03 -1.009542917505661386e+01 1.017584359103285507e+01 1.972782431820324689e+01 0.000000000000000000e+00 2.055686449509440195e+01 6.710198322370962920e+00 -1.567907965803780534e+01 -1.329916011612333904e+01
0.000000000000000000e+00 0.000000000000000000e+00 0.000000000000000000e+00 0.000000000000000000e+00 0.000000000000000000e+00 0.000000000000000000e+00 -1.450638255555915634e+01 0.000000000000000000e+00 -3.000000000000000000e+01 -1.840598787671749115e+00 0.000000000000000000e+00 0.000000000000000000e+00 1.905883057756295784e+01 2.055918701377273550e+01 1.754715008950785560e+01 0.000000000000000000e+00 -6.901387230870019707e+00 2.186252788566411809e+01 -6.064974614244125206e-01 1.044940100785895432e+01 0.000000000000000000e+00 1.147789240718038783e+01 2.188877248641891171e+01 2.039725200184940590e+01 9.990079880895830655e+00
0.000000000000000000e+00 0.000000000000000000e+00 0.000000000000000000e+00 0.000000000000000000e+00 0.000000000000000000e+00 0.000000000000000000e+00 -2.408473645530440166e+01 -7.055321671014382900e-01 2.531198690401583917e+01 -1.526028630144595866e+01 0.000000000000000000e+00 0.000000000000000000e+00 8.897440581066773380e-01 1.494538350485597178e+01 -7.430900028908748567e+00 0.000000000000000000e+00 -1.504995410292060498e+01 1.407844110237633561e+00 -5.765459594198508064e+00 3.009919125280418051e+00 0.000000000000000000e+00 2.159966342614873247e-01 -8.119418255052693212e+00 8.193157964409547134e+00 -1.358451365826189239e+01
0.000000000000000000e+00 0.000000000000000000e+00 0.000000000000000000e+00 0.000000000000000000e+00 0.000000000000000000e+00 0.000000000000000000e+00 3.000000000000000000e+01 -7.069321472789302341e+00 1.149486175054207138e+01 -2.258088732179806613e+01 0.000000000000000000e+00 0.000000000000000000e+00 -2.435107319019008898e+01 2.131206004937365250e+01 -1.921243232445422677e+01 0.000000000000000000e+00 -2.272820987654023028e+01 -9.782316299970680973e+00 2.396059398878147917e+01 -1.208611841000366027e+01 0.000000000000000000e+00 0.000000000000000000e+00 1.192149541537128599e+01 -2.146391923249377776e+00 -1.924593384943985441e+01
0.000000000000000000e+00 0.000000000000000000e+00 1.764419888893485333e-01 0.000000000000000000e+00 0.000000000000000000e+00 0.000000000000000000e+00 2.459799061832486089e+01 -6.209766225894711056e+00 1.821320439549633718e+01 2.710851017216658221e+01 0.000000000000000000e+00 0.000000000000000000e+00 2.114244819511024431e+01 5.718484824683367940e+00 2.605377916760403778e+01 0.000000000000000000e+00 -2.075094201372346703e+01 -2.065334677287240339e+01 1.410318520249437491e+00 4.994907371792769446e+00 0.000000000000000000e+00 -1.237819671115824249e+00 -1.930378888365526624e+00 1.454983482948462203e+01 1.334842053127733585e+01
0.000000000000000000e+00 0.000000000000000000e+00 -3.980669086855995964e+00 0.000000000000000000e+00 0.000000000000000000e+00 0.000000000000000000e+00 1.108755743904085023e+01 -1.226395609844227685e+01 -1.546435892277590796e+01 3.000000000000000000e+01 0.000000000000000000e+00 0.000000000000000000e+00 5.819322405097666628e-01 8.661732610794736331e+00 3.336822017397224727e+00 0.000000000000000000e+00 2.233885451382032628e+01 1.739657522330013606e+01 1.525495511704667884e+01 -7.352878725216908329e+00 0.000000000000000000e+00 -6.189166623801244604e+00 -1.665797892229942789e+01 -5.677019879119882262e+00 1.899101973179421865e+00
0.000000000000000000e+00 -9.082916197985344553e-01 -1.223032985597845546e+01 0.000000000000000000e+00 0.000000000000000000e+00 0.000000000000000000e+00 1.630003231572032973e+00 -1.799834676706706560e+01 -2.982184837079900319e+01 3.000000000000000000e+01 0.000000000000000000e+00 0.000000000000000000e+00 -1.837137072891721701e+01 2.921148513528779134e+00 -1.356419611405101477e+01 0.000000000000000000e+00 2.494293549997654225e+01 2.270501613964328591e+00 -5.255024836558543022e+00 -1.574743758622745382e+01 0.000000000000000000e+00 -8.738991507034837625e+00 -3.000000000000000000e+01 -1.186822389165518388e+01 -1.120928593732073786e+01
0.000000000000000000e+00 -9.970784307291868487e+00 -1.919991815893001075e+01 -1.770831196763490656e+00 -7.949654987148500496e+00 0.000000000000000000e+00 -7.439469029526895039e-01 -2.598270307744939700e+01 2.767493643921010005e+01 3.000000000000000000e+01 0.000000000000000000e+00 0.000000000000000000e+00 2.275457448509799718e+01 -3.477986922302883865e+00 -2.547902615884946442e+01 0.000000000000000000e+00 1.939477408658737900e+01 -1.093012782532995075e+01 2.649004242396121356e+01 1.082903909573486345e+01 0.000000000000000000e+00 -1.041226311292581386e+01 2.862530759174471129e+01 2.533520005906509098e+01 -2.143328435951370992e+01
0.000000000000000000e+00 -1.495692560023953988e+01 -1.798366831360900520e+01 -1.710391055500605262e+01 -1.805654399545042921e+01 0.000000000000000000e+00 -1.316582564629442942e+01 -1.700794694511786531e+01 1.829590439909857835e+01 1.897440425840334299e+01 0.000000000000000000e+00 0.000000000000000000e+00 2.015865899334501776e+01 -1.610241491278484460e+01 2.863410656382501784e+01 0.000000000000000000e+00 1.899962612867757272e+01 -2.210796820306388355e+01 2.055258916639271760e+01 -1.423077705462636677e+00 0.000000000000000000e+00 -1.231725542568015008e+01 -1.242773866975695185e+01 -1.710043575225374823e+01 -2.820071919307751429e+01
0.000000000000000000e+00 -2.009338939149281700e+01 -2.737636292483357536e+01 -2.749529040721484563e+01 -2.056290173174747338e+01 0.000000000000000000e+00 -1.687508284843550044e+01 2.741042560632564928e+01 -2.219279565550651157e+01 -7.746358299336762343e+00 0.000000000000000000e+00 0.000000000000000000e+00 0.000000000000000000e+00 -1.492092225199493427e+01 -2.257204008073779633e+00 0.000000000000000000e+00 5.258460327822584546e+00 -3.000000000000000000e+01 -1.945501597982040920e+01 -1.628459452474588076e+01 0.000000000000000000e+00 -1.958897208272084001e+01 -2.774949355835392950e+01 -2.583796956491319463e+01 -2.786270752831714148e+01
0.000000000000000000e+00 2.740918384892719573e+01 3.000000000000000000e+01 -3.000000000000000000e+01 -3.000000000000000000e+01 0.000000000000000000e+00 -2.188672118391986032e+01 1.127216503523312063e+01 -2.269290599808623199e+01 1.999335535187658763e+01 0.000000000000000000e+00 0.000000000000000000e+00 1.678607902907813809e-02 2.631079744033165824e+01 3.000000000000000000e+01 0.000000000000000000e+00 1.861972074808130095e+00 3.000000000000000000e+01 1.640418764774158333e+01 1.246863843112265613e+01 0.000000000000000000e+00 2.462051157691895398e+01 3.000000000000000000e+01 3.000000000000000000e+01 3.000000000000000000e+01
0.000000000000000000e+00 2.018460551704218631e+01 2.938746044006262537e+01 2.952944748261520758e+01 2.215570962656706655e+01 0.000000000000000000e+00 2.578242868673569888e+01 1.127750797593969168e+01 1.833602087810498915e+01 2.189358496649388197e+00 0.000000000000000000e+00 0.000000000000000000e+00 -1.356182138170765938e+01 2.275132782365663520e+00 1.928700654135901260e+01 0.000000000000000000e+00 0.000000000000000000e+00 2.819450765676673853e+01 -4.894345234741706463e+00 -7.686004222163730359e-01 0.000000000000000000e+00 1.832432314443843779e+01 2.472263662351154423e+01 2.638689793274801687e+01 2.697355879784184296e+01
0.000000000000000000e+00 1.639443833220113333e+01 2.387646808161902712e+01 -6.833215231237041110e+00 2.592880787111232266e+01 0.000000000000000000e+00 2.170722082073603332e+01 -2.864017361765961667e+01 -7.834215969524190193e+00 3.238966343726131125e+00 0.000000000000000000e+00 0.000000000000000000e+00 -2.162502327130737356e+01 2.861748327873297271e+01 2.126321853732634892e+01 0.000000000000000000e+00 0.000000000000000000e+00 1.230085413987517384e+01 -1.506293838872065471e+01 2.626137766223955339e+01 0.000000000000000000e+00 1.971357676075723120e+01 2.014704688537891286e+01 2.064304584094067962e+01 1.977529686345056348e+01
0.000000000000000000e+00 1.282226497602820814e+01 2.286664120158625479e+01 -1.558942326024521918e+01 1.364286403061280772e+01 0.000000000000000000e+00 4.586149028368219582e+00 -3.000000000000000000e+01 2.123275027791105174e+01 -7.509263562028639427e+00 0.000000000000000000e+00 0.000000000000000000e+00 2.228209119560762019e+01 1.748570269079939976e+01 3.759266998225435863e+00 0.000000000000000000e+00 0.000000000000000000e+00 3.755634062085083880e+00 -2.585280841735201918e+01 3.000000000000000000e+01 0.000000000000000000e+00 1.504367314121401478e+01 1.353803207097243266e+01 1.650415876794175318e+01 2.109472563261101641e+01
0.000000000000000000e+00 1.725861019474584923e+00 1.327206728976614158e+01 3.000000000000000000e+01 1.930479867432810437e+01 0.000000000000000000e+00 -1.653725323679783088e+00 3.000000000000000000e+01 1.648547293653662260e+00 -1.827747349774262631e+01 0.000000000000000000e+00 0.000000000000000000e+00 -1.132756628048652736e+01 4.629143164975111802e+00 -7.431898623367566792e+00 0.000000000000000000e+00 0.000000000000000000e+00 0.000000000000000000e+00 -2.317687835643110983e+00 3.000000000000000000e+01 0.000000000000000000e+00 7.320083482541009268e+00 7.503501538846974128e+00 2.899087601280613047e+00 8.164522604592820088e+00
0.000000000000000000e+00 0.000000000000000000e+00 0.000000000000000000e+00 0.000000000000000000e+00 0.000000000000000000e+00 0.000000000000000000e+00 0.000000000000000000e+00 0.000000000000000000e+00 0.000000000000000000e+00 0.000000000000000000e+00 0.000000000000000000e+00 0.000000000000000000e+00 0.000000000000000000e+00 0.000000000000000000e+00 0.000000000000000000e+00 0.000000000000000000e+00 0.000000000000000000e+00 0.000000000000000000e+00 0.000000000000000000e+00 0.000000000000000000e+00 0.000000000000000000e+00 0.000000000000000000e+00 0.000000000000000000e+00 0.000000000000000000e+00 0.000000000000000000e+00
0.000000000000000000e+00 0.000000000000000000e+00 0.000000000000000000e+00 0.000000000000000000e+00 0.000000000000000000e+00 0.000000000000000000e+00 0.000000000000000000e+00 0.000000000000000000e+00 0.000000000000000000e+00 0.000000000000000000e+00 0.000000000000000000e+00 0.000000000000000000e+00 0.000000000000000000e+00 0.000000000000000000e+00 0.000000000000000000e+00 0.000000000000000000e+00 0.000000000000000000e+00 0.000000000000000000e+00 0.000000000000000000e+00 0.000000000000000000e+00 0.000000000000000000e+00 0.000000000000000000e+00 0.000000000000000000e+00 0.000000000000000000e+00 0.000000000000000000e+00
0.000000000000000000e+00 0.000000000000000000e+00 0.000000000000000000e+00 0.000000000000000000e+00 0.000000000000000000e+00 0.000000000000000000e+00 0.000000000000000000e+00 0.000000000000000000e+00 0.000000000000000000e+00 0.000000000000000000e+00 0.000000000000000000e+00 0.000000000000000000e+00 0.000000000000000000e+00 0.000000000000000000e+00 0.000000000000000000e+00 0.000000000000000000e+00 0.000000000000000000e+00 0.000000000000000000e+00 0.000000000000000000e+00 0.000000000000000000e+00 0.000000000000000000e+00 0.000000000000000000e+00 0.000000000000000000e+00 0.000000000000000000e+00 0.000000000000000000e+00
0.000000000000000000e+00 2.966510874077470916e+01 -2.939867568295587574e+01 7.701794261864066904e+00 -2.179488714812499950e+00 0.000000000000000000e+00 2.434289775488139540e+01 2.598166395689319330e+01 -2.049104027633284986e+01 7.939008073919130659e+00 0.000000000000000000e+00 0.000000000000000000e+00 6.286389695603400440e-02 -2.007410210028415420e+01 2.911367984357178429e+01 0.000000000000000000e+00 -2.442139476792828390e+01 0.000000000000000000e+00 1.370622705908967021e+01 -2.330632361513100648e+01 0.000000000000000000e+00 0.000000000000000000e+00 0.000000000000000000e+00 0.000000000000000000e+00 0.000000000000000000e+00
0.000000000000000000e+00 2.101474717171848283e+01 3.000000000000000000e+01 -1.122596060090190839e+01 -2.282985090075355927e+01 0.000000000000000000e+00 2.991836907888292529e+01 8.737515681956379510e+00 -1.153699975227867469e+01 9.321315300655580671e+00 0.000000000000000000e+00 0.000000000000000000e+00 -1.817327419932530574e+01 1.475495137912087351e+01 2.633200173533636956e+01 0.000000000000000000e+00 2.622817867771110478e+00 0.000000000000000000e+00 0.000000000000000000e+00 2.882938288305710728e+01 0.000000000000000000e+00 0.000000000000000000e+00 0.000000000000000000e+00 0.000000000000000000e+00 0.000000000000000000e+00
0.000000000000000000e+00 1.692180196177052665e+01 3.000000000000000000e+01 4.564921121147160754e+00 3.000000000000000000e+01 0.000000000000000000e+00 -2.508496345769432878e+01 -1.544928307885200880e+01 3.000000000000000000e+01 -8.482631403809801185e+00 0.000000000000000000e+00 0.000000000000000000e+00 2.859980460275143699e+01 -1.136933987494937526e+01 2.583864340690065120e+01 0.000000000000000000e+00 2.969966422373614989e+01 0.000000000000000000e+00 -2.685272725092821666e+00 2.104276605661998190e+01 0.000000000000000000e+00 0.000000000000000000e+00 0.000000000000000000e+00 0.000000000000000000e+00 0.000000000000000000e+00
0.000000000000000000e+00 6.116928970088101991e+00 2.677833467451453586e+01 -6.101521417754423915e+00 1.907600036156754797e+01 0.000000000000000000e+00 2.743794213164391493e+01 1.366666064553276527e+01 2.450769739536718106e+01 -1.534182066302987124e+01 0.000000000000000000e+00 0.000000000000000000e+00 1.285625102496870120e+01 1.426546410330778514e+01 5.513378550347152185e+00 0.000000000000000000e+00 2.011555505913906572e+01 0.000000000000000000e+00 -1.816575351712643283e+01 1.558248751645628438e+01 0.000000000000000000e+00 0.000000000000000000e+00 0.000000000000000000e+00 0.000000000000000000e+00 0.000000000000000000e+00
0.000000000000000000e+00 -7.050980062382739000e+00 2.686997275385486716e+01 -1.966402111108767059e-04 1.551233963658791071e+00 0.000000000000000000e+00 1.244478283399796936e+01 -7.136852909331880213e+00 1.189653842891650193e+01 1.550803597246797594e+01 -4.042328700829442290e-02 0.000000000000000000e+00 0.000000000000000000e+00 -6.774793606966737158e+00 -1.750412018505643630e+01 0.000000000000000000e+00 9.426999596820440530e+00 0.000000000000000000e+00 1.796847052004936884e+01 2.727067698882422508e+00 0.000000000000000000e+00 0.000000000000000000e+00 0.000000000000000000e+00 0.000000000000000000e+00 0.000000000000000000e+00
-5.373228989862210980e+00 1.880405660600937168e+01 1.616047917066722306e+01 -3.734380065522092451e+00 -2.111757373761713552e+01 -6.006350071385243794e+00 -1.658643843405362972e+01 -3.568079969080397706e+00 -6.509701187692483515e+00 -8.102020221075163064e+00 -1.099566293122185012e+00 0.000000000000000000e+00 0.000000000000000000e+00 -1.986952261936793818e+01 1.056500505593242956e+01 0.000000000000000000e+00 -3.224288426712707545e-01 0.000000000000000000e+00 9.671714529502086766e-01 -6.846661107314778505e+00 0.000000000000000000e+00 0.000000000000000000e+00 0.000000000000000000e+00 0.000000000000000000e+00 0.000000000000000000e+00
-1.133598085265315092e+01 1.716679068785514062e+01 6.226663416800889195e+00 9.389094710374804365e+00 2.761086404992190424e+01 -9.413293466054893699e+00 -7.119385114988052710e-02 1.110912771101265406e+01 1.723498587103470925e+01 -8.532555666712086762e+00 -8.657624773911356542e+00 -1.793522788951482205e+00 0.000000000000000000e+00 2.211668896194921530e+01 -1.127181387386108291e+01 -4.219046873737071490e-02 -8.255747536355199756e+00 0.000000000000000000e+00 -1.473726068772337783e+01 -9.180679215944410387e+00 0.000000000000000000e+00 0.000000000000000000e+00 0.000000000000000000e+00 0.000000000000000000e+00 0.000000000000000000e+00
-1.493089621718813120e+01 1.296737884214132919e+01 -8.474445930444140629e+00 -5.543148391367020089e+00 -7.165294125164892947e+00 -1.108712111970216085e+01 1.306881948184746989e+01 -1.321113020567342700e-01 -6.338624706684661270e-01 -1.658089243238363508e+01 -1.996805436827392199e+01 -9.615814911570907952e+00 0.000000000000000000e+00 -3.072452886503485470e+00 -2.407001129771207815e+01 -4.448625859681841987e+00 -1.946556079312072285e+01 0.000000000000000000e+00 2.697421739502792093e+01 -1.182649643615915203e+01 0.000000000000000000e+00 0.000000000000000000e+00 0.000000000000000000e+00 0.000000000000000000e+00 0.000000000000000000e+00
-1.814164460074023566e+01 -5.884933185174208603e+00 5.358784910624171616e+00 6.821478497186467926e+00 -2.287969918504476396e+01 -1.787867826051769171e+01 -2.008319176924333860e+01 -8.750056684928480877e+00 -2.140289018519575137e+01 -2.566383008421562550e+01 -2.027999746376598367e+01 -2.388512090468882221e+01 -4.650153551168726196e+00 -1.960762413505940316e+01 -1.988957724364038882e+01 -1.068347421915635564e+01 -2.105424565544181803e+01 0.000000000000000000e+00 1.204232818703780517e+01 -1.189763038257421712e+01 0.000000000000000000e+00 0.000000000000000000e+00 0.000000000000000000e+00 0.000000000000000000e+00 0.000000000000000000e+00
-2.597927576763046886e+01 -1.750426771350418775e+01 0.000000000000000000e+00 -1.158893763898871221e+01 -2.720789171298905273e+01 -2.562770612107079415e+01 1.850696278215825785e+01 2.031784674584376305e+01 1.690227125967906474e+01 -2.400943612896447377e+01 -2.498219603154624124e+01 -3.000000000000000000e+01 -1.246110826956076956e+01 -3.000000000000000000e+01 -2.333307160701032501e+01 -2.272808380771865089e+01 -2.514675485530913335e+01 0.000000000000000000e+00 -4.250787653186031689e-01 -1.564519609535133249e+01 0.000000000000000000e+00 0.000000000000000000e+00 0.000000000000000000e+00 0.000000000000000000e+00 0.000000000000000000e+00
3.000000000000000000e+01 6.592943886637332440e+00 -3.794784969795249818e+00 -4.338534643142585523e+00 3.000000000000000000e+01 3.000000000000000000e+01 1.635760564158912356e+00 3.684730808785486644e+00 -2.924994310829985622e+01 3.000000000000000000e+01 3.000000000000000000e+01 3.000000000000000000e+01 4.570398537622614832e+00 3.000000000000000000e+01 3.000000000000000000e+01 2.309208737046461835e+01 2.378134868587019213e+01 0.000000000000000000e+00 -1.886123821872274675e+01 1.748897915603571818e+01 0.000000000000000000e+00 0.000000000000000000e+00 0.000000000000000000e+00 0.000000000000000000e+00 0.000000000000000000e+00
2.751621197463465407e+01 -5.829790184183403667e+00 -2.129181496789586348e+01 2.326289661690640997e+01 2.474779017937947856e+01 2.329685295098679632e+01 0.000000000000000000e+00 -5.252029979261198633e+00 -3.000000000000000000e+01 2.248004835470801055e+01 2.046307255595160157e+01 2.981689596569264111e+01 1.864331968881804613e+01 2.571315437267982418e+01 2.060027116313005635e+01 1.712557530449441145e+01 2.046425865648700793e+01 0.000000000000000000e+00 2.898737594949030694e+01 1.464527540791460858e+01 0.000000000000000000e+00 0.000000000000000000e+00 0.000000000000000000e+00 0.000000000000000000e+00 0.000000000000000000e+00
2.468707721885958151e+01 -8.766045104561790424e-01 1.893994480022946547e+01 1.397578200334454124e+01 1.686979795380876368e+01 2.457542691692544423e+01 -2.199706819188809170e+00 1.968066761341609627e+00 2.796164087787368047e+01 1.412537444959690980e+01 2.447514109615651279e+01 1.821742282624285636e+01 9.768309972829099408e+00 1.390574832709733855e+01 1.851820320013438703e+01 1.245400966979476109e+01 1.402721838734936455e+01 0.000000000000000000e+00 1.883175387803728995e+01 1.265877169984666395e+01 0.000000000000000000e+00 0.000000000000000000e+00 0.000000000000000000e+00 0.000000000000000000e+00 0.000000000000000000e+00
1.188318534084661771e+01 2.374489254494160662e+01 1.527464369521496401e+01 -6.351289934499755319e+00 1.329553091565527900e+01 1.347725221869351664e+01 -1.096876987719972085e+01 6.750106060915650019e+00 2.778424061059244465e+01 1.002916713062635168e+01 3.000000000000000000e+01 2.656173588801534891e+01 -2.677429763801193019e+00 8.840153879485921351e-01 1.263598095026399371e+01 5.422101083205355110e+00 5.971934402708176215e+00 0.000000000000000000e+00 5.002028865232307359e-02 5.622724412596672217e+00 0.000000000000000000e+00 0.000000000000000000e+00 0.000000000000000000e+00 0.000000000000000000e+00 0.000000000000000000e+00
6.201692848990929541e+00 1.627430608894425035e+01 -4.743531880164048253e+00 1.070214161725976254e+01 9.335178835984455858e+00 6.124614478155506525e+00 -2.846121540010344564e+00 -3.487580918410072783e+00 2.440193230241045796e+01 6.831784038202116882e+00 2.113661320826404832e+01 2.433696029368671176e+01 -2.130461660227296505e+01 0.000000000000000000e+00 1.050958459303159565e+00 -4.691803447074524236e+00 3.014378371526353018e+00 0.000000000000000000e+00 -1.110156828617806113e+01 1.901236779176575631e+00 0.000000000000000000e+00 0.000000000000000000e+00 0.000000000000000000e+00 0.000000000000000000e+00 0.000000000000000000e+00
-2.808014788613432344e+00 1.010837872892326317e+01 1.078172402954326436e+01 -1.733311677793700056e+01 2.326146618847963587e+00 6.827040852550187999e-01 2.798694157895629786e+01 -1.404169184489258981e+01 1.924784262695814974e+01 1.558410615883516481e+00 5.804447060322616814e+00 8.842630809433247308e+00 3.000000000000000000e+01 0.000000000000000000e+00 0.000000000000000000e+00 -1.620793196914287648e+01 5.044174802258750978e-02 0.000000000000000000e+00 3.000000000000000000e+01 4.553223884301110108e-02 0.000000000000000000e+00 0.000000000000000000e+00 0.000000000000000000e+00 0.000000000000000000e+00 0.000000000000000000e+00
-3.919322002589204601e+00 1.299107932039521707e+01 -1.506717988273024567e+01 2.066145467615072207e+01 0.000000000000000000e+00 7.102626140485258865e+00 1.255232623691895277e+01 1.848325428900464473e+01 7.703767054642882250e+00 0.000000000000000000e+00 0.000000000000000000e+00 1.217441641173058642e+01 2.200444072957327180e+01 0.000000000000000000e+00 0.000000000000000000e+00 -2.245944496287670589e+01 0.000000000000000000e+00 0.000000000000000000e+00 1.497490365167088200e+01 0.000000000000000000e+00 0.000000000000000000e+00 0.000000000000000000e+00 0.000000000000000000e+00 0.000000000000000000e+00 0.000000000000000000e+00
1.840056990107192547e+01 -8.520224508293761101e-02 2.602324838460049605e+01 1.826329162867112554e+00 0.000000000000000000e+00 -3.145077432955032393e-01 1.124971797624174563e+01 3.184778822055210346e-01 -1.215291356290015279e-01 0.000000000000000000e+00 -1.335828473786340176e+01 1.047302077307665691e+01 9.658095313943247717e+00 0.000000000000000000e+00 0.000000000000000000e+00 2.724530495594877877e+01 0.000000000000000000e+00 0.000000000000000000e+00 -1.721427056154509572e+01 0.000000000000000000e+00 0.000000000000000000e+00 0.000000000000000000e+00 0.000000000000000000e+00 0.000000000000000000e+00 0.000000000000000000e+00
3.628599498209613916e+00 -2.006708069984022291e+00 8.532916481308800982e+00 4.213046398681171922e+00 0.000000000000000000e+00 2.337763623442419281e+00 -1.145094157920714295e+01 -2.005147708702350684e+01 -6.660222318243852691e+00 0.000000000000000000e+00 3.024630483674235037e+00 -8.105510061289056267e+00 -1.463928381333341733e+01 0.000000000000000000e+00 0.000000000000000000e+00 1.821619692263607604e+01 0.000000000000000000e+00 0.000000000000000000e+00 1.855550673335955381e+01 0.000000000000000000e+00 0.000000000000000000e+00 0.000000000000000000e+00 0.000000000000000000e+00 0.000000000000000000e+00 0.000000000000000000e+00
-1.998574985711697849e+01 1.542033727958240519e+01 -2.061541617840065044e+01 2.901433840897185590e+00 0.000000000000000000e+00 1.961945212213980128e+01 -1.298297556977613842e+00 1.365500330528393569e+01 -1.826830943507832217e+01 0.000000000000000000e+00 1.977738095772605220e+01 2.289974346735407451e+01 2.003196537046326142e+01 0.000000000000000000e+00 0.000000000000000000e+00 1.052215389362523723e+01 0.000000000000000000e+00 0.000000000000000000e+00 7.878559353864266868e+00 0.000000000000000000e+00 0.000000000000000000e+00 0.000000000000000000e+00 0.000000000000000000e+00 0.000000000000000000e+00 0.000000000000000000e+00
-2.326992871221673909e+01 2.314062753368614445e+00 2.291021721661564570e+01 -1.290554566286784421e+01 0.000000000000000000e+00 7.668528307668532662e+00 -2.056706179392173794e+01 -4.735657107842971669e+00 2.679123455532154452e+01 0.000000000000000000e+00 -1.112466810329892120e+01 8.474675666162504228e+00 5.006441257478593254e-01 0.000000000000000000e+00 0.000000000000000000e+00 -3.170889877525985057e+00 -5.641539061937993260e+00 0.000000000000000000e+00 0.000000000000000000e+00 0.000000000000000000e+00 0.000000000000000000e+00 0.000000000000000000e+00 0.000000000000000000e+00 0.000000000000000000e+00 0.000000000000000000e+00
3.000000000000000000e+01 -1.673129227547055820e+01 5.302416994601877320e-03 -2.087740301051305636e+01 0.000000000000000000e+00 -1.092657849254213964e+01 2.856967789884949482e+01 -1.154589053565651113e+01 1.263940625038171817e+01 0.000000000000000000e+00 -1.863713056365211429e+01 5.387653901746999985e+00 2.922420860841954848e+01 0.000000000000000000e+00 0.000000000000000000e+00 -1.086513950651208305e+01 -1.981822794610453187e+01 0.000000000000000000e+00 0.000000000000000000e+00 0.000000000000000000e+00 0.000000000000000000e+00 0.000000000000000000e+00 0.000000000000000000e+00 0.000000000000000000e+00 0.000000000000000000e+00
2.835975932376607034e+01 1.025771016996154295e+01 -2.512660730440115486e+01 2.578834944112561800e+01 0.000000000000000000e+00 1.624256445265888305e+00 7.454968744755221977e+00 6.919395212135155404e+00 5.877242471720606432e+00 0.000000000000000000e+00 2.053111456266799095e+01 1.852564034403867055e+01 1.474478255586760334e+01 0.000000000000000000e+00 0.000000000000000000e+00 -2.073807729920953946e+01 -2.089789694797282849e+01 -1.855127774252030459e+00 0.000000000000000000e+00 0.000000000000000000e+00 -1.885266441288203421e+00 0.000000000000000000e+00 -1.211692881645819522e-02 0.000000000000000000e+00 0.000000000000000000e+00
2.186825635932022394e+01 -1.222654694914394824e+01 1.114686101670581486e+01 1.955789926793953981e+01 0.000000000000000000e+00 6.412872348864207872e+00 1.557894072603836833e+01 -3.231266636469599884e+00 -9.696745599851483433e-02 0.000000000000000000e+00 9.969003979818646499e+00 1.883241888111379936e+00 -7.895891380961753470e+00 0.000000000000000000e+00 0.000000000000000000e+00 2.677543257426873424e+01 -3.000000000000000000e+01 -2.349667514866184082e+00 0.000000000000000000e+00 0.000000000000000000e+00 -7.600145059482351861e+00 0.000000000000000000e+00 -1.010980163073525695e+01 -9.251572860165167000e-01 0.000000000000000000e+00
7.535735051248447114e+00 -8.356341840118039599e+00 -1.888108318274690234e+01 5.278926356205017711e+00 0.000000000000000000e+00 8.422695691467199097e+00 -2.037998448541210905e+01 -2.467642444143880098e+01 -7.639860784440437591e+00 0.000000000000000000e+00 -7.534449719091500519e+00 -1.483431864517150522e+01 2.222648640082518767e+01 0.000000000000000000e+00 0.000000000000000000e+00 2.450402759022975374e+01 3.000000000000000000e+01 -3.963282975440457712e+00 -2.187175275096504140e-02 0.000000000000000000e+00 -1.225419929709174660e+01 0.000000000000000000e+00 -8.112958153083823731e+00 -1.002714344865601959e+01 0.000000000000000000e+00
-1.174241148329511297e+01 -1.889499036351338290e+01 -2.221160848816495204e+01 -4.784498886679161345e+00 0.000000000000000000e+00 -1.508523733823381896e+00 2.696079373903995346e+01 -3.000000000000000000e+01 -1.386732094376865732e+01 0.000000000000000000e+00 -1.700511497876382450e+01 1.673639390979416319e+01 1.361743151607365832e+01 0.000000000000000000e+00 0.000000000000000000e+00 1.901620724547946395e+01 2.403446599905065284e+01 -8.712442708281013637e+00 -9.928688863321095681e+00 0.000000000000000000e+00 -1.542549040068226596e+01 -8.993434062964006159e+00 -1.592925216515731712e+01 -9.487569803739862806e+00 0.000000000000000000e+00
-2.149607840421486316e+01 -3.000000000000000000e+01 4.799296518559455826e+00 -1.608806697913816919e+01 0.000000000000000000e+00 -1.544292929415620641e+01 8.466365346622497512e+00 5.800337588957171775e+00 -2.618270608906907171e+01 0.000000000000000000e+00 1.676813168960992328e+01 8.460372838696276432e+00 1.067048900007080969e-01 0.000000000000000000e+00 0.000000000000000000e+00 7.421013735268946476e+00 8.825851246470657330e+00 -1.820739548579330247e+01 -1.460568483640812865e+01 0.000000000000000000e+00 -1.531808204425897024e+01 -2.066331904461169344e+01 -2.605815339006811371e+01 -1.395853659485995024e+01 0.000000000000000000e+00
-2.671619406870613744e+01 -3.000000000000000000e+01 -2.630418944332271280e+01 -1.934569463520946542e+01 0.000000000000000000e+00 -7.218792365665571253e+00 -9.330652330747380319e+00 -2.257516429336844155e+01 3.000000000000000000e+01 0.000000000000000000e+00 -1.450776229535574835e+00 -7.535284044507830181e+00 0.000000000000000000e+00 0.000000000000000000e+00 0.000000000000000000e+00 1.754970599606727077e+01 -3.722474820812437635e+00 -3.000000000000000000e+01 -2.303604152371623925e+01 0.000000000000000000e+00 -1.876459602229634527e+01 -2.821832969044989525e+01 -3.000000000000000000e+01 -1.627977517393199847e+01 0.000000000000000000e+00
3.000000000000000000e+01 3.000000000000000000e+01 3.000000000000000000e+01 2.262138991508993513e+01 0.000000000000000000e+00 -2.329849302744748485e+01 1.785510018882587957e+01 -1.697060020761398036e+01 2.770185242504106782e+01 0.000000000000000000e+00 -2.169363355293401341e+01 1.650479286700228698e+01 0.000000000000000000e+00 0.000000000000000000e+00 0.000000000000000000e+00 3.330635038625593847e+00 1.763759239112560451e+01 3.000000000000000000e+01 2.589957432893581313e+01 0.000000000000000000e+00 3.000000000000000000e+01 3.000000000000000000e+01 3.000000000000000000e+01 2.089918825918883982e+01 0.000000000000000000e+00
2.285909286762518988e+01 1.831392640174659547e+01 1.445876912618705390e+01 1.532753077817546128e+01 0.000000000000000000e+00 1.256645555629970090e+01 2.977509535855341394e+00 -2.839140053241574080e+01 2.207185589545561299e+01 0.000000000000000000e+00 1.435250952624660492e+01 1.612864340897508519e-01 -6.336211214040933903e+00 0.000000000000000000e+00 0.000000000000000000e+00 -9.072678833807735543e+00 3.573169125500065268e-01 2.386993293865625887e+01 2.124127456811388015e+01 0.000000000000000000e+00 2.368782771989960878e+01 2.693734209858512685e+01 2.707979331848043003e+01 1.900953268453460865e+01 0.000000000000000000e+00
1.779916631156311979e+01 1.570378094013094028e+01 2.002079085077733467e+00 7.676253128770765599e+00 0.000000000000000000e+00 -2.164149709230489904e+01 -2.252470284372030207e+01 3.000000000000000000e+01 5.840174503104398340e+00 0.000000000000000000e+00 1.348498352988946003e+01 -1.168783148022823859e+01 -2.320450286847906796e+01 0.000000000000000000e+00 0.000000000000000000e+00 -1.453127395289529744e+01 0.000000000000000000e+00 9.569489375412716825e+00 1.444692302103106130e+01 0.000000000000000000e+00 2.044370418524797373e+01 2.410221897450770356e+01 2.175103756407981592e+01 1.719917109761746232e+01 0.000000000000000000e+00
9.134394393892671715e+00 9.995612714134489707e+00 0.000000000000000000e+00 1.379636763691321488e-01 0.000000000000000000e+00 2.233288023653522814e+01 2.032653095975458513e+01 3.000000000000000000e+01 4.424427349797190878e-01 0.000000000000000000e+00 -2.665096874851716091e+00 -3.959309258277000865e+00 3.000000000000000000e+01 0.000000000000000000e+00 0.000000000000000000e+00 1.736486105099714550e+01 -4.729904199197923376e+00 -1.699356194246751883e+01 1.352478388064875858e+01 0.000000000000000000e+00 1.298483025566090276e+01 5.428057348268981563e+00 1.900444966622920617e+01 9.746743224386728244e+00 0.000000000000000000e+00
1.004084662482375379e+00 1.739559935389035639e+00 0.000000000000000000e+00 0.000000000000000000e+00 0.000000000000000000e+00 -2.187120932738664703e+00 2.381520043811466536e+01 3.000000000000000000e+01 -1.015869878834723039e+01 0.000000000000000000e+00 9.003822489779889082e+00 1.288924319882098324e+01 3.000000000000000000e+01 0.000000000000000000e+00 0.000000000000000000e+00 -2.514719107813297327e+00 -2.216248451800107233e+01 1.592998916979913204e+01 4.062662004608784683e-01 0.000000000000000000e+00 8.777060621250317496e+00 0.000000000000000000e+00 8.803103705422239855e+00 5.853898169344139646e+00 0.000000000000000000e+00
0.000000000000000000e+00 1.215701995688034387e-02 0.000000000000000000e+00 0.000000000000000000e+00 0.000000000000000000e+00 -1.692410528800366976e+01 2.034599516761815607e+01 2.176002294969002904e+01 -1.918319196342411814e+01 0.000000000000000000e+00 -1.852892220020764213e+01 -4.340720340037140801e+00 3.000000000000000000e+01 0.000000000000000000e+00 0.000000000000000000e+00 -1.794235963580924853e+00 -3.000000000000000000e+01 2.340900702334341332e+00 -7.767072782918476026e-01 0.000000000000000000e+00 4.993970211612879240e-01 -2.344582526557463353e+00 2.017212258991326479e+01 -2.574266151600799635e+00 0.000000000000000000e+00
0.000000000000000000e+00 0.000000000000000000e+00 0.000000000000000000e+00 0.000000000000000000e+00 0.000000000000000000e+00 -1.893669455278089586e+01 4.782910609599392515e+00 1.730602630446630386e+01 2.303612410865409998e+01 0.000000000000000000e+00 -3.000000000000000000e+01 4.283921430357554350e+00 3.000000000000000000e+01 0.000000000000000000e+00 0.000000000000000000e+00 1.560286096267587297e+01 2.853207379052495796e+01 0.000000000000000000e+00 -1.029618303285186620e+01 0.000000000000000000e+00 -2.188093400957389889e+01 1.796266972718612109e+01 1.098862711832121164e+01 -1.428008081579520550e+01 0.000000000000000000e+00
0.000000000000000000e+00 0.000000000000000000e+00 0.000000000000000000e+00 0.000000000000000000e+00 0.000000000000000000e+00 -2.195380821608420163e+01 -2.907685400282895927e+01 6.153013744206187852e+00 1.824469132171622832e+01 0.000000000000000000e+00 -1.804345681028926052e+01 -1.540318018399045208e+01 1.057511463862923051e+01 0.000000000000000000e+00 0.000000000000000000e+00 -2.409156791276182208e+00 1.350990488982939119e+01 -5.348991426675804739e+00 -2.070047918558105238e+01 0.000000000000000000e+00 -3.000000000000000000e+01 -3.604171145616009486e+00 9.887226663841108820e-01 -2.019333284435894882e+01 0.000000000000000000e+00
0.000000000000000000e+00 0.000000000000000000e+00 0.000000000000000000e+00 0.000000000000000000e+00 0.000000000000000000e+00 2.951960834083256557e+01 -1.919793745882641645e+01 7.302851363348763059e+00 -2.390667950096239114e+00 0.000000000000000000e+00 3.000000000000000000e+01 2.225562204427587787e+01 -1.209974987713901307e+01 0.000000000000000000e+00 0.000000000000000000e+00 1.839146759456175673e+00 3.000000000000000000e+01 -1.801791981416581478e+01 3.000000000000000000e+01 0.000000000000000000e+00 3.000000000000000000e+01 2.173313045912407926e+00 0.000000000000000000e+00 -2.296795972710622991e+01 0.000000000000000000e+00
0.000000000000000000e+00 0.000000000000000000e+00 0.000000000000000000e+00 0.000000000000000000e+00 0.000000000000000000e+00 2.190815284191755552e+01 -2.532596277992444911e+01 0.000000000000000000e+00 -1.753703388892714443e+01 0.000000000000000000e+00 1.746200964090197161e+01 8.547064556435717719e+00 -2.568800363982495227e+01 0.000000000000000000e+00 0.000000000000000000e+00 -1.418150089889978993e+01 1.636238441403364519e+01 1.741542561823640511e+01 2.277530702510807359e+01 0.000000000000000000e+00 3.000000000000000000e+01 -1.176670131367187899e+01 -1.832810565401349900e-01 2.609126201027276082e+01 0.000000000000000000e+00
0.000000000000000000e+00 0.000000000000000000e+00 0.000000000000000000e+00 0.000000000000000000e+00 0.000000000000000000e+00 1.120430085045801860e+01 3.000000000000000000e+01 0.000000000000000000e+00 3.000000000000000000e+01 0.000000000000000000e+00 -4.894548424684007415e+00 -1.078198810276570896e+01 3.000000000000000000e+01 0.000000000000000000e+00 0.000000000000000000e+00 -5.341926610449482027e+00 -2.065372995414285068e-02 -7.062558504823939209e+00 5.040544087317475608e+00 0.000000000000000000e+00 2.465534264125833275e+01 1.515862236770963456e+01 -1.554522319310462208e+01 2.003821329887407998e+01 0.000000000000000000e+00
0.000000000000000000e+00 0.000000000000000000e+00 0.000000000000000000e+00 0.000000000000000000e+00 0.000000000000000000e+00 6.450436565778000508e-01 2.845060459460949076e+01 0.000000000000000000e+00 2.316557822197126981e+01 0.000000000000000000e+00 -1.995410967588516371e+01 1.473311932499680310e+01 2.013212793514811949e+01 0.000000000000000000e+00 0.000000000000000000e+00 1.226506899312089871e+01 -1.486250996131899527e+01 -1.171023673403987786e+01 -2.135782109485440472e+01 0.000000000000000000e+00 2.228085521581260409e+01 6.793398964846377730e+00 1.843627220150841950e+01 1.555448964023608305e+01 0.000000000000000000e+00
0.000000000000000000e+00 0.000000000000000000e+00 0.000000000000000000e+00 0.000000000000000000e+00 0.000000000000000000e+00 0.000000000000000000e+00 2.055571966820830454e+01 0.000000000000000000e+00 3.733429277395198920e+00 -3.788287559911782121e-02 1.076000471958233184e+01 1.637571828963197973e+00 9.832612496078652953e+00 0.000000000000000000e+00 -9.233679334216413070e-02 -4.438463104882410803e+00 -3.102683659326491927e+00 1.889557451979771230e+01 2.905975150332618639e+01 0.000000000000000000e+00 1.932879172458914141e+01 -1.168189533534267888e+01 -1.404268114711724280e+01 2.378763760565835383e+00 -1.550081222893127941e-01
0.000000000000000000e+00 0.000000000000000000e+00 0.000000000000000000e+00 0.000000000000000000e+00 0.000000000000000000e+00 -3.223506346621195284e+00 1.380158400906727856e+01 0.000000000000000000e+00 0.000000000000000000e+00 -1.854124990022485431e+00 -4.320718480204769563e+00 -2.132507339846011263e+01 -6.808533458533285732e+00 -5.106290606000041254e-02 -3.307258340332648761e+00 5.959663095100955488e+00 1.263089176835583594e+01 -3.121845041093049389e+00 3.000000000000000000e+01 0.000000000000000000e+00 4.658509829045440198e-01 -3.018328267850014957e+00 2.461100320172376144e+01 -1.829530506954931468e+01 -9.159721786673292954e+00
0.000000000000000000e+00 0.000000000000000000e+00 0.000000000000000000e+00 0.000000000000000000e+00 0.000000000000000000e+00 -9.625688971053351750e+00 1.678950024773226968e+00 0.000000000000000000e+00 0.000000000000000000e+00 -6.101540646789103128e+00 -1.671854085096037323e+01 1.609597708444972142e+01 1.685544515757408135e+01 -5.037719223345995090e+00 -1.079683912203359952e+01 -1.078572015061491740e+01 -3.217909614753082792e+00 1.195854205472675780e+01 1.496953244142940775e+01 0.000000000000000000e+00 -3.344266203443997831e+00 1.100223965474622290e+01 -2.581843740564540823e+01 3.000000000000000000e+01 -1.378765209295689331e+01
0.000000000000000000e+00 0.000000000000000000e+00 0.000000000000000000e+00 0.000000000000000000e+00 0.000000000000000000e+00 -1.471024361231929234e+01 -2.845475087078509269e+00 0.000000000000000000e+00 0.000000000000000000e+00 -1.663749787527539326e+01 -2.303624814567448809e+01 -1.108493879935167747e+01 9.173035593034710722e-01 -9.585273239845196969e+00 -1.659442481820691029e+01 -2.128011866928826024e+01 2.401480459460744044e+01 -8.207767385662194215e+00 -2.135795877181767999e+00 -1.046903639451182144e+01 -1.728301489969059190e+01 -1.326215305412474876e+01 -2.272317926731115545e+00 2.335330789091970871e+01 -1.790963257939537101e+01
0.000000000000000000e+00 0.000000000000000000e+00 0.000000000000000000e+00 0.000000000000000000e+00 0.000000000000000000e+00 -2.071670370507585801e+01 -1.075080534635761786e+01 0.000000000000000000e+00 -1.203260104556908239e+00 -1.820577812827719555e+01 -2.537696712894826589e+01 -2.155928635736009724e+01 -1.964156150628345188e+01 -1.676984780366228733e+01 -2.355727791985381003e+01 -1.952291740898950678e+01 -2.790229211728969716e+01 4.444790032912689703e+00 -7.135619133685101367e+00 -2.158933078451671150e+01 -1.657261627528517423e+01 -6.042109903525811454e+00 2.766810252430820327e+01 9.755871962432248523e+00 -1.730485988777752127e+01
0.000000000000000000e+00 0.000000000000000000e+00 0.000000000000000000e+00 0.000000000000000000e+00 0.000000000000000000e+00 -1.198717601535564015e+01 -1.660107047496673616e+01 0.000000000000000000e+00 -9.357264471411090412e+00 -8.789222386434815348e+00 -3.000000000000000000e+01 -3.000000000000000000e+01 1.391455103154819284e+01 -3.000000000000000000e+01 -3.000000000000000000e+01 -2.974964496497450739e+01 2.386038542639316873e+01 -2.223993562712527350e+01 -1.604095280100388976e+01 -2.793545133112177226e+01 -1.840795343172550247e+01 -2.307137459648008004e+01 1.837846067923765503e+01 -1.114177377913105893e+00 -1.862895870716604918e+01
