# yaw
0.000000000000000000e+00 0.000000000000000000e+00 0.000000000000000000e+00 0.000000000000000000e+00 0.000000000000000000e+00 1.286440623985199672e+01 -2.486480233946921814e+01 -2.196386227713319528e+01 0.000000000000000000e+00 1.125149459962045384e+01 3.000000000000000000e+01 -1.391069214764459616e+01 -2.658627012142197188e+01 3.000000000000000000e+01 3.000000000000000000e+01 3.000000000000000000e+01 3.000000000000000000e+01 -9.599212231955519314e+00 1.866461072729989734e+00 3.000000000000000000e+01 3.000000000000000000e+01 0.000000000000000000e+00 -2.599899594275344938e+01 6.355517696018090135e+00 3.000000000000000000e+01
0.000000000000000000e+00 0.000000000000000000e+00 0.000000000000000000e+00 0.000000000000000000e+00 0.000000000000000000e+00 1.584481330957456358e+01 -2.642574735535808728e+01 -2.845754989415649661e+01 0.000000000000000000e+00 1.489372197870139836e+01 2.826829860958204321e+01 -2.516724017210891162e+01 2.947833634454318030e+01 2.547596660363053900e+01 2.625956880071299082e+01 2.200101687798122185e+01 2.956554835131188241e+01 -2.289941072034611480e+01 0.000000000000000000e+00 2.954809364621875289e+01 2.476932706224558700e+01 7.158233569027867560e-01 2.817132806082557295e+01 -1.509730705261396544e+01 2.342756583863654996e+01
0.000000000000000000e+00 0.000000000000000000e+00 0.000000000000000000e+00 0.000000000000000000e+00 0.000000000000000000e+00 1.373703583515582416e+01 2.907406751827786451e+01 2.922069558475243767e+01 0.000000000000000000e+00 1.327123133895086227e+01 1.347266995529765410e+01 2.251891628794250622e+01 2.170946488347042802e+01 1.170024031410284238e+01 1.792217644272335164e+01 1.424984333115771662e+01 2.471641401143767069e+01 2.882965755995575918e+01 -9.221098415923201230e+00 2.800874715436165019e+01 1.582450641109280021e+01 -1.922823995208781156e+01 2.923866737758334367e+01 1.790134802354782551e+01 2.610145430707701308e+01
0.000000000000000000e+00 0.000000000000000000e+00 0.000000000000000000e+00 0.000000000000000000e+00 0.000000000000000000e+00 8.749200551294768147e+00 2.404792504285260435e+01 2.518435723631571577e+01 0.000000000000000000e+00 8.391127323551344830e+00 1.359880753200255477e+01 7.282539705589293533e+00 1.745408155138187567e+01 1.046296292361819802e+01 2.147122914774340252e+00 5.577118507438425077e+00 5.288769232771347362e+00 1.807861255063248862e+01 3.000000000000000000e+01 2.004947868157257318e+01 5.574142870489013468e+00 1.307121661448817562e+01 8.284632925604082487e+00 1.712150007833544707e-02 1.438769601766633954e+01
0.000000000000000000e+00 0.000000000000000000e+00 0.000000000000000000e+00 0.000000000000000000e+00 0.000000000000000000e+00 1.526112770453345036e+00 2.120840087094596171e+01 2.081007253368144561e+01 0.000000000000000000e+00 5.934814598118240525e+00 1.714477782007632456e+00 0.000000000000000000e+00 1.894607162995973093e+00 2.874932523401557471e+00 -1.544398666051078628e+01 -1.882828775679299405e-01 2.691335280229027571e+00 2.133267649217231998e+00 1.545946793789669549e+01 2.379264655921410565e+01 0.000000000000000000e+00 -2.534804113485247612e+01 -2.134131444751374218e+01 -1.137252166762906747e+01 1.792259673348057447e+01
0.000000000000000000e+00 0.000000000000000000e+00 0.000000000000000000e+00 0.000000000000000000e+00 0.000000000000000000e+00 7.105519451803335440e-02 1.407161873919307915e+01 1.035078978899309732e+01 0.000000000000000000e+00 -1.364468873973791352e+00 0.000000000000000000e+00 -1.627829435796463775e+00 2.094210430913011578e+01 -1.868488764825253767e+01 2.833060169631513148e+01 0.000000000000000000e+00 1.110534466327814940e+00 1.828921196916810743e+01 -7.416598644520389527e+00 2.538785523897819374e+01 0.000000000000000000e+00 2.823471373628359515e+01 6.237125496739846398e+00 -1.073435150302828411e+01 1.568901559579553462e+00
0.000000000000000000e+00 0.000000000000000000e+00 0.000000000000000000e+00 0.000000000000000000e+00 0.000000000000000000e+00 0.000000000000000000e+00 5.441588721181261690e+00 9.128174850922810890e+00 0.000000000000000000e+00 0.000000000000000000e+00 0.000000000000000000e+00 -1.600381657831060167e+01 2.116734134725161098e+01 2.733014574869553925e+01 2.514530716034091995e+01 0.000000000000000000e+00 0.000000000000000000e+00 4.074074368454412287e+00 -2.641813568306662674e+01 2.593383805988025426e+00 0.000000000000000000e+00 1.937515486178598678e+01 -2.083881917258225158e+01 1.942272889435524874e+01 1.922608817016386951e+01
0.000000000000000000e+00 0.000000000000000000e+00 0.000000000000000000e+00 0.000000000000000000e+00 0.000000000000000000e+00 0.000000000000000000e+00 4.644231303551645818e-01 0.000000000000000000e+00 0.000000000000000000e+00 -3.471691441691504121e+00 0.000000000000000000e+00 -6.117536410751620579e+00 -8.325882000354763335e+00 2.277577026621066025e+01 1.473137030947363968e+01 0.000000000000000000e+00 0.000000000000000000e+00 -4.143606205992453440e+00 2.773579142353504778e+01 9.180359993139660446e+00 0.000000000000000000e+00 1.625453792826856514e+01 2.572921574793770816e+01 5.956778036976980495e+00 -1.638226084577298636e+01
0.000000000000000000e+00 0.000000000000000000e+00 0.000000000000000000e+00 0.000000000000000000e+00 0.000000000000000000e+00 0.000000000000000000e+00 0.000000000000000000e+00 0.000000000000000000e+00 0.000000000000000000e+00 -8.859113013949192705e+00 0.000000000000000000e+00 -2.244309967938315964e+01 3.000000000000000000e+01 1.000774026511181880e+01 2.289588601552161506e+01 0.000000000000000000e+00 0.000000000000000000e+00 -1.765934107773529149e+01 1.004664754895549095e+01 7.192437341971664289e+00 0.000000000000000000e+00 1.071546373653130502e+01 -4.716404659636247665e+00 -9.235427492206977007e+00 -2.284086237284132892e+01
0.000000000000000000e+00 0.000000000000000000e+00 0.000000000000000000e+00 0.000000000000000000e+00 0.000000000000000000e+00 0.000000000000000000e+00 -1.111650078422143223e-01 -3.482894082796764490e+00 -4.868683860404275920e-01 -1.029487004010456630e+01 0.000000000000000000e+00 2.385179501269321278e+01 1.365551204304877331e+01 -4.583380276525703678e+00 2.618328262198151846e-01 0.000000000000000000e+00 0.000000000000000000e+00 2.377022826529655575e+01 3.000000000000000000e+01 1.362941734586298859e+00 0.000000000000000000e+00 8.679904669877741563e-01 -2.867028252775531172e+01 2.555530503459028679e+01 2.450950489581812164e+01
0.000000000000000000e+00 0.000000000000000000e+00 0.000000000000000000e+00 0.000000000000000000e+00 0.000000000000000000e+00 0.000000000000000000e+00 -9.576312036990596965e+00 -1.178697875076437285e+01 -1.341368216519647305e+01 -8.204305111694615960e+00 0.000000000000000000e+00 5.076655573091547247e+00 -7.383698234842958286e+00 1.470970451403909607e+01 -1.829400144278934448e+01 0.000000000000000000e+00 0.000000000000000000e+00 3.271526236664735521e+00 -3.590958131635074047e+00 -6.611957826869276911e-01 0.000000000000000000e+00 0.000000000000000000e+00 -2.048312559067775496e+01 8.454544894971803615e+00 1.354218702009597308e+01
0.000000000000000000e+00 0.000000000000000000e+00 -5.261797367528620484e+00 0.000000000000000000e+00 0.000000000000000000e+00 0.000000000000000000e+00 -2.123500205384373629e+01 -8.097289653495103323e+00 -1.602609535416194575e+01 -1.864948341523574271e+01 0.000000000000000000e+00 -5.501305710059165577e+00 -2.001594092374991263e+01 -4.359717223844581935e-01 3.000000000000000000e+01 0.000000000000000000e+00 0.000000000000000000e+00 -6.932538237035323014e+00 1.557775051847301206e+01 -1.803964408031524513e+01 0.000000000000000000e+00 0.000000000000000000e+00 2.973766828394473194e+01 1.292672711883779746e+00 2.235751002244759533e+01
0.000000000000000000e+00 0.000000000000000000e+00 -7.894135144909393276e+00 0.000000000000000000e+00 0.000000000000000000e+00 0.000000000000000000e+00 2.870498992761031687e+01 -1.795995443156323290e+01 -1.384459381952311219e+01 -2.509942315392235912e+01 0.000000000000000000e+00 -9.304703260717875679e+00 2.148814668926635818e+01 4.750914279650574334e-01 2.292386379052216938e+01 0.000000000000000000e+00 0.000000000000000000e+00 9.211267921948456561e+00 1.357457835866473506e+00 -3.240190794233922755e+00 0.000000000000000000e+00 -7.607340196539250643e-01 9.414218382684452990e+00 -1.395495812754758980e+01 2.903593789501701661e+00
0.000000000000000000e+00 0.000000000000000000e+00 -6.768652112835160217e+00 0.000000000000000000e+00 0.000000000000000000e+00 0.000000000000000000e+00 2.059604719211893453e+01 2.453559150620709772e+01 -1.436146344894986271e+01 2.265007109341257419e+01 0.000000000000000000e+00 1.333709970776808973e+01 1.274044522133849178e+01 1.574885232679173264e+01 -2.344686935397399363e+00 0.000000000000000000e+00 0.000000000000000000e+00 5.100936982709445289e-01 -1.111492426206515383e+01 2.300583548471779238e+01 0.000000000000000000e+00 -4.652900863583426805e+00 -1.763357565260615090e+01 1.054467559359601481e+01 -9.732225144872192146e+00
0.000000000000000000e+00 0.000000000000000000e+00 -1.695067247161241042e+01 0.000000000000000000e+00 0.000000000000000000e+00 0.000000000000000000e+00 1.303433706490253563e+01 1.053945903752346247e+01 -8.347954753765282732e+00 8.922129061886336032e+00 0.000000000000000000e+00 3.632422999545716902e+00 -1.911626827557481922e+00 -7.347949948708484280e-01 2.076565804623700728e+01 0.000000000000000000e+00 0.000000000000000000e+00 -7.883365818576243633e+00 -2.826372245079048540e+01 3.697258451718632877e+00 0.000000000000000000e+00 -8.217522391356924416e+00 9.820984744522064602e+00 -9.595555858262336812e+00 -2.567855449500851961e+01
0.000000000000000000e+00 -2.650621294378360027e+00 -2.139641617880331026e+01 -7.281588720216863875e-02 -6.902953260263464674e-01 0.000000000000000000e+00 7.951314777368422015e-02 6.263341801592653413e-01 3.000000000000000000e+01 -7.858459621928970407e+00 0.000000000000000000e+00 2.269294873539431934e-02 -1.556925378741027366e+01 -1.368353970752669824e+01 1.578408292638451904e+01 0.000000000000000000e+00 0.000000000000000000e+00 -1.470085699159298720e+01 2.841232678011235535e+01 7.502609731811367588e+00 0.000000000000000000e+00 -1.166433447895576592e+01 -1.448984554369378408e+01 -6.692907095613199076e+00 3.000000000000000000e+01
0.000000000000000000e+00 -1.253873194431695381e+01 -2.258381515109541482e+01 -6.865822271532795895e+00 -1.020928737634032757e+01 0.000000000000000000e+00 -1.706243650928207600e+01 -1.329047245445885750e+01 -2.651215159063295701e+01 -1.398905511365258203e-01 0.000000000000000000e+00 -2.540908097494215312e+00 -2.468720964129908424e+01 -2.207738066434267665e+01 3.816710776664137938e+00 0.000000000000000000e+00 0.000000000000000000e+00 -2.438785206152651952e+01 2.327841384655256363e+00 -2.482091594510134058e+00 0.000000000000000000e+00 -1.802275929397368870e+01 -1.967759851357364909e+01 -1.649476705532086740e+01 -2.014871083185821732e+01
0.000000000000000000e+00 -1.093866386916838529e+01 2.980569598119149788e+01 -2.086313853907349980e+01 -2.542769183067006367e+01 0.000000000000000000e+00 -2.516106700937879737e+01 -2.519810184046863455e+01 2.981764979656076520e+01 -1.603631097132236505e+01 0.000000000000000000e+00 -8.065565983004230333e+00 2.937313981578815714e+01 2.227345889207181528e+01 -1.281550221742799067e+01 0.000000000000000000e+00 0.000000000000000000e+00 -2.981054622322147907e+01 2.721595291592158716e+01 1.464911614550456243e+01 0.000000000000000000e+00 -2.118514471624206053e+01 -2.847332096651015831e+01 -2.492438054533576874e+01 -2.651778964871861533e+01
0.000000000000000000e+00 1.831648583221022619e+01 2.545322713199410103e+01 3.000000000000000000e+01 -3.000000000000000000e+01 0.000000000000000000e+00 2.702960545921930091e+01 1.886212074171307407e+01 1.987917606974005480e+01 -3.000000000000000000e+01 0.000000000000000000e+00 -2.024767658808590198e+01 1.926730705541771016e+01 7.202706562209358232e+00 1.410959335529482672e+01 0.000000000000000000e+00 0.000000000000000000e+00 3.000000000000000000e+01 1.234114979417036828e+01 6.227075538241051866e+00 0.000000000000000000e+00 2.343664422716521401e+01 3.000000000000000000e+01 3.000000000000000000e+01 3.000000000000000000e+01
0.000000000000000000e+00 1.617139415189812368e+01 2.272378818869454165e+01 2.470534768104104373e+01 3.000000000000000000e+01 0.000000000000000000e+00 1.935384128419455507e+01 1.663916535205863578e+00 -3.000000000000000000e+01 3.000000000000000000e+01 0.000000000000000000e+00 3.000000000000000000e+01 8.272715423119264555e-01 -2.796570418432759109e+00 -7.720678141125978833e+00 0.000000000000000000e+00 0.000000000000000000e+00 2.912886245343662495e+01 5.205149681573977283e-01 -5.354381366508718099e-01 0.000000000000000000e+00 1.698888934569991349e+01 2.621043055429730018e+01 2.432639708328313333e+01 2.841507820943595064e+01
0.000000000000000000e+00 1.032371817701573846e+01 1.195247746132372413e+01 3.000000000000000000e+01 3.000000000000000000e+01 0.000000000000000000e+00 8.051646954258915301e+00 -7.660850172427799976e+00 3.000000000000000000e+01 2.697016701188670851e+01 0.000000000000000000e+00 2.683485777981189813e+01 0.000000000000000000e+00 -8.426763205432292736e+00 2.425050227420420867e+01 0.000000000000000000e+00 0.000000000000000000e+00 1.442262941477475024e+01 -2.006968456478209362e+01 -2.180940816287590422e+01 0.000000000000000000e+00 1.613721666937219723e+01 1.901380074974028389e+01 1.523802135762521637e+01 2.070884344910241026e+01
0.000000000000000000e+00 -1.902068663026502016e+00 1.918234461674138913e+01 2.703360068581547182e+01 3.000000000000000000e+01 0.000000000000000000e+00 0.000000000000000000e+00 -1.257218510152468549e-01 2.842117188036486652e+01 1.849679551744585737e+01 0.000000000000000000e+00 2.123784263474136935e+01 0.000000000000000000e+00 1.188529004432881386e+01 -7.092653090242345471e+00 0.000000000000000000e+00 0.000000000000000000e+00 2.197129352065816121e+01 2.115859197362933486e+01 3.000000000000000000e+01 0.000000000000000000e+00 3.141625016927195091e+00 4.146407238894261660e+00 1.091050746249204195e+01 1.512706362629913492e+01
0.000000000000000000e+00 -1.304099161253202865e+01 1.896845226151685893e+01 1.080488081690801216e+01 5.344145113767684308e-02 0.000000000000000000e+00 -1.978313619549685765e+00 1.785146888821183275e-01 3.000000000000000000e+01 -7.705203507470306690e+00 0.000000000000000000e+00 -5.459910031332736446e-01 -2.526200440800318248e+00 -1.488248158021844247e+01 -2.278493010975103417e+01 0.000000000000000000e+00 0.000000000000000000e+00 1.556329181099409542e-01 -1.579419448382163083e+00 2.410260678012278390e+01 0.000000000000000000e+00 2.106316682122071349e+00 0.000000000000000000e+00 2.188770906606180677e+00 2.261566541110390904e+00
0.000000000000000000e+00 0.000000000000000000e+00 0.000000000000000000e+00 0.000000000000000000e+00 0.000000000000000000e+00 0.000000000000000000e+00 0.000000000000000000e+00 0.000000000000000000e+00 0.000000000000000000e+00 0.000000000000000000e+00 0.000000000000000000e+00 0.000000000000000000e+00 0.000000000000000000e+00 0.000000000000000000e+00 0.000000000000000000e+00 0.000000000000000000e+00 0.000000000000000000e+00 0.000000000000000000e+00 0.000000000000000000e+00 0.000000000000000000e+00 0.000000000000000000e+00 0.000000000000000000e+00 0.000000000000000000e+00 0.000000000000000000e+00 0.000000000000000000e+00
0.000000000000000000e+00 0.000000000000000000e+00 0.000000000000000000e+00 0.000000000000000000e+00 0.000000000000000000e+00 0.000000000000000000e+00 0.000000000000000000e+00 0.000000000000000000e+00 0.000000000000000000e+00 0.000000000000000000e+00 0.000000000000000000e+00 0.000000000000000000e+00 0.000000000000000000e+00 0.000000000000000000e+00 0.000000000000000000e+00 0.000000000000000000e+00 0.000000000000000000e+00 0.000000000000000000e+00 0.000000000000000000e+00 0.000000000000000000e+00 0.000000000000000000e+00 0.000000000000000000e+00 0.000000000000000000e+00 0.000000000000000000e+00 0.000000000000000000e+00
0.000000000000000000e+00 0.000000000000000000e+00 0.000000000000000000e+00 0.000000000000000000e+00 0.000000000000000000e+00 0.000000000000000000e+00 0.000000000000000000e+00 0.000000000000000000e+00 0.000000000000000000e+00 0.000000000000000000e+00 0.000000000000000000e+00 0.000000000000000000e+00 0.000000000000000000e+00 0.000000000000000000e+00 0.000000000000000000e+00 0.000000000000000000e+00 0.000000000000000000e+00 0.000000000000000000e+00 0.000000000000000000e+00 0.000000000000000000e+00 0.000000000000000000e+00 0.000000000000000000e+00 0.000000000000000000e+00 0.000000000000000000e+00 0.000000000000000000e+00
0.000000000000000000e+00 1.681945783259308058e+01 3.000000000000000000e+01 2.032808342507558308e+01 1.106176020023081108e+01 0.000000000000000000e+00 2.798113830946977032e+01 -2.578276600331355795e+01 -2.856885588415300958e+01 -6.637365978540131550e+00 0.000000000000000000e+00 1.097782607183941161e+00 -1.113262683789910490e+01 -9.729427570295351657e+00 -8.416485993028413048e+00 0.000000000000000000e+00 0.000000000000000000e+00 0.000000000000000000e+00 3.000000000000000000e+01 3.000000000000000000e+01 0.000000000000000000e+00 0.000000000000000000e+00 0.000000000000000000e+00 0.000000000000000000e+00 0.000000000000000000e+00
0.000000000000000000e+00 3.481843469542257097e+00 3.000000000000000000e+01 2.305169789911435174e+00 2.044898222253571429e+00 0.000000000000000000e+00 2.334784730513626894e+00 2.828711421531622250e+01 -3.000000000000000000e+01 2.155451403615855455e+01 0.000000000000000000e+00 -1.837331189300980827e-01 -2.371842276433881125e+01 1.330831159129180108e+01 2.096598741820679734e+01 0.000000000000000000e+00 0.000000000000000000e+00 0.000000000000000000e+00 2.205275559129182028e+01 2.735197883064051894e+01 0.000000000000000000e+00 0.000000000000000000e+00 0.000000000000000000e+00 0.000000000000000000e+00 0.000000000000000000e+00
0.000000000000000000e+00 -9.936674331358032575e+00 2.952157697848699414e+01 2.497420497050528265e+00 -1.938094552473064880e+01 0.000000000000000000e+00 -2.223361669905629512e+01 1.759929559188910986e+01 2.820288859917609159e+01 3.562932891244545264e+00 0.000000000000000000e+00 -1.057829329215426561e+01 2.878930874512070659e+01 6.074101011300065522e+00 2.440676701168805529e+00 0.000000000000000000e+00 0.000000000000000000e+00 0.000000000000000000e+00 4.031004906796219700e+00 1.940233942583730808e+01 0.000000000000000000e+00 0.000000000000000000e+00 0.000000000000000000e+00 0.000000000000000000e+00 0.000000000000000000e+00
0.000000000000000000e+00 1.204593012664074614e+01 3.000000000000000000e+01 -1.841089686214264631e+01 3.000000000000000000e+01 0.000000000000000000e+00 2.679749892005526490e+01 -1.472346264727308807e+01 3.000000000000000000e+01 1.631290939152488662e+01 0.000000000000000000e+00 1.404739843831327128e+01 1.436520164027448132e+01 -1.502218768470221022e+01 -1.589704062130917173e+01 0.000000000000000000e+00 0.000000000000000000e+00 0.000000000000000000e+00 -1.643669079109973064e+00 7.420826070136197217e+00 0.000000000000000000e+00 0.000000000000000000e+00 0.000000000000000000e+00 0.000000000000000000e+00 0.000000000000000000e+00
-1.649614675086931159e+00 -7.030388115901825330e+00 1.992209213182720617e+01 2.494848145328146316e+01 9.772667957105550585e+00 0.000000000000000000e+00 -1.612676670183202887e+01 1.362431127418268240e+01 1.716540456134818626e+01 0.000000000000000000e+00 0.000000000000000000e+00 3.132353359277779692e-01 4.858488391476349477e+00 -2.328751631863887539e+01 2.110293678101007941e+01 0.000000000000000000e+00 0.000000000000000000e+00 0.000000000000000000e+00 -1.770692991935268878e+01 -1.295822725843244205e+00 0.000000000000000000e+00 0.000000000000000000e+00 0.000000000000000000e+00 0.000000000000000000e+00 0.000000000000000000e+00
-8.950494591142835077e+00 2.290485730403877085e+01 1.670262443296203614e+01 9.833400144189990755e+00 -8.841878416764883397e+00 -1.007245403531766170e+00 1.639511199871974867e+01 2.997073728687624783e-01 2.779946260537749581e+01 -6.323591751710674558e+00 0.000000000000000000e+00 -1.775289078430310852e+01 0.000000000000000000e+00 2.261896795595068710e+01 1.841388166532034409e+00 -8.556344382919345293e-01 0.000000000000000000e+00 0.000000000000000000e+00 2.442658355515152024e+01 -5.972540198661161703e+00 0.000000000000000000e+00 0.000000000000000000e+00 0.000000000000000000e+00 0.000000000000000000e+00 0.000000000000000000e+00
-1.322008915120846240e+01 1.265533377866270115e+01 -1.579400793459881935e-01 6.362346059437539836e+00 -2.138751280069078575e+01 -6.374723229944666336e+00 6.420405171966663715e+00 -5.970768702022608565e+00 1.702103806016056353e+01 -2.850462216766590506e-01 -6.924106634744117805e+00 2.413929770661227536e+01 0.000000000000000000e+00 -3.748477868018356141e+00 -1.128216316484754955e+01 -3.620028933963776119e+00 -8.999387939655071333e-01 0.000000000000000000e+00 5.434528093494646050e+00 -9.869583781523774135e+00 0.000000000000000000e+00 0.000000000000000000e+00 0.000000000000000000e+00 0.000000000000000000e+00 0.000000000000000000e+00
-1.612017033783654085e+01 -2.697915831557365252e+00 -2.198138694354362244e+01 -1.589951828098988607e+01 -1.225830853174671020e+01 -1.018361163304144945e+01 6.306015757876131111e-01 2.160015250488906968e+00 -4.684014589109468218e+00 -1.607051278131088168e+01 -1.627685788848175008e+01 7.307583963514234782e+00 0.000000000000000000e+00 -1.727553961332317201e+01 -5.494535181918628552e+00 -9.231881600563234258e+00 -1.108592930011487532e+01 0.000000000000000000e+00 0.000000000000000000e+00 -1.234222020056840741e+01 0.000000000000000000e+00 0.000000000000000000e+00 0.000000000000000000e+00 0.000000000000000000e+00 0.000000000000000000e+00
-2.024577265330544407e+01 -9.721821240112834772e+00 -2.207907678509007354e+01 -1.314375418828977615e+01 -2.645717241892523930e+01 -1.482972996966806178e+01 -1.441883965967000591e+01 1.088622477870809035e+01 1.669464903817399914e+01 4.702113310631916399e+00 -2.274533370410667388e+01 -8.117687711849692178e+00 0.000000000000000000e+00 -2.350894924645054473e+01 -1.794441785499148168e+01 -9.911087359431395072e+00 -2.447378587143021633e+01 0.000000000000000000e+00 0.000000000000000000e+00 -1.648327430523608683e+01 0.000000000000000000e+00 0.000000000000000000e+00 0.000000000000000000e+00 0.000000000000000000e+00 0.000000000000000000e+00
-2.778646820534357431e+01 1.618538936922240623e+01 2.101391294262781528e+01 -2.395639131879719486e+01 -2.752158175852050448e+01 -2.389824524336159328e+01 -5.277300406467699823e+00 -1.309490760143038335e+00 -7.384705131600209249e+00 -2.166136158224475494e+01 -3.000000000000000000e+01 -6.993017815600534703e+00 -5.431071160311937263e+00 -3.000000000000000000e+01 -2.560876766845784402e+01 -1.307795859954123152e+01 -3.000000000000000000e+01 0.000000000000000000e+00 -3.967377910873716829e+00 -1.068207369591365108e+01 0.000000000000000000e+00 0.000000000000000000e+00 0.000000000000000000e+00 0.000000000000000000e+00 0.000000000000000000e+00
3.000000000000000000e+01 -1.079289993056307750e+01 6.857472551727645360e+00 -2.699066439648393967e+01 3.000000000000000000e+01 3.000000000000000000e+01 -2.251891109061064000e+01 8.715547217402619395e-01 1.493975129838513638e+01 3.000000000000000000e+01 3.000000000000000000e+01 -1.430765144660138510e+01 -1.489883720415752322e+01 3.000000000000000000e+01 3.000000000000000000e+01 1.919405976522461543e+01 3.000000000000000000e+01 0.000000000000000000e+00 -1.894974092234838636e+01 1.961280421204617852e+01 0.000000000000000000e+00 0.000000000000000000e+00 0.000000000000000000e+00 0.000000000000000000e+00 0.000000000000000000e+00
2.771691743304553057e+01 -2.320947723033546239e+01 -7.063388208324566930e-02 -2.162419132238304087e+01 2.440673998644329501e+01 2.209510856582904736e+01 2.958392376912097177e+01 -2.186718648684436417e+01 -5.282205889087854267e-01 1.805737893927732429e+01 2.656636014178679517e+01 -2.762069930226096304e+01 -2.005165290012969947e+01 2.893608800301159434e+01 2.060855006258351096e+01 1.339823905748003519e+01 2.790517634983200068e+01 0.000000000000000000e+00 2.890126256956104811e+01 1.688072113305380029e+01 0.000000000000000000e+00 0.000000000000000000e+00 0.000000000000000000e+00 0.000000000000000000e+00 0.000000000000000000e+00
1.960732537723800561e+01 2.300005033791044440e+01 -1.525286852415885797e+01 2.741382073713299761e+01 1.778311946367108831e+01 2.180724754975998536e+01 2.005958550757961945e+01 2.175350861551698856e+01 -1.186395029869445850e+01 9.318175869310012516e+00 2.199341810216431625e+01 2.328825779324103351e+01 -1.477576837197286608e+01 1.918362394025319162e+01 1.487020118762310972e+01 9.344032630325711963e+00 1.836845311172037398e+01 0.000000000000000000e+00 1.795952616488924392e+01 8.382699652318438055e+00 0.000000000000000000e+00 0.000000000000000000e+00 0.000000000000000000e+00 0.000000000000000000e+00 0.000000000000000000e+00
1.397538489544157159e+01 1.036711364913003308e+01 2.686713501948785776e+01 2.457599061238161653e+01 1.432312835353621239e+01 8.198226346398312714e+00 1.162431592858031415e+01 -9.102778724082702388e-02 -2.219290724499644796e+01 5.093942602762373539e+00 1.770242007407876628e+01 1.187423791371960746e+01 2.320497494257009663e+01 1.257191799181885017e+01 1.672579791235945024e+00 -1.268313420018875526e+01 8.364998840670899938e+00 0.000000000000000000e+00 1.005316283323066884e+01 8.239978797339631456e+00 0.000000000000000000e+00 0.000000000000000000e+00 0.000000000000000000e+00 0.000000000000000000e+00 0.000000000000000000e+00
7.856895148472610169e-01 1.361233905527726940e+01 2.245209050951132923e+01 2.915062001170143802e+01 9.398442341087484664e+00 1.540087828671754311e+00 -1.253143351374766468e+01 -1.106476140226179439e+01 -2.444285606296604030e+01 0.000000000000000000e+00 2.123093003875159646e+00 6.524642219168240720e-01 1.688672520958303380e+01 5.665840846107459861e+00 0.000000000000000000e+00 2.768374197887654375e+01 -3.405739617493305449e+00 0.000000000000000000e+00 -8.297256304974933272e+00 2.232333825471560118e+00 0.000000000000000000e+00 0.000000000000000000e+00 0.000000000000000000e+00 0.000000000000000000e+00 0.000000000000000000e+00
-1.251554784308106516e+00 -3.612932419935571682e-01 -2.638089564283855992e+00 2.522431438504866819e+01 2.170388567853344775e+00 3.948858471365940925e+00 1.142277321215217611e+01 2.495860725964319116e+01 2.910288090345116174e+01 0.000000000000000000e+00 -6.941691911770894730e-03 -1.057384882681198013e+00 6.308656115460094860e+00 1.050484238675661874e-01 0.000000000000000000e+00 1.404026808862198905e+01 -1.235162752477797632e+01 0.000000000000000000e+00 -2.024207642193251289e+01 5.410629167156142394e-01 0.000000000000000000e+00 0.000000000000000000e+00 0.000000000000000000e+00 0.000000000000000000e+00 0.000000000000000000e+00
-1.670308199853232978e+01 1.411855413048604646e+01 1.451653132402444424e+00 1.140183005944358108e+01 0.000000000000000000e+00 9.847195592315605595e+00 -1.734748444273345314e+01 1.004769438703329465e+00 1.891140680420593867e+01 0.000000000000000000e+00 -1.284197863175240428e+01 -1.093318516132995200e+01 1.453432051269058833e+00 0.000000000000000000e+00 0.000000000000000000e+00 9.168466932845136252e-01 1.528773982315555946e+00 0.000000000000000000e+00 1.661633315191958360e+01 0.000000000000000000e+00 0.000000000000000000e+00 0.000000000000000000e+00 0.000000000000000000e+00 0.000000000000000000e+00 0.000000000000000000e+00
1.259482785941388094e+01 5.122692467829760288e-01 1.532501633815454944e+01 -5.297265291538212573e+00 0.000000000000000000e+00 -8.826519287579232653e+00 2.624134219385531708e+01 2.249233539551253358e+01 -3.138798198386156257e-01 0.000000000000000000e+00 -4.000223180310056303e-01 1.100332473713516279e+01 0.000000000000000000e+00 0.000000000000000000e+00 0.000000000000000000e+00 -8.165655378455471958e-01 2.032854417497392419e+01 0.000000000000000000e+00 4.738638076544814837e+00 0.000000000000000000e+00 0.000000000000000000e+00 0.000000000000000000e+00 0.000000000000000000e+00 0.000000000000000000e+00 0.000000000000000000e+00
6.428016934851641384e-01 4.736472077405613490e+00 -1.112975066787249290e+01 9.078552106998222015e+00 0.000000000000000000e+00 -2.143987348514223612e+01 1.709922772935624380e+01 5.920154223441793206e+00 -1.297343396475037736e+01 0.000000000000000000e+00 1.389431579285430596e+00 -8.718367679629048794e+00 -6.426617219679860327e+00 0.000000000000000000e+00 0.000000000000000000e+00 -1.703081963185120529e+01 1.358447758953159834e+01 0.000000000000000000e+00 -1.515673404749779252e+01 0.000000000000000000e+00 0.000000000000000000e+00 0.000000000000000000e+00 0.000000000000000000e+00 0.000000000000000000e+00 0.000000000000000000e+00
1.401149938029393693e+00 -4.070007533569111935e+00 -4.583257470323240490e+00 2.378302163073511721e+00 0.000000000000000000e+00 2.109622351162322929e+01 -9.870084578994697821e+00 -4.293858261743030980e+00 -1.784076467980778702e+01 0.000000000000000000e+00 2.252623925625626100e+01 2.613702967625283691e+01 -1.496487777795166529e+01 0.000000000000000000e+00 0.000000000000000000e+00 2.140821280150807127e+01 2.104738140393914936e+00 0.000000000000000000e+00 2.549237410088657541e+01 0.000000000000000000e+00 0.000000000000000000e+00 0.000000000000000000e+00 0.000000000000000000e+00 0.000000000000000000e+00 0.000000000000000000e+00
-1.510942329310700671e+01 1.309078768342046573e+01 -1.794471950734630639e+01 -5.778341661219490888e+00 0.000000000000000000e+00 1.029986155787690372e+01 4.316807926003537466e-01 -1.196731015426808753e+01 -2.111450067286003929e+01 0.000000000000000000e+00 -5.009891939713341458e+00 6.066893797144132350e+00 -2.472419936409776042e+01 0.000000000000000000e+00 0.000000000000000000e+00 2.547605897052317658e+00 -8.902021692972883926e+00 0.000000000000000000e+00 4.061288369689354028e+00 0.000000000000000000e+00 0.000000000000000000e+00 0.000000000000000000e+00 0.000000000000000000e+00 0.000000000000000000e+00 0.000000000000000000e+00
-2.073562432222128749e+01 -4.054135349447693493e+00 3.000000000000000000e+01 -1.386020382230102044e+01 0.000000000000000000e+00 1.602145311216536427e+01 2.221264990383541615e+01 9.801470454898256079e+00 2.282060024216220384e+01 0.000000000000000000e+00 -1.249343488413914827e+01 7.862748381689375954e+00 2.432954377820222192e+01 0.000000000000000000e+00 0.000000000000000000e+00 -1.273471913719535920e+01 -1.882369173678492302e+01 0.000000000000000000e+00 -1.499088924505994669e+01 0.000000000000000000e+00 0.000000000000000000e+00 0.000000000000000000e+00 0.000000000000000000e+00 0.000000000000000000e+00 0.000000000000000000e+00
2.745910814176065529e+01 -1.908025966608439816e+01 1.799241583771509667e+01 -2.397885610691258762e+01 0.000000000000000000e+00 -2.155142947815865462e+00 4.191446817691676152e+00 8.563854363552875881e+00 1.466865197085099659e+01 0.000000000000000000e+00 2.643305038245032890e+01 -2.920991263545595906e+00 2.317038512239084724e+01 0.000000000000000000e+00 0.000000000000000000e+00 2.098523596416811188e+01 1.726890573473523105e+01 0.000000000000000000e+00 1.858757759534430676e+01 0.000000000000000000e+00 -1.732674324567128554e+00 0.000000000000000000e+00 0.000000000000000000e+00 0.000000000000000000e+00 0.000000000000000000e+00
2.803036946828493470e+01 -2.851531140923099983e+01 5.958396971379299245e+00 3.000000000000000000e+01 0.000000000000000000e+00 1.494175587607878697e+01 -4.934698567323619223e+00 4.308462531736503287e-01 1.421884535204918087e+01 0.000000000000000000e+00 -2.712465118355309812e+01 -2.486559902171810421e+01 2.665422215786917093e+01 0.000000000000000000e+00 0.000000000000000000e+00 1.355373844977783726e+01 -3.451526704871144879e+00 0.000000000000000000e+00 2.827992322071338105e+00 0.000000000000000000e+00 -7.743794111554291426e+00 0.000000000000000000e+00 -4.799980627817848955e+00 -1.652699241040229694e-01 0.000000000000000000e+00
1.149961574818140697e+01 1.410381756870509840e+01 -7.930351288141800126e+00 1.958959207738254804e+01 0.000000000000000000e+00 4.575149177073130347e-02 2.295522772984631388e+01 0.000000000000000000e+00 8.411776604800163426e+00 0.000000000000000000e+00 2.394407389038378398e+01 8.584601811156195694e+00 2.628910332563309638e+01 0.000000000000000000e+00 0.000000000000000000e+00 -2.079070565289768524e+00 2.967310148789698232e+01 -8.610817251186677623e-01 -3.173382884560337902e-01 0.000000000000000000e+00 -1.163611616820427663e+01 -7.789128356386037844e+00 -1.211366780150629729e+01 -1.280604240318059750e+00 0.000000000000000000e+00
-2.381944530449191522e-01 -2.113238871416544384e+01 -2.189717075236491439e+01 3.234913075481340883e+00 0.000000000000000000e+00 -4.779343592362005566e+00 3.782770385291888804e+00 0.000000000000000000e+00 -1.988767625835055730e+00 0.000000000000000000e+00 1.169618842614163867e+01 -1.241994090207509593e+01 7.358241154139497198e+00 0.000000000000000000e+00 0.000000000000000000e+00 7.031833129952466344e+00 -2.448341932311538827e+01 -7.519488708286893086e+00 -1.269658431507413709e+01 0.000000000000000000e+00 -1.577019493559129515e+01 -1.596486811124730565e+01 -1.436367739325091186e+01 -7.276157861743807409e+00 0.000000000000000000e+00
-1.952215725795200640e+01 -2.209960615552295238e+01 -2.078632363878942968e+01 -5.589141950949834126e+00 0.000000000000000000e+00 -4.092713057374455232e+00 -1.858489761420840836e+01 -2.236410968765068397e+00 -9.446542260803163060e+00 0.000000000000000000e+00 0.000000000000000000e+00 2.430184025062147057e+01 -1.766996222230799063e+01 0.000000000000000000e+00 0.000000000000000000e+00 -3.765719723893864446e-01 -2.127414485198898930e+01 -1.467174138874217348e+01 -1.718298271693133117e+01 0.000000000000000000e+00 -1.606730261145812477e+01 -2.336137526604138515e+01 -2.400164000553319354e+01 -1.268047696112372691e+01 0.000000000000000000e+00
3.000000000000000000e+01 -2.844168329261594153e+01 -2.739942266072563370e+01 -1.151667225491362245e+01 0.000000000000000000e+00 -1.951552026906310289e+01 3.000000000000000000e+01 -2.073365297075151759e+01 -1.726204617911247752e+01 0.000000000000000000e+00 -1.274859582022519611e+01 1.115524840043418031e+01 2.553490491657107242e+01 0.000000000000000000e+00 0.000000000000000000e+00 -2.315922051527882530e+01 2.447149506557232712e+01 -2.697019962513560287e+01 1.804004366940661797e+01 0.000000000000000000e+00 -2.058899041729487323e+01 -2.866014488313868824e+01 -2.898938884735622779e+01 -1.167027804057084062e+01 0.000000000000000000e+00
3.000000000000000000e+01 3.000000000000000000e+01 3.000000000000000000e+01 1.477207272523415327e+01 0.000000000000000000e+00 2.450326890198257246e+01 2.095335056043124311e+01 -2.317688044792940616e+01 -1.174278218344334412e+01 0.000000000000000000e+00 1.061365439993276283e+01 1.672512257555636817e+00 1.143227633125431630e+01 0.000000000000000000e+00 0.000000000000000000e+00 -3.000000000000000000e+01 1.710646797478638703e+01 3.000000000000000000e+01 1.035632279971792080e+01 0.000000000000000000e+00 3.000000000000000000e+01 -3.000000000000000000e+01 3.000000000000000000e+01 1.677914006835631611e+01 0.000000000000000000e+00
1.800555127746311257e+01 2.035945685306138131e+01 2.693031357192725395e+01 5.913078496507213622e+00 0.000000000000000000e+00 1.313063476635257665e+01 1.487536717994933255e+00 2.887086836124586142e+01 -2.379249410018275412e+01 0.000000000000000000e+00 0.000000000000000000e+00 -9.835979009752708890e+00 -1.423097308806487549e+00 0.000000000000000000e+00 0.000000000000000000e+00 -4.950048951465617186e+00 8.826501550458116796e+00 2.067872606022538307e+01 0.000000000000000000e+00 0.000000000000000000e+00 2.208634958167332485e+01 2.985616492259666543e+01 2.859309964847823693e+01 1.438429036346860634e+01 0.000000000000000000e+00
1.295330642595573778e+01 5.469778941719920518e+00 1.902266997184549524e+01 6.157515224865280912e-01 0.000000000000000000e+00 -6.202441392908346174e+00 -2.108141461065171640e+01 1.990196642124454840e+01 -3.000000000000000000e+01 0.000000000000000000e+00 -1.598854190192626312e+01 -2.091359111397600667e+00 -1.881769218562650536e+01 0.000000000000000000e+00 0.000000000000000000e+00 2.247332894058059338e+01 -1.741684678590821278e+01 1.781813136727675495e+00 0.000000000000000000e+00 0.000000000000000000e+00 1.920013613148316267e+01 2.965005204819443918e+01 2.144752099954256508e+01 1.346694655478330205e+01 0.000000000000000000e+00
8.669008079652162913e-02 2.027798053181980587e-01 1.336627466317951729e+01 0.000000000000000000e+00 0.000000000000000000e+00 2.275742637592614770e+01 1.963162455851072608e+01 1.527110019460467250e+01 3.000000000000000000e+01 0.000000000000000000e+00 1.733440431848982399e+01 3.445407670326695815e+00 1.096951805729314877e+01 0.000000000000000000e+00 0.000000000000000000e+00 1.278942863392086338e+01 2.720759439580476879e+01 2.523318219509130955e+01 -4.187796667125545547e+00 0.000000000000000000e+00 1.355077878340401831e+01 1.160147681835772815e+01 1.354820979815989723e+01 9.708074652000759031e+00 0.000000000000000000e+00
0.000000000000000000e+00 0.000000000000000000e+00 3.879973265296548846e+00 0.000000000000000000e+00 0.000000000000000000e+00 -1.477593737536503582e+01 -1.563327858013989591e+01 -1.296452896117804288e-01 2.971777619227437839e+01 0.000000000000000000e+00 1.156663767429202183e+00 0.000000000000000000e+00 -1.978964400727156292e+00 0.000000000000000000e+00 0.000000000000000000e+00 -7.698626843366263017e+00 5.121555795738250261e+00 5.421727063742825869e+00 -1.615989127524459334e+01 0.000000000000000000e+00 7.264415914190180068e+00 -6.376375230112405035e+00 1.028172004705754894e+01 5.006953927814722149e+00 0.000000000000000000e+00
0.000000000000000000e+00 0.000000000000000000e+00 3.959594467652852168e-02 0.000000000000000000e+00 0.000000000000000000e+00 -1.864305633149471220e+01 -2.646208978545874402e+01 -4.500432836246798018e+00 2.068950139751533257e+01 0.000000000000000000e+00 -8.539319463903833451e+00 -1.025589884603710189e+01 -1.600144749431708036e+01 0.000000000000000000e+00 0.000000000000000000e+00 -1.010914951449701071e+01 -1.705990121458213338e+01 -4.422586168356555270e+00 3.000000000000000000e+01 0.000000000000000000e+00 -1.205499960850495533e+01 1.186997747356934418e+01 1.969973533454861325e+01 -5.051234092984236312e+00 0.000000000000000000e+00
0.000000000000000000e+00 0.000000000000000000e+00 0.000000000000000000e+00 0.000000000000000000e+00 0.000000000000000000e+00 3.000000000000000000e+01 -3.000000000000000000e+01 -1.083609418451888828e+01 1.004026040335345193e+01 0.000000000000000000e+00 -2.749414160732528600e+01 2.218538540171058315e+01 -3.000000000000000000e+01 0.000000000000000000e+00 0.000000000000000000e+00 2.165943673595685937e+01 2.737318992515122318e+01 2.275309050145231993e+01 1.427906319714736050e+01 0.000000000000000000e+00 -2.529690640905720400e+01 0.000000000000000000e+00 9.204297959900403114e+00 -1.486236366385346308e+01 0.000000000000000000e+00
0.000000000000000000e+00 0.000000000000000000e+00 0.000000000000000000e+00 0.000000000000000000e+00 0.000000000000000000e+00 2.173509865998918400e+01 -1.822851594976976841e+01 -6.596441262298950114e+00 4.795581712456311152e+00 0.000000000000000000e+00 3.000000000000000000e+01 -1.954298413466319717e+00 3.000000000000000000e+01 0.000000000000000000e+00 0.000000000000000000e+00 -2.786272581790448566e+00 2.511909227078782436e+01 1.232205206201323655e+01 3.504741066715651776e+00 0.000000000000000000e+00 2.185986768652219325e+01 -8.181454012330809933e-01 4.739771361047845355e-02 -2.094969902341791013e+01 0.000000000000000000e+00
0.000000000000000000e+00 0.000000000000000000e+00 0.000000000000000000e+00 0.000000000000000000e+00 0.000000000000000000e+00 1.672462802782741420e+01 -2.179529404352859956e+01 2.952996008849600340e+00 1.077645200929658875e+00 0.000000000000000000e+00 2.043155730810355308e+01 -2.130978375193548757e+01 3.000000000000000000e+01 0.000000000000000000e+00 0.000000000000000000e+00 9.234570507719393362e+00 1.306028271856816403e+01 -3.736518489260958198e+00 -4.926927270328009811e+00 0.000000000000000000e+00 1.174207811988967620e+01 -1.148248317728942780e+01 -1.557780365475643158e+01 5.393279226915550950e+00 0.000000000000000000e+00
0.000000000000000000e+00 0.000000000000000000e+00 0.000000000000000000e+00 0.000000000000000000e+00 0.000000000000000000e+00 3.401105585453975344e+00 3.000000000000000000e+01 -5.807297441563437523e+00 0.000000000000000000e+00 0.000000000000000000e+00 -1.172911714008731288e+00 2.508488378536834418e+01 2.204289639160214165e+01 0.000000000000000000e+00 0.000000000000000000e+00 2.912403364407192274e+00 -8.316300530930444523e+00 6.466659516482738290e+00 -1.749791340905814607e+01 0.000000000000000000e+00 -1.803835284732745903e+00 2.107567490279374312e+01 2.221388495927089934e+01 2.438114411856565766e+01 0.000000000000000000e+00
0.000000000000000000e+00 0.000000000000000000e+00 0.000000000000000000e+00 0.000000000000000000e+00 0.000000000000000000e+00 0.000000000000000000e+00 2.658626746033517918e+01 9.904512056171906664e+00 0.000000000000000000e+00 0.000000000000000000e+00 -1.797720335769273348e+01 6.712833496878261919e+00 2.040973628431624576e+01 0.000000000000000000e+00 0.000000000000000000e+00 -1.100570272291085949e+01 1.034855197904540702e+01 1.227838506535758878e+00 1.336616948235321978e+01 0.000000000000000000e+00 -2.371604701627219569e+01 1.223794408963372327e+01 8.302401425811854807e+00 1.699645234461741694e+01 0.000000000000000000e+00
0.000000000000000000e+00 0.000000000000000000e+00 0.000000000000000000e+00 0.000000000000000000e+00 0.000000000000000000e+00 0.000000000000000000e+00 2.278549331082919238e+01 1.189643603559700935e+01 0.000000000000000000e+00 0.000000000000000000e+00 2.076432348919358617e+01 -1.798315101697259166e+01 -1.114092243565353257e+01 0.000000000000000000e+00 0.000000000000000000e+00 1.254316281907007458e+01 -6.726777971486585628e+00 -7.354990224264531307e+00 1.307767409990207064e+01 0.000000000000000000e+00 2.236441698038770198e+01 2.250811198496513654e+01 -1.560995195420986370e+01 2.503335095667939214e+00 0.000000000000000000e+00
0.000000000000000000e+00 0.000000000000000000e+00 0.000000000000000000e+00 0.000000000000000000e+00 0.000000000000000000e+00 -7.109552982348584793e-01 1.290464342847194601e+01 1.013658609030249558e+01 0.000000000000000000e+00 0.000000000000000000e+00 5.447204292791679059e+00 2.191894770504127976e+01 2.025406963213606915e+01 0.000000000000000000e+00 0.000000000000000000e+00 -1.140369393168044709e+01 -2.527886393744693194e+01 -4.815770830918530088e+00 5.690786768451414623e+00 0.000000000000000000e+00 4.153242367501068344e+00 1.254659582513870664e+00 2.195325733724490647e+01 3.000000000000000000e+01 -1.761365034873559221e+00
0.000000000000000000e+00 0.000000000000000000e+00 0.000000000000000000e+00 0.000000000000000000e+00 0.000000000000000000e+00 -5.771519154178193389e+00 6.571896447029556221e+00 2.013765425237362461e+00 0.000000000000000000e+00 -6.452262004120767891e+00 -2.101102007260145399e+00 3.177085792683539189e+00 5.560455667419310188e+00 0.000000000000000000e+00 0.000000000000000000e+00 1.992404106163552768e+01 1.617668301605021242e+01 -8.225272177405386742e+00 -2.213715019686576824e+01 -2.509815578311624051e+00 2.514584147645961276e-01 -2.375578963294662316e+01 -1.714563521204182095e+00 2.170587285943655687e+01 -9.978049538672301821e+00
0.000000000000000000e+00 0.000000000000000000e+00 0.000000000000000000e+00 0.000000000000000000e+00 0.000000000000000000e+00 -8.796287050861847590e+00 8.561086013903411729e-01 4.555907755439315976e-02 0.000000000000000000e+00 -4.364147166428658409e+00 -1.098368090652998497e+01 -6.688235861744450395e-01 1.594863049527589816e+01 -1.065861198404460530e-01 -1.742380984217027029e+00 -2.179070135237117789e-01 -2.232660039004556296e+01 2.005943076981286310e+01 2.647389948498146239e+01 -1.449542415350051527e+01 -2.470780475581375590e+00 2.555304979436383661e+01 1.876364983876750614e+01 9.853360427775953667e+00 -1.512417795949537869e+01
0.000000000000000000e+00 0.000000000000000000e+00 0.000000000000000000e+00 0.000000000000000000e+00 0.000000000000000000e+00 -1.027713486618582905e+01 -2.173316575653945204e+00 -2.432503956552142910e+00 0.000000000000000000e+00 -1.138257853425112209e+01 -1.941169947650310945e+01 -1.014062287597475631e+01 4.541879101194176704e-02 -4.401503791169732338e+00 -1.016766633128934672e+01 -1.051696002687564047e+01 -1.754548221300638033e+01 9.137924686792247897e+00 2.003114140929024245e+01 -2.223762394608874260e+01 -2.186739310278971971e+01 1.626266692489370769e+01 -8.280276443553676202e+00 -1.834659042463280088e+01 -1.850926432438713576e+01
0.000000000000000000e+00 0.000000000000000000e+00 0.000000000000000000e+00 0.000000000000000000e+00 0.000000000000000000e+00 -9.598024507744169043e+00 -1.479039610676229799e+01 -8.873095626171000561e+00 0.000000000000000000e+00 -9.331218046674180755e+00 -2.454502479466102116e+01 1.212863298732792749e+01 -1.674289983078561050e+01 -1.818614086782709549e+01 -2.037509075398808989e+01 -1.458350703747537125e+01 -2.616546337047697079e+01 1.970192708251842229e+00 2.683346861938955641e+01 -2.697514526843284699e+01 -1.844496317654671813e+01 -7.803065622438996485e+00 1.673421099714649785e+01 1.022590445217590549e+01 -1.880864934895309659e+01
0.000000000000000000e+00 0.000000000000000000e+00 0.000000000000000000e+00 0.000000000000000000e+00 0.000000000000000000e+00 -4.706849717604195682e+00 -1.267412388975739113e+01 -1.681507341350603824e+01 0.000000000000000000e+00 -4.742090715167872617e+00 -3.000000000000000000e+01 -2.234037489172303381e+00 -3.000000000000000000e+01 -2.962909247642123134e+01 -3.000000000000000000e+01 -2.478883998675238942e+01 -3.000000000000000000e+01 -4.982743015198439096e+00 1.204986810116874096e+01 -3.000000000000000000e+01 -2.328673940741861514e+01 1.284633089146084828e+01 -1.645471368624139075e+01 -3.638717014739580424e+00 -2.295651194288954500e+01
