# yaw
0.000000000000000000e+00 0.000000000000000000e+00 0.000000000000000000e+00 0.000000000000000000e+00 0.000000000000000000e+00 2.739290012521902895e+01 -1.491685583932806836e+01 -2.051724126899709688e+01 -1.905635932348526396e+01 2.592954360829327953e+01 2.911907455539703093e+01 -5.808096869135712659e+00 -9.076937871071592667e+00 1.553940271374824178e+01 1.580991415130291067e+01 2.596448412209453949e+01 5.734239191046084372e+00 2.888515236187343049e+01 -2.428673557547074680e+01 -2.736854944182201521e+01 2.356227604111868956e+01 -2.448659269963213703e+01 2.911536082646988177e+01 -1.835440484570600717e+01 2.589784919846678335e+01
0.000000000000000000e+00 0.000000000000000000e+00 0.000000000000000000e+00 0.000000000000000000e+00 0.000000000000000000e+00 1.146658788814595731e+01 3.000000000000000000e+01 2.461731410684008736e+01 2.420598892841558225e+01 1.294208322363883212e+01 1.707395066907196224e+01 2.367950053730726623e+01 2.420885887888123733e+01 6.095465615094644019e-01 8.748499380595229358e-01 6.435342395536735260e+00 0.000000000000000000e+00 8.756267627106035789e+00 1.926384015128139993e+01 2.166290624701279910e+01 1.176196452706085438e+01 2.084783448167123865e+01 1.973485243541210465e+01 1.936665072348631966e+01 9.176440587648265534e+00
0.000000000000000000e+00 0.000000000000000000e+00 0.000000000000000000e+00 0.000000000000000000e+00 0.000000000000000000e+00 0.000000000000000000e+00 1.958135475673771708e+01 1.080292524129580833e+01 1.088695679792158977e+01 0.000000000000000000e+00 1.584729000409805799e+00 9.029533753504948024e+00 9.090430525710829102e+00 0.000000000000000000e+00 0.000000000000000000e+00 0.000000000000000000e+00 0.000000000000000000e+00 0.000000000000000000e+00 1.153588699260524875e+00 6.852794373258192628e+00 0.000000000000000000e+00 6.544654610915331183e+00 6.743768521374401637e+00 2.550753013276545023e+00 0.000000000000000000e+00
0.000000000000000000e+00 0.000000000000000000e+00 0.000000000000000000e+00 0.000000000000000000e+00 0.000000000000000000e+00 0.000000000000000000e+00 0.000000000000000000e+00 0.000000000000000000e+00 0.000000000000000000e+00 0.000000000000000000e+00 0.000000000000000000e+00 0.000000000000000000e+00 0.000000000000000000e+00 0.000000000000000000e+00 0.000000000000000000e+00 0.000000000000000000e+00 0.000000000000000000e+00 0.000000000000000000e+00 0.000000000000000000e+00 0.000000000000000000e+00 0.000000000000000000e+00 0.000000000000000000e+00 0.000000000000000000e+00 0.000000000000000000e+00 0.000000000000000000e+00
0.000000000000000000e+00 0.000000000000000000e+00 0.000000000000000000e+00 0.000000000000000000e+00 0.000000000000000000e+00 0.000000000000000000e+00 0.000000000000000000e+00 0.000000000000000000e+00 0.000000000000000000e+00 0.000000000000000000e+00 0.000000000000000000e+00 0.000000000000000000e+00 0.000000000000000000e+00 0.000000000000000000e+00 -9.619749652211936342e-01 0.000000000000000000e+00 -8.135067008890330964e-01 1.452150960002652202e-01 -6.661911392301550494e-01 -8.184159752060438109e-01 0.000000000000000000e+00 -5.506254149806081299e-01 -7.301668408818544620e-01 2.446773082698114887e-01 -6.922655932103502496e-02
0.000000000000000000e+00 0.000000000000000000e+00 0.000000000000000000e+00 0.000000000000000000e+00 0.000000000000000000e+00 0.000000000000000000e+00 0.000000000000000000e+00 0.000000000000000000e+00 0.000000000000000000e+00 0.000000000000000000e+00 0.000000000000000000e+00 0.000000000000000000e+00 -4.462322771171182145e-01 0.000000000000000000e+00 3.835602782242225395e+00 0.000000000000000000e+00 7.475070073012613392e+00 4.135363740997748394e-01 -5.433814766537638619e+00 8.613169871283027357e-01 0.000000000000000000e+00 7.396681877557863771e+00 6.154927412860004665e+00 -5.129388056085806724e+00 2.853429393358652533e+00
0.000000000000000000e+00 0.000000000000000000e+00 0.000000000000000000e+00 0.000000000000000000e+00 0.000000000000000000e+00 0.000000000000000000e+00 0.000000000000000000e+00 0.000000000000000000e+00 0.000000000000000000e+00 0.000000000000000000e+00 0.000000000000000000e+00 -7.923723731418004235e+00 2.205174869573397256e+00 1.919061152469115239e+00 2.856469191464779733e+00 0.000000000000000000e+00 -7.165933059185407572e+00 -8.339446762548728742e+00 2.944671503711071114e+00 0.000000000000000000e+00 0.000000000000000000e+00 0.000000000000000000e+00 0.000000000000000000e+00 6.149899832803980892e+00 4.956198968255127180e-01
0.000000000000000000e+00 0.000000000000000000e+00 0.000000000000000000e+00 0.000000000000000000e+00 0.000000000000000000e+00 0.000000000000000000e+00 0.000000000000000000e+00 0.000000000000000000e+00 0.000000000000000000e+00 0.000000000000000000e+00 0.000000000000000000e+00 6.498854545130588356e+00 -3.175226021938674092e-01 0.000000000000000000e+00 2.351423818549938538e+00 0.000000000000000000e+00 1.276058967597388083e+01 7.118285210537943719e+00 1.454656775740003960e+00 9.552355727866543855e-01 0.000000000000000000e+00 -4.823468092335720381e-01 1.538288357044014898e+00 2.780399245392758623e+00 3.742397387416768861e+00
0.000000000000000000e+00 0.000000000000000000e+00 0.000000000000000000e+00 0.000000000000000000e+00 0.000000000000000000e+00 0.000000000000000000e+00 0.000000000000000000e+00 0.000000000000000000e+00 0.000000000000000000e+00 -2.091647090285527977e+00 0.000000000000000000e+00 0.000000000000000000e+00 8.927453408655756206e+00 -1.253381450560872246e+01 -1.583553153663385560e+00 0.000000000000000000e+00 0.000000000000000000e+00 -4.841424641658103489e+00 -1.298510102357222351e+01 -1.261967446497537182e+01 0.000000000000000000e+00 -1.280448786630026703e+01 -2.242800663676151718e+00 -9.224509613748190784e-01 -9.680876086437750772e+00
0.000000000000000000e+00 0.000000000000000000e+00 0.000000000000000000e+00 0.000000000000000000e+00 0.000000000000000000e+00 0.000000000000000000e+00 0.000000000000000000e+00 -1.470943165178270950e+00 0.000000000000000000e+00 8.593804829896114938e+00 0.000000000000000000e+00 0.000000000000000000e+00 3.505641508236824855e+00 1.563485527895254990e+01 5.221093266172281311e+00 0.000000000000000000e+00 0.000000000000000000e+00 3.478501632088586981e-01 1.373782910843974747e+01 1.537261624097823365e+01 0.000000000000000000e+00 1.231615175527387152e+01 4.928732093630557642e+00 2.726426548683284601e+00 2.151210386630239668e+01
0.000000000000000000e+00 0.000000000000000000e+00 0.000000000000000000e+00 0.000000000000000000e+00 0.000000000000000000e+00 0.000000000000000000e+00 -7.800675550222118559e+00 3.926551700593064798e+00 -4.521026937113660216e-01 8.796692229370384197e+00 0.000000000000000000e+00 -3.636556806625249383e+00 8.298136623247440724e-01 0.000000000000000000e+00 -2.703073715208924588e-01 0.000000000000000000e+00 0.000000000000000000e+00 -3.283721201476895946e+00 0.000000000000000000e+00 -1.494108333980096903e+00 0.000000000000000000e+00 0.000000000000000000e+00 -4.241628272080853357e+00 -3.474276011391477792e-01 4.920414576955187691e+00
0.000000000000000000e+00 0.000000000000000000e+00 0.000000000000000000e+00 0.000000000000000000e+00 0.000000000000000000e+00 0.000000000000000000e+00 2.012767629937657432e+01 8.072080444398835652e+00 -1.266249264774930516e+01 0.000000000000000000e+00 0.000000000000000000e+00 1.017572988624432817e+01 0.000000000000000000e+00 -5.948596797193861363e+00 7.865698741782399139e+00 0.000000000000000000e+00 0.000000000000000000e+00 5.349583230882227092e+00 -4.661904100055530797e+00 -3.307421639365547006e-01 0.000000000000000000e+00 0.000000000000000000e+00 8.521295491340152850e+00 -1.222982183310845450e+01 3.121418077264928925e+00
0.000000000000000000e+00 0.000000000000000000e+00 0.000000000000000000e+00 0.000000000000000000e+00 0.000000000000000000e+00 0.000000000000000000e+00 4.612108728706047600e+00 0.000000000000000000e+00 1.028155446401725293e+01 0.000000000000000000e+00 0.000000000000000000e+00 7.303126481606787124e+00 0.000000000000000000e+00 5.251014190684801797e+00 8.573495563261460672e-01 0.000000000000000000e+00 0.000000000000000000e+00 0.000000000000000000e+00 6.221664495818389540e+00 2.842260210045870039e+00 0.000000000000000000e+00 0.000000000000000000e+00 3.260444171742406638e+00 1.495236490765097948e+01 -2.151552336516413533e+00
0.000000000000000000e+00 0.000000000000000000e+00 0.000000000000000000e+00 0.000000000000000000e+00 0.000000000000000000e+00 0.000000000000000000e+00 0.000000000000000000e+00 -6.293559729985287454e+00 -3.212058469654262560e-01 -6.887205452483206258e+00 0.000000000000000000e+00 0.000000000000000000e+00 -5.766091012272913652e+00 0.000000000000000000e+00 3.555869152716708559e+00 0.000000000000000000e+00 0.000000000000000000e+00 0.000000000000000000e+00 -2.325384488203413813e+00 -1.560211883539991407e+00 0.000000000000000000e+00 0.000000000000000000e+00 9.477288422683059821e+00 4.169688267930278247e-01 0.000000000000000000e+00
0.000000000000000000e+00 0.000000000000000000e+00 0.000000000000000000e+00 0.000000000000000000e+00 0.000000000000000000e+00 0.000000000000000000e+00 0.000000000000000000e+00 7.720738257468477528e+00 2.648966612116907537e+00 3.280211847870099007e+00 0.000000000000000000e+00 0.000000000000000000e+00 4.549928942318111957e+00 -1.960828789926293725e+00 -7.439494792779887788e+00 0.000000000000000000e+00 -9.078480436239290796e+00 0.000000000000000000e+00 1.950263431472204712e+00 2.026009061209047335e+00 0.000000000000000000e+00 0.000000000000000000e+00 0.000000000000000000e+00 5.061792613710917044e-01 -7.170196407554342066e+00
0.000000000000000000e+00 0.000000000000000000e+00 0.000000000000000000e+00 0.000000000000000000e+00 0.000000000000000000e+00 0.000000000000000000e+00 0.000000000000000000e+00 -8.958278631394182012e-01 3.268983499416106664e+00 -6.100754502953090075e+00 0.000000000000000000e+00 0.000000000000000000e+00 -1.241914115708538047e+00 -1.671315884730553369e+00 -2.236238015926371148e+01 0.000000000000000000e+00 2.707978677628709718e+01 0.000000000000000000e+00 0.000000000000000000e+00 1.852234268108035264e+00 0.000000000000000000e+00 0.000000000000000000e+00 0.000000000000000000e+00 0.000000000000000000e+00 1.063908395233665871e+01
0.000000000000000000e+00 0.000000000000000000e+00 -9.951384127263587231e-01 0.000000000000000000e+00 -9.781904732628070587e-01 0.000000000000000000e+00 0.000000000000000000e+00 -1.343688479211240150e+01 4.878503302718777829e-02 -2.035830168222101832e+01 0.000000000000000000e+00 -1.162930861339208199e+00 -1.568275417217353684e+01 -1.606962151521449300e+01 2.361481086090441295e+01 0.000000000000000000e+00 1.071219237004492975e+01 -1.818254512129345812e+01 0.000000000000000000e+00 0.000000000000000000e+00 0.000000000000000000e+00 -4.188036064208739973e+00 0.000000000000000000e+00 0.000000000000000000e+00 0.000000000000000000e+00
0.000000000000000000e+00 -1.259811526409230709e+01 -1.411669590104987293e+01 -1.092913330631377633e+01 -1.341927213520207118e+01 0.000000000000000000e+00 0.000000000000000000e+00 2.934608244822093326e+01 -5.793545064716108861e+00 2.432330778332232768e+01 0.000000000000000000e+00 -2.007821215481253674e+01 -2.736806195036394485e+01 1.967637885307473766e+01 2.183746197918885468e+00 0.000000000000000000e+00 2.721766234889836378e-01 2.006779647934756028e+01 -1.212014315451631491e-01 -4.162991254432895971e+00 0.000000000000000000e+00 -1.968647295307122391e+01 -8.365730924348897091e+00 -1.098137054194028295e+01 -4.363671454003073436e+00
0.000000000000000000e+00 3.000000000000000000e+01 2.783680354960856818e+01 2.622001886511112900e+01 2.668105520676084197e+01 0.000000000000000000e+00 0.000000000000000000e+00 1.413637605953530496e+01 2.390745803163078520e+01 2.941567676544122101e+00 0.000000000000000000e+00 1.817399281733935368e+01 1.091054428180516034e+01 2.670193673551887414e+00 0.000000000000000000e+00 0.000000000000000000e+00 0.000000000000000000e+00 5.441252326879197909e-01 -1.262776379102761748e+00 -2.056261069887423432e+01 0.000000000000000000e+00 2.303296640730849631e+01 2.531232365037952547e+01 2.643572177314191762e+01 -2.059012748203571164e+01
0.000000000000000000e+00 1.452888020684068593e+01 1.084746003832841765e+01 7.724878364137502729e+00 8.501382595619380922e+00 0.000000000000000000e+00 0.000000000000000000e+00 -5.816055973814678204e+00 1.113218679216602425e+01 0.000000000000000000e+00 0.000000000000000000e+00 1.174913002553503061e+00 0.000000000000000000e+00 0.000000000000000000e+00 0.000000000000000000e+00 0.000000000000000000e+00 0.000000000000000000e+00 0.000000000000000000e+00 1.209889913729724675e+01 2.351657698023170084e+01 0.000000000000000000e+00 6.326029801776241968e+00 8.422488702840505326e+00 9.849229627045639646e+00 2.365105779839334588e+01
0.000000000000000000e+00 2.689648956789411072e-01 0.000000000000000000e+00 0.000000000000000000e+00 0.000000000000000000e+00 0.000000000000000000e+00 -9.655246793332559196e-01 6.069151866842625864e+00 0.000000000000000000e+00 -1.585814868731228788e+00 0.000000000000000000e+00 0.000000000000000000e+00 0.000000000000000000e+00 0.000000000000000000e+00 9.319569718543772030e-01 0.000000000000000000e+00 0.000000000000000000e+00 0.000000000000000000e+00 -1.225443197527522798e+01 1.016260748247352907e+01 0.000000000000000000e+00 0.000000000000000000e+00 0.000000000000000000e+00 0.000000000000000000e+00 7.761547259810816612e+00
0.000000000000000000e+00 0.000000000000000000e+00 0.000000000000000000e+00 0.000000000000000000e+00 0.000000000000000000e+00 0.000000000000000000e+00 0.000000000000000000e+00 0.000000000000000000e+00 0.000000000000000000e+00 0.000000000000000000e+00 0.000000000000000000e+00 0.000000000000000000e+00 0.000000000000000000e+00 0.000000000000000000e+00 0.000000000000000000e+00 0.000000000000000000e+00 0.000000000000000000e+00 0.000000000000000000e+00 0.000000000000000000e+00 0.000000000000000000e+00 0.000000000000000000e+00 0.000000000000000000e+00 0.000000000000000000e+00 0.000000000000000000e+00 0.000000000000000000e+00
0.000000000000000000e+00 0.000000000000000000e+00 0.000000000000000000e+00 6.397441235423726447e+00 2.450466297568018703e+00 0.000000000000000000e+00 1.445591229191924221e+01 0.000000000000000000e+00 1.674294736367789360e+00 2.808884451137890093e+00 0.000000000000000000e+00 0.000000000000000000e+00 0.000000000000000000e+00 1.865560499103988690e-01 2.781170956313717468e+00 0.000000000000000000e+00 0.000000000000000000e+00 5.516915264380713779e+00 -5.475975771683729842e-01 1.459211782611920860e+00 0.000000000000000000e+00 0.000000000000000000e+00 0.000000000000000000e+00 0.000000000000000000e+00 0.000000000000000000e+00
0.000000000000000000e+00 0.000000000000000000e+00 0.000000000000000000e+00 0.000000000000000000e+00 0.000000000000000000e+00 0.000000000000000000e+00 0.000000000000000000e+00 0.000000000000000000e+00 0.000000000000000000e+00 0.000000000000000000e+00 0.000000000000000000e+00 0.000000000000000000e+00 0.000000000000000000e+00 0.000000000000000000e+00 0.000000000000000000e+00 0.000000000000000000e+00 0.000000000000000000e+00 0.000000000000000000e+00 0.000000000000000000e+00 0.000000000000000000e+00 0.000000000000000000e+00 0.000000000000000000e+00 0.000000000000000000e+00 0.000000000000000000e+00 0.000000000000000000e+00
0.000000000000000000e+00 0.000000000000000000e+00 0.000000000000000000e+00 0.000000000000000000e+00 0.000000000000000000e+00 0.000000000000000000e+00 0.000000000000000000e+00 0.000000000000000000e+00 0.000000000000000000e+00 0.000000000000000000e+00 0.000000000000000000e+00 0.000000000000000000e+00 0.000000000000000000e+00 0.000000000000000000e+00 0.000000000000000000e+00 0.000000000000000000e+00 0.000000000000000000e+00 0.000000000000000000e+00 0.000000000000000000e+00 0.000000000000000000e+00 0.000000000000000000e+00 0.000000000000000000e+00 0.000000000000000000e+00 0.000000000000000000e+00 0.000000000000000000e+00
0.000000000000000000e+00 0.000000000000000000e+00 0.000000000000000000e+00 0.000000000000000000e+00 0.000000000000000000e+00 0.000000000000000000e+00 0.000000000000000000e+00 0.000000000000000000e+00 0.000000000000000000e+00 0.000000000000000000e+00 0.000000000000000000e+00 0.000000000000000000e+00 0.000000000000000000e+00 0.000000000000000000e+00 0.000000000000000000e+00 0.000000000000000000e+00 0.000000000000000000e+00 0.000000000000000000e+00 0.000000000000000000e+00 0.000000000000000000e+00 0.000000000000000000e+00 0.000000000000000000e+00 0.000000000000000000e+00 0.000000000000000000e+00 0.000000000000000000e+00
0.000000000000000000e+00 -5.108842065539394017e-01 -2.054295976717807726e+00 5.601408113903076469e+00 -1.865067161778350879e+01 0.000000000000000000e+00 -3.752192732216660609e+00 0.000000000000000000e+00 -1.554332436020138486e+00 3.259925027717390233e-01 0.000000000000000000e+00 -8.325492938570001611e-01 0.000000000000000000e+00 -3.550281719326127572e+00 -9.784049665921600081e+00 0.000000000000000000e+00 9.551791920345010567e+00 0.000000000000000000e+00 -1.912716961686935235e+01 0.000000000000000000e+00 0.000000000000000000e+00 0.000000000000000000e+00 0.000000000000000000e+00 0.000000000000000000e+00 0.000000000000000000e+00
0.000000000000000000e+00 -1.307619530182257250e+01 9.304751650833019028e+00 8.098161874920856818e+00 1.710919626019300921e+01 0.000000000000000000e+00 6.839036079830371762e+00 -1.781529764686423378e-01 4.675350260796639290e+00 -6.099244529479206811e+00 0.000000000000000000e+00 6.385998074052452900e+00 -7.254144865954351928e+00 2.718134744391103474e+00 2.371466467866890682e+01 0.000000000000000000e+00 4.150614883154663204e+00 0.000000000000000000e+00 1.375630828425773267e+01 -9.574805198428880004e+00 0.000000000000000000e+00 0.000000000000000000e+00 0.000000000000000000e+00 0.000000000000000000e+00 0.000000000000000000e+00
0.000000000000000000e+00 1.516046742022120242e+01 0.000000000000000000e+00 0.000000000000000000e+00 0.000000000000000000e+00 0.000000000000000000e+00 6.752233809176668267e+00 1.120664234557716465e+00 5.414552231354507583e+00 6.671671232998907186e+00 0.000000000000000000e+00 1.087318946930107666e+00 1.509940397089855324e+01 -1.506915477591740427e+01 6.900137014787450340e+00 0.000000000000000000e+00 0.000000000000000000e+00 0.000000000000000000e+00 0.000000000000000000e+00 2.182537660686779191e+01 0.000000000000000000e+00 0.000000000000000000e+00 0.000000000000000000e+00 0.000000000000000000e+00 0.000000000000000000e+00
0.000000000000000000e+00 0.000000000000000000e+00 -2.409688159240442218e+00 -9.264378545737282922e-01 0.000000000000000000e+00 0.000000000000000000e+00 0.000000000000000000e+00 1.372284522822502062e+01 1.397617401054507491e+00 2.705566356171853037e+00 0.000000000000000000e+00 0.000000000000000000e+00 0.000000000000000000e+00 1.153656862943456751e+01 0.000000000000000000e+00 0.000000000000000000e+00 0.000000000000000000e+00 0.000000000000000000e+00 0.000000000000000000e+00 3.181811850858085489e+00 0.000000000000000000e+00 0.000000000000000000e+00 0.000000000000000000e+00 0.000000000000000000e+00 0.000000000000000000e+00
0.000000000000000000e+00 -1.015090151532790941e+01 1.115121787056092773e+00 -9.587770377834138102e+00 8.747706127929606446e-01 0.000000000000000000e+00 0.000000000000000000e+00 2.056900984971715030e+00 0.000000000000000000e+00 2.005120802258302248e+00 0.000000000000000000e+00 -4.256866302211930631e+00 -6.913536429321393229e+00 -2.721292677518163394e+00 -3.177185107073920434e-01 0.000000000000000000e+00 0.000000000000000000e+00 0.000000000000000000e+00 0.000000000000000000e+00 0.000000000000000000e+00 0.000000000000000000e+00 0.000000000000000000e+00 0.000000000000000000e+00 0.000000000000000000e+00 0.000000000000000000e+00
0.000000000000000000e+00 3.638489414486623996e+00 -5.377955216095432256e+00 2.081056961738217304e+00 2.639850236572616637e+00 0.000000000000000000e+00 1.724507333322843117e+00 -3.802516067285042212e+00 -3.187428456659069376e+00 -3.896309635358486290e+00 0.000000000000000000e+00 1.400826598905476672e+00 3.769181383083978432e+00 6.165393049490531574e+00 2.316485647001682135e+00 0.000000000000000000e+00 0.000000000000000000e+00 0.000000000000000000e+00 0.000000000000000000e+00 0.000000000000000000e+00 0.000000000000000000e+00 0.000000000000000000e+00 0.000000000000000000e+00 0.000000000000000000e+00 0.000000000000000000e+00
0.000000000000000000e+00 -3.511513169071291074e+00 6.461395488642972751e+00 0.000000000000000000e+00 3.849541070891380756e-01 0.000000000000000000e+00 -2.372040869264356200e+00 -5.148327819364816316e-01 7.304909398316723479e-01 5.750112891500166690e+00 0.000000000000000000e+00 0.000000000000000000e+00 0.000000000000000000e+00 0.000000000000000000e+00 6.298794406686428760e-01 0.000000000000000000e+00 0.000000000000000000e+00 0.000000000000000000e+00 0.000000000000000000e+00 0.000000000000000000e+00 0.000000000000000000e+00 0.000000000000000000e+00 0.000000000000000000e+00 0.000000000000000000e+00 0.000000000000000000e+00
0.000000000000000000e+00 -5.984767110922792899e-01 1.638081610152859025e+00 4.128477830179894781e+00 5.846224774899748233e+00 0.000000000000000000e+00 3.703393666008149565e-01 1.180048385561835333e+00 0.000000000000000000e+00 1.763350995951428413e+00 0.000000000000000000e+00 -1.315484045812657543e+00 0.000000000000000000e+00 0.000000000000000000e+00 0.000000000000000000e+00 0.000000000000000000e+00 0.000000000000000000e+00 0.000000000000000000e+00 0.000000000000000000e+00 0.000000000000000000e+00 0.000000000000000000e+00 0.000000000000000000e+00 0.000000000000000000e+00 0.000000000000000000e+00 0.000000000000000000e+00
0.000000000000000000e+00 9.896561497225858650e-02 5.643820656765033417e-02 0.000000000000000000e+00 8.983391151781513484e-01 -3.820650883310637180e+00 0.000000000000000000e+00 0.000000000000000000e+00 -3.724905926589619498e-01 -7.306692883038490294e-02 0.000000000000000000e+00 1.278047516782124582e+00 0.000000000000000000e+00 0.000000000000000000e+00 0.000000000000000000e+00 0.000000000000000000e+00 0.000000000000000000e+00 -2.973101128345740030e+00 0.000000000000000000e+00 -4.289000133540923354e-01 0.000000000000000000e+00 0.000000000000000000e+00 0.000000000000000000e+00 0.000000000000000000e+00 0.000000000000000000e+00
-1.020698332574729505e+01 -1.551794022251536065e+00 -6.390534774388381578e+00 -6.348028393626063526e+00 -1.455149056210086833e+01 -1.675968767453083430e+01 -5.119547534402735245e+00 0.000000000000000000e+00 -1.443340846899852359e+01 -1.167493209295273715e+01 -1.018325372896806158e+01 6.477971024119718813e+00 -2.708381694358786618e+00 -3.561405266256552071e+00 -1.123014072143592124e+01 -1.211710663059518289e+01 -5.559076168913661853e+00 -1.649788736647998988e+01 -5.409091397137332891e+00 -1.417828222087984180e+01 0.000000000000000000e+00 0.000000000000000000e+00 0.000000000000000000e+00 0.000000000000000000e+00 0.000000000000000000e+00
2.282508517072502841e+01 -1.737392330483935865e+01 -1.773119516334091728e+01 -2.316951241341381973e+01 2.378097660647005540e+01 2.882732127678041323e+01 -7.831614555161296565e+00 -1.122072573148042629e+01 1.520967693635029860e+01 1.933568075958519827e+01 2.345353064281985667e+01 0.000000000000000000e+00 9.503233742719956467e+00 -1.744206928008376778e+01 -2.259854742998913579e+01 2.543271267444767147e+01 -2.125489642709562688e+01 2.937525038178862857e+01 -2.168003530611830243e+01 2.567769505013615472e+01 0.000000000000000000e+00 0.000000000000000000e+00 0.000000000000000000e+00 0.000000000000000000e+00 0.000000000000000000e+00
7.604759498926599193e+00 2.670302759103639190e+01 2.254357139599883197e+01 2.112632285961400669e+01 9.903107840227228564e+00 1.498693318597752011e+01 2.725539718446380988e+01 2.289411056435748648e+01 6.057652090360950980e-01 6.290355775183232856e-01 5.691869395988224944e+00 0.000000000000000000e+00 6.463191509496818199e+00 1.435474834586999471e+01 1.831502302631745849e+01 1.070229801319661256e+01 1.872302806475273229e+01 1.821020530837195395e+01 1.910999543497644737e+01 1.139635170535981246e+01 0.000000000000000000e+00 0.000000000000000000e+00 0.000000000000000000e+00 0.000000000000000000e+00 0.000000000000000000e+00
0.000000000000000000e+00 1.605456377117816302e+01 9.536548536184062286e+00 1.035436776820211868e+01 0.000000000000000000e+00 1.363328765466763848e+00 1.013872988995192514e+01 8.734791992113663639e+00 0.000000000000000000e+00 0.000000000000000000e+00 0.000000000000000000e+00 0.000000000000000000e+00 0.000000000000000000e+00 9.728487813095674230e-01 6.436134378881250839e+00 0.000000000000000000e+00 6.093943981843814583e+00 6.381601297142186269e+00 1.830268747681335073e+00 0.000000000000000000e+00 0.000000000000000000e+00 0.000000000000000000e+00 0.000000000000000000e+00 0.000000000000000000e+00 0.000000000000000000e+00
4.466986592712661519e+00 3.679960013923411211e+00 0.000000000000000000e+00 -2.587544631291749386e+00 0.000000000000000000e+00 -1.577165568425318742e+00 -2.033582998012271048e-01 0.000000000000000000e+00 1.429136765203419701e+00 0.000000000000000000e+00 0.000000000000000000e+00 0.000000000000000000e+00 0.000000000000000000e+00 0.000000000000000000e+00 0.000000000000000000e+00 0.000000000000000000e+00 0.000000000000000000e+00 0.000000000000000000e+00 0.000000000000000000e+00 0.000000000000000000e+00 0.000000000000000000e+00 0.000000000000000000e+00 0.000000000000000000e+00 0.000000000000000000e+00 0.000000000000000000e+00
0.000000000000000000e+00 2.039725994763408323e+00 -3.685246791102140484e+00 -5.925427361397934689e+00 0.000000000000000000e+00 -2.132193876073238847e+00 -1.327444444338605312e+00 1.599378385396039493e+00 -5.918768583803519334e+00 0.000000000000000000e+00 -3.099679340384292381e+00 -2.618228563146755672e+00 0.000000000000000000e+00 -2.652406897927631624e-01 0.000000000000000000e+00 0.000000000000000000e+00 0.000000000000000000e+00 0.000000000000000000e+00 0.000000000000000000e+00 0.000000000000000000e+00 0.000000000000000000e+00 0.000000000000000000e+00 0.000000000000000000e+00 0.000000000000000000e+00 0.000000000000000000e+00
0.000000000000000000e+00 -3.627389730975158488e-01 -2.437725459774395809e-01 3.486756952592896308e+00 0.000000000000000000e+00 6.645748084554442769e+00 3.539207131668296036e-01 -4.832593987887614517e+00 1.020870934407656305e+00 0.000000000000000000e+00 6.573530122248757657e+00 7.624379434694298574e+00 -4.353475094608631579e+00 2.835437413627084347e+00 0.000000000000000000e+00 0.000000000000000000e+00 0.000000000000000000e+00 0.000000000000000000e+00 0.000000000000000000e+00 0.000000000000000000e+00 0.000000000000000000e+00 0.000000000000000000e+00 0.000000000000000000e+00 0.000000000000000000e+00 0.000000000000000000e+00
-6.466250196849840925e+00 5.567433533668466161e+00 4.780127009483530642e+00 0.000000000000000000e+00 0.000000000000000000e+00 0.000000000000000000e+00 0.000000000000000000e+00 4.052108380915512065e+00 4.208424544562168634e+00 0.000000000000000000e+00 -7.429924682070488728e+00 -1.267075849908338725e+01 5.803971871025616736e+00 2.406704607703399057e-01 0.000000000000000000e+00 0.000000000000000000e+00 0.000000000000000000e+00 0.000000000000000000e+00 0.000000000000000000e+00 0.000000000000000000e+00 0.000000000000000000e+00 0.000000000000000000e+00 0.000000000000000000e+00 0.000000000000000000e+00 0.000000000000000000e+00
5.028210436267535499e+00 1.350322309319619718e+00 1.809767933603775081e+00 0.000000000000000000e+00 0.000000000000000000e+00 1.377468342212974317e+00 2.024313824140463680e+00 3.043932115375310943e+00 3.014230804159372390e+00 0.000000000000000000e+00 8.567706819128199314e+00 5.954022990732810605e+00 0.000000000000000000e+00 0.000000000000000000e+00 0.000000000000000000e+00 -3.958788542708702729e-01 0.000000000000000000e+00 0.000000000000000000e+00 0.000000000000000000e+00 0.000000000000000000e+00 0.000000000000000000e+00 0.000000000000000000e+00 0.000000000000000000e+00 0.000000000000000000e+00 0.000000000000000000e+00
1.252143638893253197e+00 0.000000000000000000e+00 -1.141843615761154895e+00 -4.010524469694567884e+00 0.000000000000000000e+00 -3.500831043293333167e+00 2.576591814846946882e+00 -7.743238611962600437e+00 0.000000000000000000e+00 0.000000000000000000e+00 -1.590441691841183891e+00 -1.836602770012742303e+00 -1.031500914169603611e+01 -1.170670784315186097e+01 0.000000000000000000e+00 -1.173329069525648016e+01 0.000000000000000000e+00 0.000000000000000000e+00 -8.867818938001667206e+00 0.000000000000000000e+00 0.000000000000000000e+00 0.000000000000000000e+00 0.000000000000000000e+00 0.000000000000000000e+00 0.000000000000000000e+00
-3.720136398603599126e+00 -6.246501010858594327e+00 4.440327848873393712e+00 8.561922090435047039e+00 0.000000000000000000e+00 1.196522223830291803e-01 2.089078028785626984e+00 7.337412752628873491e+00 0.000000000000000000e+00 0.000000000000000000e+00 4.203431827627656325e+00 2.998658087390887239e+00 8.953239660835963676e+00 1.333660511615883948e+01 0.000000000000000000e+00 1.102840788373340786e+01 0.000000000000000000e+00 0.000000000000000000e+00 2.009115850042557483e+01 0.000000000000000000e+00 0.000000000000000000e+00 0.000000000000000000e+00 0.000000000000000000e+00 0.000000000000000000e+00 0.000000000000000000e+00
-4.529431132109930758e+00 8.732797205362892612e+00 -4.749664798368185559e-01 7.601089735972033523e+00 0.000000000000000000e+00 -3.407865763813569426e+00 -2.157002388715419272e+00 -2.597211204586225564e-01 0.000000000000000000e+00 0.000000000000000000e+00 -3.247393215176572756e+00 0.000000000000000000e+00 0.000000000000000000e+00 0.000000000000000000e+00 0.000000000000000000e+00 0.000000000000000000e+00 -3.928285091481803271e+00 -8.083373943015420560e-02 4.606093096826626265e+00 0.000000000000000000e+00 0.000000000000000000e+00 0.000000000000000000e+00 0.000000000000000000e+00 0.000000000000000000e+00 0.000000000000000000e+00
6.428521660756615574e+00 9.234223140620493098e+00 -1.183853866075518368e+01 0.000000000000000000e+00 0.000000000000000000e+00 1.002007404066294960e+01 -4.414380357836122926e+00 2.854206214803785446e+00 0.000000000000000000e+00 0.000000000000000000e+00 7.288521488965438166e+00 -1.209034203626264237e+00 -1.387549276538915244e-01 0.000000000000000000e+00 0.000000000000000000e+00 0.000000000000000000e+00 6.758566578766384225e+00 -1.218534215554043953e+01 0.000000000000000000e+00 0.000000000000000000e+00 0.000000000000000000e+00 0.000000000000000000e+00 0.000000000000000000e+00 0.000000000000000000e+00 0.000000000000000000e+00
8.123939296464316229e+00 0.000000000000000000e+00 1.023159525936770642e+01 0.000000000000000000e+00 0.000000000000000000e+00 6.939790818717696652e+00 5.081570757960045981e+00 0.000000000000000000e+00 0.000000000000000000e+00 0.000000000000000000e+00 -2.095805635316929205e+00 6.313778126839127758e+00 2.800856575753581712e+00 0.000000000000000000e+00 0.000000000000000000e+00 -1.263223916613810172e+00 5.308483460082199734e+00 1.568264646438303522e+01 0.000000000000000000e+00 0.000000000000000000e+00 0.000000000000000000e+00 0.000000000000000000e+00 0.000000000000000000e+00 0.000000000000000000e+00 0.000000000000000000e+00
-6.168657598735496350e+00 -3.171509234046324677e-01 -6.712572861937680102e+00 0.000000000000000000e+00 0.000000000000000000e+00 -3.753183829413172745e+00 3.523246239123579482e+00 0.000000000000000000e+00 0.000000000000000000e+00 0.000000000000000000e+00 -2.186190382390039932e+00 -1.709859003701080793e+00 0.000000000000000000e+00 0.000000000000000000e+00 0.000000000000000000e+00 9.276328812697752113e+00 0.000000000000000000e+00 5.811231780087067200e-01 0.000000000000000000e+00 0.000000000000000000e+00 0.000000000000000000e+00 0.000000000000000000e+00 0.000000000000000000e+00 0.000000000000000000e+00 0.000000000000000000e+00
7.689632613722654497e+00 2.606524671841037311e+00 3.084351125782999858e+00 0.000000000000000000e+00 0.000000000000000000e+00 3.279369326547695973e+00 0.000000000000000000e+00 0.000000000000000000e+00 0.000000000000000000e+00 0.000000000000000000e+00 2.090125038264305957e+00 1.875416909587106717e+00 0.000000000000000000e+00 -7.616346230128970163e+00 0.000000000000000000e+00 -9.975541549654124651e+00 2.685050382640435718e+00 -7.155809988806401734e+00 0.000000000000000000e+00 0.000000000000000000e+00 0.000000000000000000e+00 0.000000000000000000e+00 0.000000000000000000e+00 0.000000000000000000e+00 0.000000000000000000e+00
1.186142339912195309e+00 2.224809201295787631e+00 0.000000000000000000e+00 0.000000000000000000e+00 0.000000000000000000e+00 1.353346496290772860e+00 -5.356010631312438930e-01 0.000000000000000000e+00 -5.276595068373451269e+00 0.000000000000000000e+00 1.154281205679365430e+00 -6.745689703633497292e-01 -4.046713505177964576e-01 -1.881932630191480271e+01 0.000000000000000000e+00 6.647863149458768106e+00 -5.541443861564846252e+00 1.741431992021542641e+00 0.000000000000000000e+00 0.000000000000000000e+00 0.000000000000000000e+00 0.000000000000000000e+00 0.000000000000000000e+00 0.000000000000000000e+00 0.000000000000000000e+00
2.679537105841112710e-01 -9.825148078801073659e-01 0.000000000000000000e+00 -9.655011178215113787e-01 0.000000000000000000e+00 0.000000000000000000e+00 -1.316793104813377546e+01 0.000000000000000000e+00 -1.999371035528304219e+01 0.000000000000000000e+00 -1.022372502313937392e+00 -1.347112821253024606e+01 -2.302467423005305847e+01 1.666643357504642609e+01 0.000000000000000000e+00 1.731460672382397803e+01 -1.025988764999392089e+01 0.000000000000000000e+00 0.000000000000000000e+00 0.000000000000000000e+00 -2.651216180972035819e+00 0.000000000000000000e+00 0.000000000000000000e+00 0.000000000000000000e+00 0.000000000000000000e+00
-1.218676787585292765e+01 -1.479390513465326329e+01 -1.250180688406237905e+01 -1.480446106216786539e+01 0.000000000000000000e+00 0.000000000000000000e+00 -2.062461928810098755e+01 -1.569540107119255978e+01 1.825929771841877169e+01 0.000000000000000000e+00 -1.785741702130169628e+01 2.475605456937739035e+01 1.905581671890727335e+01 5.423302951211820266e-01 0.000000000000000000e+00 6.372730296554459661e-01 1.826260595235168438e+01 0.000000000000000000e+00 -5.233001403479518920e+00 0.000000000000000000e+00 -1.688068636906995579e+01 -1.233370289086020577e+01 -1.242947397108441443e+01 -6.874087849317509935e+00 0.000000000000000000e+00
2.688360699084385530e+01 2.654366253108075924e+01 2.679385839994938578e+01 2.620849537050178668e+01 0.000000000000000000e+00 -3.913028973942702216e+00 1.261761357818103058e+01 2.178690539402585102e+01 3.394477341758112665e+00 0.000000000000000000e+00 1.553474361584808605e+01 1.172640714856545152e+01 3.521136129639002910e+00 0.000000000000000000e+00 0.000000000000000000e+00 2.017225548941408153e+00 1.653716793097532278e+00 0.000000000000000000e+00 -1.999200636872988568e+01 0.000000000000000000e+00 2.039037136360785496e+01 2.505412331792361869e+01 2.790818951021745420e+01 -2.053444384932089406e+01 0.000000000000000000e+00
1.175839025558010320e+01 1.025392074912073781e+01 6.569950824946573675e+00 9.396155842325459417e+00 0.000000000000000000e+00 -7.586583048347733893e+00 0.000000000000000000e+00 4.121679396669990503e+00 0.000000000000000000e+00 0.000000000000000000e+00 9.834699383092548874e-01 0.000000000000000000e+00 0.000000000000000000e+00 0.000000000000000000e+00 0.000000000000000000e+00 0.000000000000000000e+00 8.486747051574175416e+00 -5.130449481762873187e-01 2.115029819504330888e+01 0.000000000000000000e+00 5.124884255051233239e+00 7.077596759402739579e+00 7.196786396903920746e+00 2.234194197343250465e+01 0.000000000000000000e+00
3.751923123327524645e-01 0.000000000000000000e+00 0.000000000000000000e+00 0.000000000000000000e+00 0.000000000000000000e+00 2.280094429551186686e+00 -2.046138319397986516e-01 0.000000000000000000e+00 0.000000000000000000e+00 0.000000000000000000e+00 -2.094387818552785330e+00 0.000000000000000000e+00 0.000000000000000000e+00 0.000000000000000000e+00 0.000000000000000000e+00 1.416213404773808193e+00 0.000000000000000000e+00 -1.586631811932396907e+01 2.541307546739020040e+00 0.000000000000000000e+00 0.000000000000000000e+00 0.000000000000000000e+00 0.000000000000000000e+00 9.217341321974014789e+00 0.000000000000000000e+00
0.000000000000000000e+00 0.000000000000000000e+00 0.000000000000000000e+00 0.000000000000000000e+00 0.000000000000000000e+00 -1.848959078596577754e+01 4.067528606488609810e+00 0.000000000000000000e+00 0.000000000000000000e+00 0.000000000000000000e+00 -4.157488842722989908e+00 -4.585934456995575559e+00 0.000000000000000000e+00 0.000000000000000000e+00 0.000000000000000000e+00 -3.780753606821521728e+00 -2.636200314402414868e+00 1.887384995599108350e+01 0.000000000000000000e+00 0.000000000000000000e+00 -2.694384070141650600e+00 -7.935966793237270167e-03 0.000000000000000000e+00 0.000000000000000000e+00 0.000000000000000000e+00
0.000000000000000000e+00 0.000000000000000000e+00 0.000000000000000000e+00 0.000000000000000000e+00 0.000000000000000000e+00 1.462084943064297349e+01 9.009517163306959731e+00 3.218878949623808161e+00 0.000000000000000000e+00 0.000000000000000000e+00 2.354443445752102626e+00 3.559102081045882215e+00 0.000000000000000000e+00 0.000000000000000000e+00 0.000000000000000000e+00 5.845752496226654937e-01 3.451393493114759181e+00 2.014518321940009127e+00 0.000000000000000000e+00 0.000000000000000000e+00 6.323750704491587271e+00 3.134973453598894344e-01 0.000000000000000000e+00 0.000000000000000000e+00 0.000000000000000000e+00
0.000000000000000000e+00 0.000000000000000000e+00 0.000000000000000000e+00 0.000000000000000000e+00 0.000000000000000000e+00 -1.395338964974419893e+00 2.092841442090281889e-01 0.000000000000000000e+00 0.000000000000000000e+00 0.000000000000000000e+00 -3.841833118521774892e+00 -6.804494769740859539e+00 -6.630619739907946730e+00 0.000000000000000000e+00 0.000000000000000000e+00 -5.502251336360689749e+00 -1.649523347412774399e+00 0.000000000000000000e+00 0.000000000000000000e+00 0.000000000000000000e+00 3.799056354513735023e+00 1.671966764753314738e+00 -7.376861500353950163e+00 0.000000000000000000e+00 0.000000000000000000e+00
0.000000000000000000e+00 0.000000000000000000e+00 0.000000000000000000e+00 0.000000000000000000e+00 0.000000000000000000e+00 7.762825387547422018e+00 0.000000000000000000e+00 -1.541434787992842725e+00 0.000000000000000000e+00 0.000000000000000000e+00 4.252004628175205525e+00 2.453097154482317244e+00 2.781779742359554941e+00 0.000000000000000000e+00 0.000000000000000000e+00 4.576617019140500453e+00 5.817199372731173490e+00 2.433629217468826766e+00 0.000000000000000000e+00 0.000000000000000000e+00 -2.213719179807887016e-01 4.174468377393489860e+00 3.985572394727864065e+00 0.000000000000000000e+00 0.000000000000000000e+00
0.000000000000000000e+00 0.000000000000000000e+00 0.000000000000000000e+00 0.000000000000000000e+00 0.000000000000000000e+00 0.000000000000000000e+00 -9.258022826575183828e+00 5.183704161007388400e+00 -1.884404429960593097e+00 0.000000000000000000e+00 0.000000000000000000e+00 1.735125314464438240e-01 0.000000000000000000e+00 0.000000000000000000e+00 0.000000000000000000e+00 -6.801225162948053571e-01 -3.053933152589697109e+00 4.330165240970829665e-01 0.000000000000000000e+00 0.000000000000000000e+00 -6.356585365485454275e+00 8.497090698334273995e+00 -6.229255659539849610e-01 0.000000000000000000e+00 0.000000000000000000e+00
0.000000000000000000e+00 0.000000000000000000e+00 0.000000000000000000e+00 0.000000000000000000e+00 0.000000000000000000e+00 -3.193362972444379611e-01 1.977583951804061613e+01 3.170212556935422032e+00 -1.559240835315567608e+01 0.000000000000000000e+00 -9.496867178453141101e-01 -1.477727494719523360e+00 -5.417963046618843315e-01 0.000000000000000000e+00 0.000000000000000000e+00 -5.357158131739496731e-01 2.405829352273747279e-01 0.000000000000000000e+00 -1.028185721137244357e+01 0.000000000000000000e+00 1.675167802436952513e+01 -2.183201509112282057e+00 -1.275900699423771911e+01 0.000000000000000000e+00 0.000000000000000000e+00
0.000000000000000000e+00 0.000000000000000000e+00 0.000000000000000000e+00 0.000000000000000000e+00 0.000000000000000000e+00 -1.093814232561532940e+01 8.036771805262970858e+00 0.000000000000000000e+00 1.171508523876022956e+01 0.000000000000000000e+00 1.548308610991190193e+01 4.217121046844168220e+00 1.596669737838191949e+01 -2.654997103485384979e+00 0.000000000000000000e+00 7.971961055314762845e+00 -3.204264039078732473e+00 0.000000000000000000e+00 2.031261758857495181e+01 0.000000000000000000e+00 1.098128338975225837e+01 6.548419509305379194e+00 1.153921433568358701e+01 -8.317663231745763497e+00 0.000000000000000000e+00
0.000000000000000000e+00 0.000000000000000000e+00 0.000000000000000000e+00 0.000000000000000000e+00 0.000000000000000000e+00 1.153611874238148971e+01 0.000000000000000000e+00 0.000000000000000000e+00 0.000000000000000000e+00 0.000000000000000000e+00 5.699389366863683470e+00 -1.474041374632447798e+01 5.000345335063989261e+00 8.997742770425837477e+00 0.000000000000000000e+00 2.279694806937895724e+00 1.261035759223884689e+01 -1.015236885091529295e+01 6.111121180989705692e+00 0.000000000000000000e+00 5.927176483828643094e-02 5.134426652801878099e-02 0.000000000000000000e+00 1.828608160876984101e+01 0.000000000000000000e+00
0.000000000000000000e+00 0.000000000000000000e+00 0.000000000000000000e+00 0.000000000000000000e+00 0.000000000000000000e+00 0.000000000000000000e+00 0.000000000000000000e+00 0.000000000000000000e+00 0.000000000000000000e+00 0.000000000000000000e+00 0.000000000000000000e+00 1.236524572532698940e+01 0.000000000000000000e+00 2.674647237652823417e+00 0.000000000000000000e+00 -2.164781923557474119e+00 0.000000000000000000e+00 1.031908835191906704e+01 0.000000000000000000e+00 0.000000000000000000e+00 0.000000000000000000e+00 1.350331276317994211e+00 0.000000000000000000e+00 3.194656545227843480e+00 0.000000000000000000e+00
0.000000000000000000e+00 0.000000000000000000e+00 0.000000000000000000e+00 0.000000000000000000e+00 0.000000000000000000e+00 0.000000000000000000e+00 0.000000000000000000e+00 0.000000000000000000e+00 0.000000000000000000e+00 0.000000000000000000e+00 -7.457012487233248166e+00 0.000000000000000000e+00 -9.021012775711854559e+00 0.000000000000000000e+00 0.000000000000000000e+00 9.509093631857956641e-01 0.000000000000000000e+00 1.038389835427046215e+00 0.000000000000000000e+00 0.000000000000000000e+00 -6.563556823805987150e-01 -4.251863225950618386e+00 -8.641914155001947373e-01 -2.804679064264039567e-01 0.000000000000000000e+00
0.000000000000000000e+00 0.000000000000000000e+00 0.000000000000000000e+00 0.000000000000000000e+00 0.000000000000000000e+00 0.000000000000000000e+00 0.000000000000000000e+00 0.000000000000000000e+00 0.000000000000000000e+00 0.000000000000000000e+00 3.524712009092947795e+00 -4.340705776231374990e+00 2.112020084251876817e+00 1.887477512964168103e+00 0.000000000000000000e+00 1.628945561202426395e+00 -3.625933997849144497e+00 -3.054443332116663523e+00 -3.732392076857043328e+00 0.000000000000000000e+00 3.672031290812070026e+00 3.600123039626045518e+00 6.640549791478926878e+00 2.180665527517328339e+00 0.000000000000000000e+00
0.000000000000000000e+00 0.000000000000000000e+00 0.000000000000000000e+00 0.000000000000000000e+00 0.000000000000000000e+00 0.000000000000000000e+00 0.000000000000000000e+00 0.000000000000000000e+00 0.000000000000000000e+00 0.000000000000000000e+00 0.000000000000000000e+00 8.285899360550475379e+00 0.000000000000000000e+00 2.128184107769481859e-01 0.000000000000000000e+00 -3.791595490773194133e+00 7.971804547181188250e-01 1.644345386845312174e+00 6.134819787620472198e+00 0.000000000000000000e+00 -2.521211019638586404e+00 -1.468661275283765111e+00 -3.094809184382764755e+00 6.748451789137083212e-01 0.000000000000000000e+00
0.000000000000000000e+00 0.000000000000000000e+00 0.000000000000000000e+00 0.000000000000000000e+00 0.000000000000000000e+00 0.000000000000000000e+00 0.000000000000000000e+00 0.000000000000000000e+00 0.000000000000000000e+00 0.000000000000000000e+00 0.000000000000000000e+00 0.000000000000000000e+00 0.000000000000000000e+00 0.000000000000000000e+00 0.000000000000000000e+00 1.631488693034256754e-01 -1.414163260696240210e+00 1.489231981312596931e+00 3.922761364777102688e+00 0.000000000000000000e+00 0.000000000000000000e+00 1.162454797823145203e+00 -7.451722660770692119e-01 1.032397093103714525e+00 0.000000000000000000e+00
0.000000000000000000e+00 0.000000000000000000e+00 0.000000000000000000e+00 0.000000000000000000e+00 0.000000000000000000e+00 0.000000000000000000e+00 0.000000000000000000e+00 0.000000000000000000e+00 0.000000000000000000e+00 0.000000000000000000e+00 -3.706755272269777635e+00 0.000000000000000000e+00 0.000000000000000000e+00 -3.623632258685868246e-01 0.000000000000000000e+00 0.000000000000000000e+00 1.254534919596782094e+00 0.000000000000000000e+00 0.000000000000000000e+00 0.000000000000000000e+00 9.495853803867468357e-02 0.000000000000000000e+00 -2.830385825668900956e+00 1.334303605915776458e+00 -4.166986126415017089e-01
0.000000000000000000e+00 0.000000000000000000e+00 0.000000000000000000e+00 0.000000000000000000e+00 0.000000000000000000e+00 -1.437962268941185684e+01 -1.710526968919725999e+00 -6.884284648267452233e+00 -7.481285477227716640e+00 -1.548138312186105203e+01 -1.661425482931914388e+01 0.000000000000000000e+00 0.000000000000000000e+00 -1.445013541596824425e+01 -1.211959318372620409e+01 -9.445614653342241596e+00 -2.496451551903370980e+00 -2.347139449812520429e+00 -3.477867562485116526e+00 -1.090590217694762032e+01 -1.121144319715611637e+01 -1.253937412022587949e+01 -1.622171642635787947e+01 -5.769053748440364338e+00 -1.322140760614119337e+01
