# yaw
0.000000000000000000e+00 0.000000000000000000e+00 0.000000000000000000e+00 0.000000000000000000e+00 0.000000000000000000e+00 3.000000000000000000e+01 -2.256267427349077437e+01 -2.131218499904616692e+01 -1.728527872160551127e+01 3.000000000000000000e+01 3.000000000000000000e+01 3.000000000000000000e+01 -2.444901719022678321e+01 3.000000000000000000e+01 3.000000000000000000e+01 3.000000000000000000e+01 3.000000000000000000e+01 4.039992761294254109e+00 1.238789038197980652e+01 3.000000000000000000e+01 3.000000000000000000e+01 -3.000000000000000000e+01 -2.146299281753156407e+01 3.000000000000000000e+01 3.000000000000000000e+01
0.000000000000000000e+00 0.000000000000000000e+00 0.000000000000000000e+00 0.000000000000000000e+00 0.000000000000000000e+00 3.000000000000000000e+01 -3.000000000000000000e+01 -3.000000000000000000e+01 -2.408807636599647850e+01 3.000000000000000000e+01 2.290336880625565641e+01 1.977579452328549436e+01 -2.063590742062875805e+01 2.848604849788263849e+01 3.000000000000000000e+01 2.981076451599135169e+01 2.899166206137482860e+01 0.000000000000000000e+00 -7.871738047599965288e-03 3.000000000000000000e+01 2.335210765334334226e+01 3.000000000000000000e+01 2.151628385106073083e+01 -2.890596692159747505e+01 2.740489720682995411e+01
0.000000000000000000e+00 0.000000000000000000e+00 0.000000000000000000e+00 0.000000000000000000e+00 0.000000000000000000e+00 1.934441744364590576e+01 2.517496595971369899e+01 -3.000000000000000000e+01 -3.000000000000000000e+01 2.535786648968663215e+01 1.043029456673843924e+01 6.007164381110794871e+00 3.000000000000000000e+01 1.702957363404424740e+01 2.644457514088447780e+01 1.740136081600608975e+01 3.000000000000000000e+01 -8.174159300522029881e+00 -1.850985953876663714e+01 3.000000000000000000e+01 2.076391008078075373e+01 3.000000000000000000e+01 1.032489961123199684e+00 -2.760616599152592343e+01 2.935116976913130316e+01
0.000000000000000000e+00 0.000000000000000000e+00 0.000000000000000000e+00 0.000000000000000000e+00 0.000000000000000000e+00 1.529404945092968937e+01 2.069129160025563152e+01 3.000000000000000000e+01 3.000000000000000000e+01 1.941921434757740172e+01 0.000000000000000000e+00 -1.404934155363536163e+01 3.000000000000000000e+01 3.512720531146084735e+00 3.000000000000000000e+01 7.393582556883051549e-01 3.000000000000000000e+01 2.875509553415464481e+01 -2.795066574016196626e+01 2.795960998085065086e+01 1.836121052126640762e+01 3.000000000000000000e+01 0.000000000000000000e+00 3.000000000000000000e+01 1.646801541445847405e+01
0.000000000000000000e+00 0.000000000000000000e+00 0.000000000000000000e+00 0.000000000000000000e+00 0.000000000000000000e+00 0.000000000000000000e+00 4.546897931612171817e+00 3.000000000000000000e+01 3.000000000000000000e+01 1.430761819025207693e+01 0.000000000000000000e+00 -3.000000000000000000e+01 2.456076483042435399e+01 -1.139239900226232649e+01 3.000000000000000000e+01 0.000000000000000000e+00 2.731491163359636687e+01 5.352846430668864564e+00 3.000000000000000000e+01 1.104980332181144753e+01 1.365527420171442508e+01 3.000000000000000000e+01 -1.260661490160228304e+01 2.111329404829213630e+01 1.227186499753050342e+01
0.000000000000000000e+00 0.000000000000000000e+00 0.000000000000000000e+00 0.000000000000000000e+00 0.000000000000000000e+00 0.000000000000000000e+00 -1.788039618133035136e+00 2.269385273086628629e+01 2.066447922882112920e+01 8.554035877203318705e+00 0.000000000000000000e+00 -3.000000000000000000e+01 1.399340528162480624e+01 -2.918329985412490046e+01 1.488866055920046705e+01 0.000000000000000000e+00 -1.321651169293439487e+01 -2.778372347739685111e+01 1.832972554110719443e+01 2.606349755303432936e+00 8.179512338020666462e+00 3.000000000000000000e+01 -1.741501951320082142e+01 1.731136046407709017e+01 -1.712453344289796675e+00
0.000000000000000000e+00 0.000000000000000000e+00 0.000000000000000000e+00 0.000000000000000000e+00 0.000000000000000000e+00 0.000000000000000000e+00 -1.713972306573090520e+01 1.669782637641698386e+01 2.522125581149767015e+01 0.000000000000000000e+00 0.000000000000000000e+00 3.000000000000000000e+01 2.505240938618409352e+00 3.000000000000000000e+01 4.471758418544578007e-01 0.000000000000000000e+00 -2.950205969808721918e+01 1.966637732156972973e+01 -4.764720540668882620e+00 -1.343368629449433982e+01 0.000000000000000000e+00 1.891717270332016554e+01 2.137876899411592646e+01 1.995656867574151505e+01 -1.925956198422723986e+01
0.000000000000000000e+00 0.000000000000000000e+00 0.000000000000000000e+00 0.000000000000000000e+00 0.000000000000000000e+00 0.000000000000000000e+00 -3.000000000000000000e+01 9.975270577412283401e+00 1.556742423143712095e+01 -2.294059736502142233e+00 0.000000000000000000e+00 2.353687615968515701e+01 -9.644189085460738164e-01 2.410420556108906354e+01 -1.271145311950910362e+01 0.000000000000000000e+00 2.608963722089548298e+01 -1.103236103307206450e+00 1.473349549159528493e+01 2.544588754776609463e+01 0.000000000000000000e+00 9.032670762532983844e+00 -1.687604416243756944e+01 -6.659000069562945434e+00 2.285662138361448115e+01
0.000000000000000000e+00 0.000000000000000000e+00 0.000000000000000000e+00 0.000000000000000000e+00 0.000000000000000000e+00 0.000000000000000000e+00 2.656855665002451516e+01 1.196912279304789273e+00 2.303249314446910834e+00 -1.458651478484952868e+01 0.000000000000000000e+00 1.335480037390187924e+01 -1.633308295359717377e+01 1.484627004973445352e+01 2.326885987372460818e+01 0.000000000000000000e+00 9.887970560857814561e+00 -2.226317020375024214e+01 -1.585492404206498307e+01 -1.601720712456201667e+01 0.000000000000000000e+00 -6.027198957551333613e+00 2.418157835229509800e+01 7.382017504776064776e+00 -9.498090623549877709e-02
0.000000000000000000e+00 0.000000000000000000e+00 0.000000000000000000e+00 0.000000000000000000e+00 0.000000000000000000e+00 0.000000000000000000e+00 1.419309780040764934e+01 0.000000000000000000e+00 0.000000000000000000e+00 -2.104626915039351687e+01 0.000000000000000000e+00 5.752720706695179514e-02 2.803248888265869354e+01 -1.144551387945485388e+01 2.465037939193022254e+01 0.000000000000000000e+00 0.000000000000000000e+00 3.000000000000000000e+01 2.016125982709630193e+01 2.383842623596218857e+01 0.000000000000000000e+00 -1.821046629042076503e+01 4.763309564573191324e+00 -1.207566170969512775e+01 -2.131832162207183856e+01
0.000000000000000000e+00 3.674336838924368697e-10 0.000000000000000000e+00 0.000000000000000000e+00 0.000000000000000000e+00 0.000000000000000000e+00 -2.367237747213633448e+00 -1.462235289493530432e+00 -2.809056141371825799e+00 -2.397887895125638735e+01 0.000000000000000000e+00 9.751288912940982103e-13 8.593678307127603500e-01 1.603464186778900213e+01 -2.240812404272557234e+00 0.000000000000000000e+00 0.000000000000000000e+00 -2.362537984380556466e+01 2.021658519849042435e+01 1.136793752839474614e+01 0.000000000000000000e+00 -2.188635727232844275e+01 1.134721115176107453e+01 2.110141403313371100e+01 -2.814927279938578764e+01
0.000000000000000000e+00 5.775685854342468733e-10 0.000000000000000000e+00 0.000000000000000000e+00 0.000000000000000000e+00 0.000000000000000000e+00 -1.607697776506528342e+01 -1.696658388196071954e+01 -1.654667837645979844e+01 2.616300878665877150e+01 0.000000000000000000e+00 -9.941633070136715742e-11 2.718158820810321075e+01 -1.713685907860313407e+01 -1.582393282510674482e+01 0.000000000000000000e+00 0.000000000000000000e+00 2.751666386775300666e+01 -1.311451711403577036e+01 -3.599663791362677667e+00 0.000000000000000000e+00 2.936715936288842244e+01 3.275602873939280624e+00 -5.375938106541821249e+00 -2.630968367977313349e+01
0.000000000000000000e+00 -4.110915026056879452e-03 0.000000000000000000e+00 0.000000000000000000e+00 0.000000000000000000e+00 0.000000000000000000e+00 -2.017580532921775216e+01 -2.700069667947782648e+01 -2.467451146090394332e+01 1.743659107718155354e+01 0.000000000000000000e+00 -1.291531842700151256e-02 5.534348853053953299e+00 2.488612062623700183e+01 3.000000000000000000e+01 0.000000000000000000e+00 0.000000000000000000e+00 1.373875704305446277e+01 -2.688218863297112549e+01 4.718589345098337162e+00 0.000000000000000000e+00 1.878571512845433844e+01 -1.336425094015086934e+01 5.707868611779979062e+00 2.346065039380535566e+01
0.000000000000000000e+00 -1.989408241027018631e+00 0.000000000000000000e+00 0.000000000000000000e+00 -2.485602318939603497e-02 0.000000000000000000e+00 -3.000000000000000000e+01 3.000000000000000000e+01 2.148528786470875218e+01 -4.183731807003196468e-01 0.000000000000000000e+00 -1.964879283574137103e+00 -1.198064096715964233e+01 1.569762390541571584e+01 2.503102516707957648e+01 0.000000000000000000e+00 -3.319085376398787646e-01 -1.789303972043924418e+01 2.011975879535162903e+01 -9.329193272273878179e+00 0.000000000000000000e+00 7.493014202684535441e+00 -2.521759212853623922e+01 -1.063294315686160729e+01 1.480091815051264525e+01
0.000000000000000000e+00 -7.072363541743011517e+00 0.000000000000000000e+00 0.000000000000000000e+00 -6.167715173654866767e+00 0.000000000000000000e+00 3.000000000000000000e+01 2.417476791039907980e+01 -8.736651022002753564e+00 -2.171546108680021447e+01 0.000000000000000000e+00 -1.339529233628576321e+01 -2.692498496222676962e+01 -4.624168299294774798e+00 3.873811877415041849e+00 0.000000000000000000e+00 -4.932688260349529230e+00 -3.000000000000000000e+01 9.564090190452800400e+00 -1.043167970455467852e+01 0.000000000000000000e+00 -6.813486642748356914e+00 -3.000000000000000000e+01 -1.987580852585513114e+01 -1.756129704221297771e+00
0.000000000000000000e+00 -2.250355243966026109e+01 -3.774172544537087504e+00 -4.097813541192818043e+00 -1.585482453785488133e+01 0.000000000000000000e+00 2.500991940281724624e+01 1.156232409288568519e+01 -2.448435402226064284e+01 -3.000000000000000000e+01 0.000000000000000000e+00 -1.589678716521752122e+01 2.352573262062145076e+01 -2.385728709535641201e+01 -2.251203685918146125e+00 0.000000000000000000e+00 -1.176995514662492326e+01 -2.785720732698507973e+01 0.000000000000000000e+00 -6.689282298045925224e+00 0.000000000000000000e+00 -1.755094979976784231e+01 -3.000000000000000000e+01 -3.000000000000000000e+01 -1.655315201065937813e+01
0.000000000000000000e+00 -2.827934210998711606e+01 -1.235722288940437785e+01 -2.295416451233126054e+01 -1.894647748307321322e+01 0.000000000000000000e+00 1.839595299392560790e+01 2.650228692152937701e-02 -3.000000000000000000e+01 -3.000000000000000000e+01 0.000000000000000000e+00 -3.000000000000000000e+01 1.890024610444087827e+01 3.000000000000000000e+01 -1.679833024875196301e+01 0.000000000000000000e+00 -1.901336582330115732e+01 -3.000000000000000000e+01 -1.521487472392055174e-01 -2.084695705656127984e+01 0.000000000000000000e+00 -2.801995703883740418e+01 -3.000000000000000000e+01 -3.000000000000000000e+01 -3.000000000000000000e+01
0.000000000000000000e+00 -3.000000000000000000e+01 -3.000000000000000000e+01 -3.000000000000000000e+01 -2.464033991150092717e+01 0.000000000000000000e+00 7.428118929281822602e+00 -1.338090158895077764e+01 -3.000000000000000000e+01 -2.495322766205292453e+01 0.000000000000000000e+00 -3.000000000000000000e+01 3.401429285774331568e+00 2.425615395473131031e+01 1.262401323401430098e+01 0.000000000000000000e+00 -2.804095106675939064e+01 -3.000000000000000000e+01 -2.243969671804409316e+01 -2.403286134637386340e+01 0.000000000000000000e+00 -3.000000000000000000e+01 -3.000000000000000000e+01 -3.000000000000000000e+01 -2.734532014681264300e+01
0.000000000000000000e+00 3.000000000000000000e+01 3.000000000000000000e+01 3.000000000000000000e+01 3.000000000000000000e+01 0.000000000000000000e+00 0.000000000000000000e+00 -3.000000000000000000e+01 -3.000000000000000000e+01 3.000000000000000000e+01 0.000000000000000000e+00 3.000000000000000000e+01 -2.885735223628610371e-03 9.721986310101220496e+00 0.000000000000000000e+00 0.000000000000000000e+00 3.000000000000000000e+01 3.000000000000000000e+01 3.000000000000000000e+01 3.000000000000000000e+01 0.000000000000000000e+00 3.000000000000000000e+01 3.000000000000000000e+01 3.000000000000000000e+01 3.000000000000000000e+01
0.000000000000000000e+00 3.000000000000000000e+01 2.426183259658493796e+01 2.958649130592529630e+01 2.193837817498711118e+01 0.000000000000000000e+00 -4.183848253214031821e-09 2.923100572830278310e+01 3.000000000000000000e+01 3.000000000000000000e+01 0.000000000000000000e+00 2.933861339851434735e+01 -7.663730634247370332e+00 1.946294278612938200e+01 -2.295350544077282701e-02 0.000000000000000000e+00 3.000000000000000000e+01 3.000000000000000000e+01 1.726632879074184146e+01 2.438738314116279682e+01 0.000000000000000000e+00 3.000000000000000000e+01 3.000000000000000000e+01 3.000000000000000000e+01 2.338801114957247407e+01
0.000000000000000000e+00 2.512036235948661655e+01 1.526859682110806027e+01 2.258258419584446486e+01 2.512130104268526765e+01 0.000000000000000000e+00 0.000000000000000000e+00 -1.193444551039839929e+01 3.000000000000000000e+01 2.537515844187057823e+01 0.000000000000000000e+00 1.805902874430973881e+01 -2.933457605317924077e+01 1.207380469449859328e+00 -1.918194361989715446e+01 0.000000000000000000e+00 2.226472484090953685e+01 2.506087599718914305e+01 -1.219432600143631973e+01 3.000000000000000000e+01 0.000000000000000000e+00 1.966099995411287082e+01 2.417267382896551098e+01 2.749277511494840454e+01 1.784260893195014575e+01
0.000000000000000000e+00 2.205071239214822043e+01 -1.527751421181751335e+00 2.338562159949616515e+01 3.000000000000000000e+01 0.000000000000000000e+00 0.000000000000000000e+00 0.000000000000000000e+00 7.765950498040095518e+00 3.000000000000000000e+01 0.000000000000000000e+00 2.083890923979580023e+01 3.000000000000000000e+01 -7.508131598735011680e-01 2.252879537768924223e+01 0.000000000000000000e+00 2.386154789099728646e+01 1.754948944783428999e+01 3.000000000000000000e+01 3.000000000000000000e+01 0.000000000000000000e+00 1.301005962433664465e+01 2.022526354169441731e+01 1.698473922449580797e+01 1.452117067983469312e+01
0.000000000000000000e+00 1.195736639161867743e+01 -2.545580566717702453e+01 0.000000000000000000e+00 3.000000000000000000e+01 0.000000000000000000e+00 7.305054714131733356e-05 3.000000000000000000e+01 -1.672613120338280623e+01 3.000000000000000000e+01 0.000000000000000000e+00 6.218180910500802128e+00 2.235601556724333605e+01 -2.234610442108293427e+01 -3.396380037225502413e+00 0.000000000000000000e+00 6.343017023829028211e+00 1.063680942292939058e+01 3.000000000000000000e+01 -3.000000000000000000e+01 0.000000000000000000e+00 0.000000000000000000e+00 6.482862307226608500e+00 1.060533466516796786e+01 3.293825328316982937e+00
0.000000000000000000e+00 0.000000000000000000e+00 0.000000000000000000e+00 0.000000000000000000e+00 0.000000000000000000e+00 0.000000000000000000e+00 0.000000000000000000e+00 0.000000000000000000e+00 0.000000000000000000e+00 0.000000000000000000e+00 0.000000000000000000e+00 0.000000000000000000e+00 0.000000000000000000e+00 0.000000000000000000e+00 0.000000000000000000e+00 0.000000000000000000e+00 0.000000000000000000e+00 0.000000000000000000e+00 0.000000000000000000e+00 0.000000000000000000e+00 0.000000000000000000e+00 0.000000000000000000e+00 0.000000000000000000e+00 0.000000000000000000e+00 0.000000000000000000e+00
0.000000000000000000e+00 0.000000000000000000e+00 0.000000000000000000e+00 0.000000000000000000e+00 0.000000000000000000e+00 0.000000000000000000e+00 0.000000000000000000e+00 0.000000000000000000e+00 0.000000000000000000e+00 0.000000000000000000e+00 0.000000000000000000e+00 0.000000000000000000e+00 0.000000000000000000e+00 0.000000000000000000e+00 0.000000000000000000e+00 0.000000000000000000e+00 0.000000000000000000e+00 0.000000000000000000e+00 0.000000000000000000e+00 0.000000000000000000e+00 0.000000000000000000e+00 0.000000000000000000e+00 0.000000000000000000e+00 0.000000000000000000e+00 0.000000000000000000e+00
0.000000000000000000e+00 0.000000000000000000e+00 0.000000000000000000e+00 0.000000000000000000e+00 0.000000000000000000e+00 0.000000000000000000e+00 0.000000000000000000e+00 0.000000000000000000e+00 0.000000000000000000e+00 0.000000000000000000e+00 0.000000000000000000e+00 0.000000000000000000e+00 0.000000000000000000e+00 0.000000000000000000e+00 0.000000000000000000e+00 0.000000000000000000e+00 0.000000000000000000e+00 0.000000000000000000e+00 0.000000000000000000e+00 0.000000000000000000e+00 0.000000000000000000e+00 0.000000000000000000e+00 0.000000000000000000e+00 0.000000000000000000e+00 0.000000000000000000e+00
0.000000000000000000e+00 0.000000000000000000e+00 0.000000000000000000e+00 0.000000000000000000e+00 0.000000000000000000e+00 0.000000000000000000e+00 0.000000000000000000e+00 0.000000000000000000e+00 0.000000000000000000e+00 0.000000000000000000e+00 0.000000000000000000e+00 0.000000000000000000e+00 0.000000000000000000e+00 0.000000000000000000e+00 0.000000000000000000e+00 0.000000000000000000e+00 0.000000000000000000e+00 0.000000000000000000e+00 0.000000000000000000e+00 0.000000000000000000e+00 0.000000000000000000e+00 0.000000000000000000e+00 0.000000000000000000e+00 0.000000000000000000e+00 0.000000000000000000e+00
0.000000000000000000e+00 3.000000000000000000e+01 -2.859362954785783018e+01 2.556968432055902340e+01 3.000000000000000000e+01 0.000000000000000000e+00 3.000000000000000000e+01 3.000000000000000000e+01 3.000000000000000000e+01 -1.131432888436774853e+01 0.000000000000000000e+00 0.000000000000000000e+00 -3.000000000000000000e+01 2.311809173942128126e+01 1.445224370899060773e+01 0.000000000000000000e+00 2.657082043558521534e+01 0.000000000000000000e+00 -2.680038170893578098e+01 1.884615361846426040e+01 0.000000000000000000e+00 0.000000000000000000e+00 0.000000000000000000e+00 0.000000000000000000e+00 0.000000000000000000e+00
0.000000000000000000e+00 2.731863287402874363e+01 2.363375875062956055e+01 1.523095659851398942e+01 2.605713933572999252e+01 0.000000000000000000e+00 2.766345901481147962e+01 2.241107319552336818e+01 2.829121213379881894e+01 5.470468525968692930e+00 0.000000000000000000e+00 -1.489637980767434300e+01 2.066690531426949207e+01 -1.987181485536494918e+01 -1.332016985234000117e+01 0.000000000000000000e+00 1.714205521730186987e+01 -1.354060860365109091e-06 -3.000000000000000000e+01 6.065129995580606170e+00 0.000000000000000000e+00 0.000000000000000000e+00 0.000000000000000000e+00 0.000000000000000000e+00 0.000000000000000000e+00
0.000000000000000000e+00 1.872800699810844804e+01 1.715139325383215763e+01 -5.728280397543580094e+00 1.369530784906546295e+01 0.000000000000000000e+00 1.328652437519038543e+01 -1.369223855437699022e+01 2.026532555582326722e+01 1.122918767476442703e+01 0.000000000000000000e+00 -3.000000000000000000e+01 -8.559798029082111626e+00 2.702957081125077465e+01 -2.382650686955287966e+01 0.000000000000000000e+00 5.313400381750340351e+00 0.000000000000000000e+00 3.000000000000000000e+01 2.911900189858761777e-03 0.000000000000000000e+00 0.000000000000000000e+00 0.000000000000000000e+00 0.000000000000000000e+00 0.000000000000000000e+00
4.652641222309798390e-10 4.555341859089145018e+00 2.577502130272094050e+01 -1.989904621570298104e+01 5.958913834016714262e+00 0.000000000000000000e+00 -2.973092761472917456e+00 -1.650260237473989733e+01 -1.598524828740846448e+00 -1.657953900369475875e+00 0.000000000000000000e+00 3.000000000000000000e+01 2.316290556310636362e+01 8.188830373555354925e+00 1.654546953764962680e+01 -1.589038461850015294e+00 8.685985267559086231e-03 -3.038060150838326010e-13 2.290411138762763343e+01 -3.888748658922773327e+00 0.000000000000000000e+00 0.000000000000000000e+00 0.000000000000000000e+00 0.000000000000000000e+00 0.000000000000000000e+00
-3.537216132847456951e+00 -1.504714861744094634e+01 1.086891382632182079e+01 2.729809660788900061e+01 -9.637127714424243763e+00 0.000000000000000000e+00 -2.177818074379782587e+01 9.240034407463854293e+00 1.790690343226177106e+01 -2.395889321614604484e+01 0.000000000000000000e+00 2.624960649309791805e+01 4.953694227209592071e+00 -1.954783195279278019e+01 -2.595294046117755382e+00 -5.048005072427962148e+00 0.000000000000000000e+00 -8.482026472185545712e-10 1.033791724744756912e+01 -1.090338659492070938e+01 0.000000000000000000e+00 0.000000000000000000e+00 0.000000000000000000e+00 0.000000000000000000e+00 0.000000000000000000e+00
-1.167778067795718044e+01 2.435660399180940061e+01 8.383513186255735050e+00 2.310547195114730812e+01 -2.595568705549124999e+01 1.789599646540203036e-10 3.000000000000000000e+01 1.900270401672342402e+01 -1.826706043192510398e+00 1.338046391109841871e+01 0.000000000000000000e+00 1.862665142006975572e+01 -9.672223599901331070e+00 1.030712273317272576e+01 -1.600222376980613603e+01 -9.929307503828471937e+00 1.523200480004502697e-09 -4.253386945027517011e-12 3.539682295909484466e+00 -1.616238545838541185e+01 0.000000000000000000e+00 0.000000000000000000e+00 0.000000000000000000e+00 0.000000000000000000e+00 0.000000000000000000e+00
-1.580281537022263549e+01 1.846252658122080348e+01 1.024258772380530047e+01 1.880273193862116665e+00 -2.702433869548179501e+01 -7.948425400379000472e+00 -2.866534702883958730e+01 4.922348095165972048e-01 4.049067722005411873e+00 -2.053165518362848019e+01 -1.491187388653083756e+00 -5.036055339046950685e+00 2.349054448082704027e+01 -1.580702162794474219e+01 -1.980715202216264714e+01 -1.730165578083485656e+01 -7.536239528068420235e-01 0.000000000000000000e+00 -3.349238702070584495e+00 -2.282427896837867820e+01 0.000000000000000000e+00 0.000000000000000000e+00 0.000000000000000000e+00 0.000000000000000000e+00 0.000000000000000000e+00
-1.698119520770746504e+01 2.767117711050976148e+00 -3.262076789027043677e+00 -1.408476822427074815e+01 -1.396201174491993946e+01 -2.240898824569436343e+01 -2.323015679143322387e+01 -1.540325889766388379e+01 -1.767456327384380543e+01 -2.707519757643387948e+01 -1.315215117394797595e+01 -2.382608616193915552e+01 6.873217505983853393e+00 -2.172954978333093479e+01 -2.652464314863452088e+01 -2.344315372389404573e+01 -1.034743572244687648e+01 0.000000000000000000e+00 -1.246901401427183309e+01 -3.000000000000000000e+01 0.000000000000000000e+00 0.000000000000000000e+00 0.000000000000000000e+00 0.000000000000000000e+00 0.000000000000000000e+00
-2.251637271192872092e+01 -1.740337259125408309e+01 -1.632433606840018925e+01 -2.086267788058958672e+01 -2.452054441755123904e+01 -3.000000000000000000e+01 3.000000000000000000e+01 -8.131013899103059828e+00 2.064334588654046598e+01 -3.000000000000000000e+01 -2.769558078564707770e+01 -2.188149132858590917e+01 -1.122063896500238656e+01 -3.000000000000000000e+01 -3.000000000000000000e+01 -3.000000000000000000e+01 -2.008279821827416001e+01 0.000000000000000000e+00 -1.592211490792517914e+01 -3.000000000000000000e+01 0.000000000000000000e+00 0.000000000000000000e+00 0.000000000000000000e+00 0.000000000000000000e+00 0.000000000000000000e+00
3.000000000000000000e+01 -3.000000000000000000e+01 -4.368957198022711985e+00 2.902515616007720567e+01 3.000000000000000000e+01 3.000000000000000000e+01 2.608718024323384554e+01 -2.331086507666542929e+01 3.965396086283947241e+00 3.000000000000000000e+01 3.000000000000000000e+01 -3.000000000000000000e+01 -2.631667028045292156e+01 3.000000000000000000e+01 3.000000000000000000e+01 3.000000000000000000e+01 -2.490155422414585829e+01 0.000000000000000000e+00 -2.006444470855779016e+01 3.000000000000000000e+01 0.000000000000000000e+00 0.000000000000000000e+00 0.000000000000000000e+00 0.000000000000000000e+00 0.000000000000000000e+00
2.093008276773701226e+01 3.000000000000000000e+01 -2.241854597234809177e+01 -2.066565846027144460e+01 2.192657035197199633e+01 2.666052679210977772e+01 1.723334638616711700e+01 -3.000000000000000000e+01 -2.871827192368203371e-02 2.653106519091225479e+01 2.119329249894397194e+01 3.000000000000000000e+01 9.787599560612639138e+00 3.000000000000000000e+01 3.000000000000000000e+01 3.000000000000000000e+01 -2.196290374792486944e+01 0.000000000000000000e+00 -2.291761870586301697e+01 3.000000000000000000e+01 0.000000000000000000e+00 0.000000000000000000e+00 0.000000000000000000e+00 0.000000000000000000e+00 0.000000000000000000e+00
2.612077892747523222e+01 3.000000000000000000e+01 -3.000000000000000000e+01 -2.318349536506906361e+01 1.829898616615015072e+01 1.399406992577495679e+01 2.377060103456556828e+00 -3.000000000000000000e+01 -1.926769798116617594e+01 1.646892396937667513e+01 1.207522742568047391e+01 1.135456005710618754e+01 -1.401636038871155066e+01 2.018435534789842478e+01 2.267210344152535839e+01 2.246033513322428377e+01 -3.000000000000000000e+01 -6.270506032091249183e-12 2.899708608409636312e+01 2.136708094853745621e+01 0.000000000000000000e+00 0.000000000000000000e+00 0.000000000000000000e+00 0.000000000000000000e+00 0.000000000000000000e+00
2.479641029556733756e+01 1.794573496352866826e+01 3.000000000000000000e+01 3.000000000000000000e+01 1.606194304183934207e+01 -1.423673601629123731e+01 1.678728775100096016e+01 3.000000000000000000e+01 3.000000000000000000e+01 1.313628833364324011e+00 1.804027637745951429e+00 7.715623862954446022e-01 -2.568601196038952850e+01 1.012203085500657629e+01 1.305638330509783707e+01 1.700229014438940922e+01 3.000000000000000000e+01 2.699083910491959693e-11 2.505271181955587068e+01 2.006396259770160739e+01 0.000000000000000000e+00 0.000000000000000000e+00 0.000000000000000000e+00 0.000000000000000000e+00 0.000000000000000000e+00
2.372037204775309505e+01 1.169277196384593154e+01 2.175533774843757584e+01 3.000000000000000000e+01 1.215827891518838477e+01 1.557580487941881486e+01 7.365891746371984183e+00 2.655769204789311644e+01 3.000000000000000000e+01 0.000000000000000000e+00 -6.227544007928663028e+00 -1.155307609864701845e+01 2.678413966194835538e+01 6.989046779908875351e+00 1.182174967559466161e+01 1.281458867527811663e+01 2.386305597239396548e+01 -4.247652206201348352e-13 2.413255814086363316e+01 1.219194553442887674e+01 0.000000000000000000e+00 0.000000000000000000e+00 0.000000000000000000e+00 0.000000000000000000e+00 0.000000000000000000e+00
2.633026722174597101e+00 3.399337834736710917e+00 2.507408803614273651e+01 2.694054306908480356e+01 7.007341119541700358e+00 -1.178380215153899080e+01 -1.493455023613545229e+01 2.054511145990408849e+01 3.000000000000000000e+01 0.000000000000000000e+00 -2.442672713172258270e+01 -2.612890777462457237e+01 1.550095407494836763e+01 5.301442670769337617e+00 5.980810207515444565e-01 7.338718085718141992e+00 1.359420397838863792e+01 2.006967197034245977e-12 1.634634075020676036e+01 9.502451501409390211e-01 0.000000000000000000e+00 0.000000000000000000e+00 0.000000000000000000e+00 0.000000000000000000e+00 0.000000000000000000e+00
-2.182338198835119059e+01 -1.376504202264627708e+01 2.213142222693012329e+01 1.637558058901878155e+01 6.711118818329525615e-01 3.000000000000000000e+01 1.289194144083658955e+01 1.680834345930851725e+01 3.000000000000000000e+01 0.000000000000000000e+00 3.000000000000000000e+01 2.111901215318755831e+01 -7.119338446454904101e+00 2.827060934658116149e-04 8.378861298439094732e-14 1.103477031482566817e+00 1.854398968079333088e+01 -3.772894298934704715e-14 5.056655699736421816e+00 0.000000000000000000e+00 0.000000000000000000e+00 0.000000000000000000e+00 0.000000000000000000e+00 0.000000000000000000e+00 0.000000000000000000e+00
-2.211479657989381309e+01 9.348545479887951259e+00 5.998951432514215476e+00 3.737789371796950810e+00 0.000000000000000000e+00 2.848226354622770629e+01 -1.998384070728682715e+01 2.139285964032020004e+01 2.397529064490851169e+01 0.000000000000000000e+00 2.797177972774100496e+01 -8.834469783044550439e+00 2.013261583003729882e+01 -2.545293520778114145e-12 0.000000000000000000e+00 -5.041552563348692707e-03 1.038736954411939450e+01 4.649038370059326154e-13 9.040806739299375172e-01 0.000000000000000000e+00 0.000000000000000000e+00 0.000000000000000000e+00 0.000000000000000000e+00 0.000000000000000000e+00 0.000000000000000000e+00
2.683702058883185870e+01 -2.092621390822274563e+01 1.276043286019584322e+01 -7.401608850970778697e+00 0.000000000000000000e+00 1.256757083119733487e+01 5.735081645183591981e+00 -4.736141290293787165e+00 1.336298633425306726e+01 0.000000000000000000e+00 2.580538952904199590e+01 2.508981586668896924e+01 -1.384521580868373292e+01 4.233602433687091623e-09 0.000000000000000000e+00 -8.492842985187039062e+00 -3.130674183908021657e+00 -8.648953070215152315e-12 -1.512856657915934155e+00 0.000000000000000000e+00 0.000000000000000000e+00 0.000000000000000000e+00 0.000000000000000000e+00 0.000000000000000000e+00 0.000000000000000000e+00
1.711555982612027194e+01 2.375794908708192565e+01 -1.596607686685417349e+01 -1.678765307821704056e+01 0.000000000000000000e+00 8.380265429222502505e+00 2.408726934423969723e+01 2.360414590976440863e+01 3.620163858185070915e-01 0.000000000000000000e+00 7.571580115247314779e+00 4.023105757168425001e+00 2.472874363741266990e+01 -7.785436500434530530e-14 0.000000000000000000e+00 -1.675628582288403834e+01 -1.423514086105729959e+01 2.200411449061454079e-12 -1.142945241549704960e+01 0.000000000000000000e+00 0.000000000000000000e+00 0.000000000000000000e+00 0.000000000000000000e+00 0.000000000000000000e+00 0.000000000000000000e+00
1.962684187638974231e+00 -5.675029095657581735e+00 7.553175067624989580e+00 -2.336622741907363121e+01 0.000000000000000000e+00 -1.383448084584333770e+01 1.975393265036744728e+00 3.459416778663828573e+00 3.136226776305458838e-13 0.000000000000000000e+00 1.153326152493437284e+01 2.107213453665534786e+01 2.848380700432243451e+00 8.930619912813217193e-16 0.000000000000000000e+00 -2.167286470533113629e+01 -2.189288981256011724e+01 -2.009343770874730587e-13 -2.351973039254979625e+01 0.000000000000000000e+00 0.000000000000000000e+00 0.000000000000000000e+00 0.000000000000000000e+00 0.000000000000000000e+00 0.000000000000000000e+00
-5.657386448406591661e+00 -1.344733105508961302e+01 -1.649711309406008652e+01 2.597704659955331152e+01 0.000000000000000000e+00 -1.396641146973035852e+01 2.004010457375029119e+01 -2.165425747217518193e+01 0.000000000000000000e+00 0.000000000000000000e+00 3.498986154482984112e+00 -8.543618583319007698e+00 -1.923880773992199167e+01 0.000000000000000000e+00 0.000000000000000000e+00 2.879718490959976762e+01 3.000000000000000000e+01 -1.198697072459664788e-02 3.000000000000000000e+01 0.000000000000000000e+00 0.000000000000000000e+00 0.000000000000000000e+00 0.000000000000000000e+00 0.000000000000000000e+00 0.000000000000000000e+00
8.015027736411372672e+00 -2.909963551195648535e+01 -2.303765813054633682e+01 1.965785703411128083e+01 0.000000000000000000e+00 -2.866246349478793931e+01 -2.311879023800461841e+00 2.336046299542676508e+01 -3.990687580344087076e-02 0.000000000000000000e+00 9.226840015240293624e+00 2.520640738553128557e+01 2.781325388375117669e+01 0.000000000000000000e+00 0.000000000000000000e+00 2.207402807481634355e+01 -2.102274804080015613e+01 -5.297412468840305699e+00 2.447824717372781933e+01 0.000000000000000000e+00 0.000000000000000000e+00 0.000000000000000000e+00 -2.134624306637869839e+00 0.000000000000000000e+00 0.000000000000000000e+00
-1.202431931110964314e+01 2.131627464695230856e+01 3.000000000000000000e+01 4.794684281082054689e+00 0.000000000000000000e+00 -2.356062454304999321e+01 -3.000000000000000000e+01 5.082598508022503125e+00 -2.777314996589285379e+00 0.000000000000000000e+00 -1.909493894765108024e+01 1.527098860309141770e-01 1.267723111266934488e+01 0.000000000000000000e+00 0.000000000000000000e+00 3.000000000000000000e+01 -2.553222389296261952e+01 -7.125468412534138096e+00 1.087405593236411505e+01 0.000000000000000000e+00 0.000000000000000000e+00 -6.125583897316900783e-01 -1.611167591438469415e+01 0.000000000000000000e+00 0.000000000000000000e+00
-2.241513051474415619e+01 -9.595280596822776786e+00 2.198647080234186646e+01 -9.345399738658034750e+00 0.000000000000000000e+00 3.000000000000000000e+01 3.000000000000000000e+01 -1.631897339332727731e-09 -5.941206441245769021e+00 0.000000000000000000e+00 -1.239833757093604660e+01 1.769563961617259551e+01 1.830003468593810467e+00 0.000000000000000000e+00 0.000000000000000000e+00 -1.950674921897349279e+01 2.658434151217441510e+01 -2.230161231220331430e+01 2.164594753845331176e+00 0.000000000000000000e+00 -2.663322264091385172e+00 -3.074435253107581811e+00 -1.133072081485422089e+01 -1.015171415228130591e+01 0.000000000000000000e+00
-2.234665307070062212e+01 -2.737229384236268004e+01 5.319976734943151486e-01 -1.763829341519713267e+01 0.000000000000000000e+00 2.524555237890641735e+01 3.000000000000000000e+01 -1.788175119309582062e+00 -1.450229937352367138e+01 0.000000000000000000e+00 -1.734247685748530898e+01 -4.408998053479188606e+00 -1.314125979292967372e+01 0.000000000000000000e+00 0.000000000000000000e+00 -3.000000000000000000e+01 2.315941172278148485e+01 -1.977883810391340802e+01 -7.095324259059134775e+00 0.000000000000000000e+00 -1.374460269321608763e+01 -1.179591088696813728e+01 -2.516387615560540425e+01 -1.314810268091430601e+01 0.000000000000000000e+00
-2.684279064882643340e+00 -3.000000000000000000e+01 -1.664132902390423396e+01 -2.577901318625185212e+01 0.000000000000000000e+00 1.566779122011837089e+01 1.755776636866493590e+01 -6.904754712678831119e+00 -2.225109202079187298e+01 0.000000000000000000e+00 -1.963664950216079674e+01 -2.682713948876355303e+01 -2.434307241661598908e+01 0.000000000000000000e+00 0.000000000000000000e+00 -3.000000000000000000e+01 4.826484411505447270e+00 -2.849980785419398899e+01 -1.891055720400077078e+01 0.000000000000000000e+00 -1.681336579696007760e+01 -2.598996185291787953e+01 -2.735550592575662066e+01 -2.533455756619169108e+01 0.000000000000000000e+00
-2.395793533940683773e+01 -3.000000000000000000e+01 -3.000000000000000000e+01 -3.000000000000000000e+01 0.000000000000000000e+00 1.232811277629687119e+00 2.675837166969778469e+00 -2.318047586863406195e+01 -3.000000000000000000e+01 0.000000000000000000e+00 3.000000000000000000e+01 1.811635512357323563e+01 2.185488566393773979e+01 0.000000000000000000e+00 0.000000000000000000e+00 -2.149903370149572979e+01 -2.252656149903056715e+01 -3.000000000000000000e+01 -2.624678760114806053e+01 0.000000000000000000e+00 -2.386749701500448850e+01 -3.000000000000000000e+01 -3.000000000000000000e+01 -3.000000000000000000e+01 0.000000000000000000e+00
3.000000000000000000e+01 3.000000000000000000e+01 3.000000000000000000e+01 3.000000000000000000e+01 0.000000000000000000e+00 -1.977060269462335995e+01 -4.515642508758463576e-04 -3.000000000000000000e+01 3.000000000000000000e+01 0.000000000000000000e+00 3.000000000000000000e+01 -1.126426474307781156e+01 7.370925595145986442e+00 0.000000000000000000e+00 0.000000000000000000e+00 3.000000000000000000e+01 3.000000000000000000e+01 3.000000000000000000e+01 3.000000000000000000e+01 0.000000000000000000e+00 3.000000000000000000e+01 3.000000000000000000e+01 3.000000000000000000e+01 3.000000000000000000e+01 0.000000000000000000e+00
2.181559704088577689e+01 2.844651925124741254e+01 2.302832808361256056e+01 3.000000000000000000e+01 0.000000000000000000e+00 1.820891137240118951e+01 -7.534134969642308555e+00 2.842177346679259387e+01 3.000000000000000000e+01 0.000000000000000000e+00 3.000000000000000000e+01 2.937434369346961205e+01 3.305897920853922284e-02 0.000000000000000000e+00 0.000000000000000000e+00 2.726483203151973456e+01 1.787693796341387298e+01 3.000000000000000000e+01 2.283037509586652547e+01 0.000000000000000000e+00 2.176348678440724527e+01 3.000000000000000000e+01 3.000000000000000000e+01 3.000000000000000000e+01 0.000000000000000000e+00
1.819568306866366214e+01 1.776523795583083043e+01 1.334812390588676045e+01 1.551983854084309655e+01 0.000000000000000000e+00 -8.535341181036312008e+00 -2.907618542525831629e+01 1.409699626441689979e+01 2.360732847367636467e+01 0.000000000000000000e+00 2.914907587508777809e+01 -1.115132714182982632e+01 -3.532541134813201188e-09 0.000000000000000000e+00 0.000000000000000000e+00 3.000000000000000000e+01 -1.227715996979567414e+01 3.000000000000000000e+01 1.200107723250759939e+01 0.000000000000000000e+00 3.000000000000000000e+01 3.000000000000000000e+01 2.312152752345394191e+01 2.389320684758513380e+01 0.000000000000000000e+00
1.498754894255556103e+01 2.578978392733711544e+00 6.905317865293330026e-01 9.736612952391254794e+00 0.000000000000000000e+00 -1.690483719111056971e+01 -3.000000000000000000e+01 -1.028796128383237907e+01 2.136459473266910791e+01 0.000000000000000000e+00 1.373326359865082402e+01 -2.911329432371016068e+01 -1.278504135590092363e-08 0.000000000000000000e+00 0.000000000000000000e+00 1.432197970321469427e+01 1.918883138816530476e+01 3.000000000000000000e+01 2.275075136120999542e+00 0.000000000000000000e+00 1.457038099748216453e+01 3.000000000000000000e+01 2.047286037866576081e+01 1.402212160277985475e+01 0.000000000000000000e+00
9.127740810397465765e+00 3.262700138410443947e-10 0.000000000000000000e+00 0.000000000000000000e+00 0.000000000000000000e+00 -1.983263961883394444e+01 3.000000000000000000e+01 -2.826254699702171536e+01 8.573480966789155389e+00 0.000000000000000000e+00 2.077332881036001311e+01 2.709928810458194803e+01 -2.389065581913171421e+00 0.000000000000000000e+00 0.000000000000000000e+00 1.871604932089980622e+01 -3.069267066672525690e+00 1.459880645705916891e+01 -1.284740547833102209e+00 0.000000000000000000e+00 2.742385099846584406e+00 2.011718090466404973e+01 3.000000000000000000e+01 1.822907052926950211e+00 0.000000000000000000e+00
5.862199362157020088e-01 2.440420763312407550e-10 0.000000000000000000e+00 0.000000000000000000e+00 0.000000000000000000e+00 1.863409142575595823e+01 2.513418811715763113e+01 1.617337142847501141e+01 -1.927223012690975734e+00 0.000000000000000000e+00 -3.327888492092848871e+00 1.684362358410314187e+01 -1.601846949075457260e+01 0.000000000000000000e+00 0.000000000000000000e+00 8.744695582537863610e-01 1.919508664713693591e+01 -1.747335940133316612e+01 -1.209591677001005650e+01 0.000000000000000000e+00 -1.170693619485527392e+01 1.698223286030718882e+01 2.271819588761738018e+01 -7.833797141474497572e+00 0.000000000000000000e+00
0.000000000000000000e+00 -8.968937623891601260e-10 0.000000000000000000e+00 0.000000000000000000e+00 0.000000000000000000e+00 -2.958057028869924276e-01 1.288325048640761850e+01 -1.971559193731631154e+01 -1.127797159734360832e+01 0.000000000000000000e+00 -2.147271741398283140e+01 2.287096009135942865e+01 2.951559280712868727e+01 0.000000000000000000e+00 0.000000000000000000e+00 -8.300331432486926175e+00 8.761525725427742328e-01 3.000000000000000000e+01 -2.374805541565820732e+01 0.000000000000000000e+00 -2.508548714064705720e+01 4.842738444555322319e-01 5.957342375753372110e+00 -1.842350386359287739e+01 0.000000000000000000e+00
0.000000000000000000e+00 1.738547617158339608e-11 0.000000000000000000e+00 0.000000000000000000e+00 0.000000000000000000e+00 -1.593285882959890998e+01 -7.350634522066009424e+00 -2.739395433304929028e+01 -2.606312041529074719e+01 0.000000000000000000e+00 1.137845147763891518e+01 5.100396168100739258e-01 1.979480126449861999e+01 8.563889047822571469e-12 0.000000000000000000e+00 2.719003251845832381e+01 -5.630364199677741155e+00 1.777835664848704411e+01 -3.000000000000000000e+01 0.000000000000000000e+00 -2.253021509023418645e+01 9.244803111342193347e+00 -7.294616034648940150e+00 -2.520881274123882321e+01 0.000000000000000000e+00
0.000000000000000000e+00 0.000000000000000000e+00 0.000000000000000000e+00 0.000000000000000000e+00 0.000000000000000000e+00 -2.129904392204943164e+01 -2.277346608775950543e+01 2.744080540843762606e+01 -3.000000000000000000e+01 0.000000000000000000e+00 -1.937008047295491053e+01 -2.296650853387374269e+01 -2.159245161452645689e+01 2.181983138913291140e-12 0.000000000000000000e+00 1.198743641243915725e+01 -1.528453265500269431e+01 -5.847377754392304894e+00 2.020671651362724930e+01 0.000000000000000000e+00 3.000000000000000000e+01 1.637025135737884662e+00 -2.322347436906073170e+01 2.450960670375813066e+01 0.000000000000000000e+00
0.000000000000000000e+00 0.000000000000000000e+00 0.000000000000000000e+00 0.000000000000000000e+00 0.000000000000000000e+00 3.000000000000000000e+01 -2.786917538133265637e+01 1.953651304566375302e+01 3.000000000000000000e+01 0.000000000000000000e+00 3.000000000000000000e+01 2.267935852346086634e+01 3.000000000000000000e+01 0.000000000000000000e+00 0.000000000000000000e+00 -1.068992233175833206e+01 -2.585192521852862058e+01 1.301840186102228003e+01 1.254492337765532639e+01 0.000000000000000000e+00 2.828728562556913317e+01 -8.468810377705812797e+00 3.000000000000000000e+01 1.682992652622991869e+01 0.000000000000000000e+00
0.000000000000000000e+00 0.000000000000000000e+00 0.000000000000000000e+00 0.000000000000000000e+00 0.000000000000000000e+00 2.359510314050346125e+01 2.728378318586022644e+01 6.554876123793435205e+00 2.291396000640660446e+01 0.000000000000000000e+00 1.868440756719713036e+01 7.399764122189602666e+00 2.044084067985851050e+01 1.320741452748781640e-10 0.000000000000000000e+00 -2.808971825951985224e+01 1.972237078808901956e+01 -2.296835162785064721e-01 -3.000000000000000000e+01 0.000000000000000000e+00 2.006177577883057594e+01 7.096532427054490277e+00 -2.576738606155453937e+01 2.093022708658311526e+00 0.000000000000000000e+00
0.000000000000000000e+00 0.000000000000000000e+00 0.000000000000000000e+00 0.000000000000000000e+00 0.000000000000000000e+00 1.776923551156095371e+01 1.202794930419584318e+01 2.195916704928232641e-02 1.478039012530329188e+01 0.000000000000000000e+00 1.210272359573868783e+01 -1.643948569957180794e+01 4.389979927363160783e+00 -1.144743892705982178e-10 0.000000000000000000e+00 -2.298157123091211673e+01 5.768521934983705357e+00 7.608310085191315686e+00 3.000000000000000000e+01 0.000000000000000000e+00 1.415502899621271737e+01 -2.466189042258739761e+01 2.773442339584694238e+01 -2.065186109137839310e+01 0.000000000000000000e+00
0.000000000000000000e+00 0.000000000000000000e+00 0.000000000000000000e+00 0.000000000000000000e+00 0.000000000000000000e+00 8.445038250437418625e+00 7.059778621179108038e-02 -1.508528302219672241e-13 2.064582100765384176e+00 0.000000000000000000e+00 -2.595988606695807110e+00 3.000000000000000000e+01 -1.640469959961328428e+01 2.272529319374799346e-11 0.000000000000000000e+00 3.000000000000000000e+01 -1.623857298406468885e+01 -3.379500333239612520e+00 1.286868819338443259e+01 0.000000000000000000e+00 -5.582761740466226641e+00 2.602305282189387015e+01 2.628498443582343569e+01 2.932453846891636218e+01 -3.722384080619855151e+00
0.000000000000000000e+00 0.000000000000000000e+00 0.000000000000000000e+00 0.000000000000000000e+00 0.000000000000000000e+00 -5.226787641007665464e+00 3.966966625136675116e-11 0.000000000000000000e+00 0.000000000000000000e+00 -9.915237072976468724e+00 -1.699954677133919745e+01 5.116542356509258482e+00 2.716293244449517275e+01 -5.485934440515948221e-11 -2.222204462571386152e+00 2.166034861241463361e+01 1.021325553945765030e+01 1.877927983007402091e+01 -1.441233310582780547e+01 -7.713746151899125714e+00 -2.846088697926987621e+01 4.272491749979058007e+00 2.444709643391379217e+01 2.344225295156489253e+01 -9.859398591688082192e+00
0.000000000000000000e+00 0.000000000000000000e+00 0.000000000000000000e+00 0.000000000000000000e+00 0.000000000000000000e+00 -1.277801745709810533e+01 0.000000000000000000e+00 0.000000000000000000e+00 -2.405626299312328572e-12 -1.306319173182191129e+01 2.191469431623888653e+01 -1.510319967544302777e+01 1.415226308972398961e+01 -5.261026081882271693e-02 -9.495146881066057531e+00 1.354519952640757197e+01 1.159942862463591240e+01 -1.907527229350215947e+01 2.116841538151831159e+01 -1.656096244803290674e+01 3.000000000000000000e+01 1.762487261055542476e+01 6.572122748878510556e+00 7.741395042128075055e+00 -1.384271195644864427e+01
0.000000000000000000e+00 0.000000000000000000e+00 0.000000000000000000e+00 0.000000000000000000e+00 0.000000000000000000e+00 -1.934344723719181047e+01 -3.342646218906927418e-07 1.714175008343676072e-08 -2.337981386183216159e+00 -2.470487286744761590e+01 -7.107919992960270994e-01 -2.220525394713568446e+01 5.217441053664190420e+00 -5.175267143022403538e+00 -2.147973673611758016e+01 -2.430385451119838791e+01 -2.648314482505895295e+00 2.723716751922193069e+01 5.205353793315274480e+00 -2.427324790158190737e+01 5.794439287049176102e+00 -1.381000381354999584e+00 -5.279549700815048929e+00 -1.875931272870260003e+01 -1.636942520097155196e+01
0.000000000000000000e+00 0.000000000000000000e+00 0.000000000000000000e+00 0.000000000000000000e+00 0.000000000000000000e+00 -2.743054212967716410e+01 -2.606859516978468516e+00 -4.702823423057339802e+00 -5.406871836523767350e+00 -2.834755413055239615e+01 -1.648629355035004096e+01 3.000000000000000000e+01 -1.150849936244681126e+00 -2.271691614517516555e+01 -2.944698931836821743e+01 -3.000000000000000000e+01 -1.664140138423800508e+01 2.547905796869297745e+01 -2.376132632681969525e+01 -3.000000000000000000e+01 -2.655317319291708245e+01 -6.292222434627261052e+00 1.483841314735990835e+01 -1.134425128820038253e+01 -1.937194916128616740e+01
0.000000000000000000e+00 0.000000000000000000e+00 0.000000000000000000e+00 0.000000000000000000e+00 0.000000000000000000e+00 -3.000000000000000000e+01 -2.354374874798545392e+01 -8.824784258337190934e+00 -1.177350373679350604e+01 -3.000000000000000000e+01 -3.000000000000000000e+01 -3.000000000000000000e+01 -1.241471640161254264e+01 -3.000000000000000000e+01 -3.000000000000000000e+01 -3.000000000000000000e+01 -2.734911181146659231e+01 1.822961356847661563e+01 2.556077260729978562e+01 -3.000000000000000000e+01 -2.406149831176692544e+01 -1.442955378201467731e+01 -1.110396022421080708e+01 -2.783213017214282914e+01 -2.691501823945401028e+01
