# yaw
0.000000000000000000e+00 0.000000000000000000e+00 -5.711990703829023376e-14 -2.907176033653320957e+01 0.000000000000000000e+00 2.136599425622711124e+01 -1.112865013326554097e-16 7.618049624785061980e+00 0.000000000000000000e+00 0.000000000000000000e+00 -3.781952049820566653e-01 3.000000000000000000e+01 -2.874484242136391998e+01 3.000000000000000000e+01 0.000000000000000000e+00 2.068945919043891024e+01 1.194039968854763778e+01 8.854192704756101984e-01 0.000000000000000000e+00 3.000000000000000000e+01 -2.537608155497432350e+01 -1.321143073953984892e+00 7.346445214635180854e+00 2.693117380715058573e+01 1.857313305367636858e+01
0.000000000000000000e+00 0.000000000000000000e+00 -9.698498203343604687e-12 3.000000000000000000e+01 0.000000000000000000e+00 1.163706733061357523e+00 0.000000000000000000e+00 1.712679210002119607e-11 0.000000000000000000e+00 0.000000000000000000e+00 -1.393920516550643462e+01 1.728295618802930278e+01 2.699591542580333936e+01 1.388783460681418447e+01 0.000000000000000000e+00 3.318712151908548957e+00 3.592698427488448809e-01 -1.616338364244955311e-04 -5.121053035501257789e+00 2.334266551257793054e+01 3.000000000000000000e+01 1.825407563569569547e+01 -3.878215038858066205e-02 1.079765131540522383e+01 0.000000000000000000e+00
0.000000000000000000e+00 0.000000000000000000e+00 0.000000000000000000e+00 2.142996385988480057e+01 0.000000000000000000e+00 -7.070746212649387053e-11 -1.435487430851237534e+01 -1.740100066767988750e-09 0.000000000000000000e+00 0.000000000000000000e+00 9.877730644109888658e+00 3.023462835782746438e+00 1.626698765320775664e+01 1.287313366701959838e+00 0.000000000000000000e+00 0.000000000000000000e+00 6.306338463190693419e-10 -5.874354077280932174e+00 5.288043267710887951e-01 1.202535635047993878e+01 2.505127733280806979e+01 -3.101423010540238057e+00 -1.229813937790776457e+01 2.105852088793542732e-09 -2.922352564969896260e+00
0.000000000000000000e+00 0.000000000000000000e+00 0.000000000000000000e+00 1.185085338692328882e+01 0.000000000000000000e+00 0.000000000000000000e+00 9.751382147939082756e+00 -3.196337315828869791e-02 8.724753310283224268e-13 0.000000000000000000e+00 6.034838800902785118e-12 2.086048950935147457e-09 1.551268413022300008e+00 4.750429018072995102e-12 0.000000000000000000e+00 0.000000000000000000e+00 -1.118360774956069496e-11 3.009283776089004103e+00 1.036141536905036677e-11 1.321698402704204911e+00 1.121025589288230684e+01 4.538414010927313669e+00 9.375888260409714903e+00 -1.345436984460737506e-01 1.938815776624764897e-01
0.000000000000000000e+00 0.000000000000000000e+00 2.351532077074251137e-08 2.454945357429201905e-02 0.000000000000000000e+00 0.000000000000000000e+00 4.976782772745793194e-12 -8.439360715850732220e+00 0.000000000000000000e+00 0.000000000000000000e+00 -1.199131602096061044e+01 1.838726388106123836e-10 8.328685255827336320e+00 2.171744402635345560e-11 0.000000000000000000e+00 -1.435677765790115853e-11 4.562186360526574553e-10 -8.839315545924922191e+00 -1.955449882905715420e+00 4.622678661029650963e-11 1.732881047106786143e+00 -3.969518232812375924e+00 -1.388845893687468802e+00 3.961995588042906302e+00 -3.891420968315733919e+00
0.000000000000000000e+00 0.000000000000000000e+00 -9.649754313481646584e-01 -2.413533491717195182e-09 0.000000000000000000e+00 0.000000000000000000e+00 1.515383099711498374e-09 1.208536697439750185e+01 0.000000000000000000e+00 0.000000000000000000e+00 2.002354691514098306e+01 3.792144123134591261e-09 2.848390876678102313e+00 -4.912120406099457694e-09 0.000000000000000000e+00 0.000000000000000000e+00 -9.291028298288779297e+00 1.693746144045687885e+01 -2.521122505244489531e+01 -1.944664457717113391e-10 -7.511477558939121391e-01 1.920683735020950778e+01 3.418482541727498436e+00 4.903051113945792738e-01 -2.099532967194011235e+01
0.000000000000000000e+00 0.000000000000000000e+00 2.454352924381658951e+01 -6.913965063517115734e-08 0.000000000000000000e+00 0.000000000000000000e+00 -7.296747062894592517e+00 -1.167925338652590739e+01 0.000000000000000000e+00 0.000000000000000000e+00 2.614084727205602809e-01 3.520355270838156518e-07 1.343171590314649530e-04 -1.244661760906734926e+01 0.000000000000000000e+00 0.000000000000000000e+00 2.543164443552641529e+01 -1.373704064183047358e+01 2.715018692774933129e+01 0.000000000000000000e+00 8.030817068759247945e+00 2.608619172771883044e+00 -6.604990995668840625e+00 4.569376048088108019e-08 2.212935807829877533e+01
0.000000000000000000e+00 0.000000000000000000e+00 3.096724515216680462e+00 2.666571269675531060e-10 0.000000000000000000e+00 0.000000000000000000e+00 2.280929775550680461e+01 1.626236623792737745e+01 0.000000000000000000e+00 0.000000000000000000e+00 2.450703980841718904e-09 -1.056687827821334530e-09 -7.927303096644878089e+00 1.352029443476284598e+01 0.000000000000000000e+00 0.000000000000000000e+00 9.759812800471079797e+00 2.513928533945358623e+01 6.075141946233166834e+00 0.000000000000000000e+00 2.958545186012154563e-02 0.000000000000000000e+00 -7.061104757051359648e+00 -5.774794959584963472e+00 5.328949267281816837e+00
0.000000000000000000e+00 0.000000000000000000e+00 9.452890403360901019e-12 1.075768910736665859e-10 0.000000000000000000e+00 0.000000000000000000e+00 4.707569279652195071e+00 6.896049879028157692e-01 0.000000000000000000e+00 0.000000000000000000e+00 -1.224428469043211650e-09 7.256367940819604367e-12 1.495460248636800316e+01 2.359624323153899639e-01 0.000000000000000000e+00 0.000000000000000000e+00 -6.791999972977773303e-02 4.506870200000872018e+00 -1.188384213817079704e+00 4.763587492238235209e-12 0.000000000000000000e+00 0.000000000000000000e+00 1.511845507493897500e+01 -1.003232417802212506e+00 -2.552158442668663429e+00
0.000000000000000000e+00 0.000000000000000000e+00 -2.228050813006140980e-13 -6.071271501401544352e-13 0.000000000000000000e+00 0.000000000000000000e+00 -1.363241237836947269e-13 2.378916141845773158e+00 0.000000000000000000e+00 0.000000000000000000e+00 -6.876300642779341579e-14 -8.449254920960340023e-15 -2.235606162610071834e+00 -7.802529907794603078e-15 0.000000000000000000e+00 0.000000000000000000e+00 3.450548345702622921e+00 3.460216193067213286e+00 -5.475652400550112375e+00 5.495999142097872241e-14 -7.508853586118572565e+00 0.000000000000000000e+00 5.620688290208795124e-01 7.309971321467821248e+00 -5.949241393813932355e+00
0.000000000000000000e+00 0.000000000000000000e+00 -7.217138126928209774e-01 -1.077039719982666453e-15 0.000000000000000000e+00 0.000000000000000000e+00 -1.006376568610133776e-02 1.447209254331547906e-07 7.141662739197363483e-16 -5.969782994737776127e-17 1.233621605450633463e-16 -5.000061802584992776e+00 3.069211253597044831e+00 -5.452601267750159408e+00 0.000000000000000000e+00 0.000000000000000000e+00 -1.653677583011421648e+00 -4.055343689973883947e+00 7.168289833674255540e+00 -1.049460912687411485e+00 7.140553179859377764e+00 -8.435554629750248937e-16 5.041877129080726503e-15 -4.803291264480975542e+00 9.115649460965348894e+00
0.000000000000000000e+00 0.000000000000000000e+00 8.190910623165967408e+00 0.000000000000000000e+00 0.000000000000000000e+00 0.000000000000000000e+00 -1.443958168889763272e+01 -7.332016159711508330e+00 2.428202059749097501e-14 1.020164300059854141e-16 -1.526337318642686279e-16 1.533118645655648571e+01 -1.745388965555636483e-15 7.943497556857379571e+00 6.938401971118391807e-17 0.000000000000000000e+00 -1.768016446590151247e+01 2.949228349423993478e+00 -3.710321388433454270e+00 -1.547305625388188055e+01 0.000000000000000000e+00 -3.205312476056955049e-16 -1.743615865129536591e+00 9.588262792527880052e+00 -3.636675237611868283e-01
0.000000000000000000e+00 0.000000000000000000e+00 4.955793261392048343e+00 -5.371999102573832774e-14 0.000000000000000000e+00 0.000000000000000000e+00 1.609867660311058302e+01 1.457450921377914277e+01 -6.078338474949571473e-14 0.000000000000000000e+00 3.620483369600501627e-14 5.905536187671447390e-01 -7.429185674525979444e+00 -5.818589417405477526e+00 6.419067095784020580e-15 0.000000000000000000e+00 1.204639290346156244e+01 -5.720562201854296758e-01 1.809198553756131034e+01 2.099309686616341608e+01 -3.589987610498723604e-15 0.000000000000000000e+00 5.675775497161301253e+00 -2.152855874441358952e-02 1.944385773331432921e+00
0.000000000000000000e+00 0.000000000000000000e+00 -7.201997420175457803e-16 -3.376399791106449166e-02 0.000000000000000000e+00 0.000000000000000000e+00 6.716503650074326370e-02 -3.267884240483814207e+00 8.939998379416648026e-15 5.125548171370537598e-14 3.045959899495947539e-14 -1.133667053182029297e-15 1.051926115463472122e+01 1.047874417433187766e+01 -9.055459342893288524e-16 0.000000000000000000e+00 -1.738329698776361932e-12 -1.263422602432043718e+01 4.195888921775953406e+00 7.421949292737570758e+00 0.000000000000000000e+00 1.007149943609416918e-15 6.631432795956256065e-02 5.180628900783865731e-01 1.033635717250308117e+00
0.000000000000000000e+00 0.000000000000000000e+00 -7.264478347142788728e-02 -1.303615017189265401e+01 0.000000000000000000e+00 0.000000000000000000e+00 -9.099364907280258924e-14 -5.147397763242898883e+00 3.661436379142753505e-14 -3.108754605002468343e-13 1.395378870043020936e-14 -1.953281248759566768e+00 4.091065295159515324e-13 1.270917048450427578e-01 -4.823428576503135314e-14 0.000000000000000000e+00 1.406316554823699034e-13 1.064407510098290999e+01 -3.722042568430043996e+00 -6.615859014744327915e+00 0.000000000000000000e+00 -6.031664221127265577e-15 -2.837655430346694191e-15 8.066809647072805234e+00 1.226305191417743190e+00
0.000000000000000000e+00 0.000000000000000000e+00 7.766127955858497245e+00 1.050937255518133284e+01 0.000000000000000000e+00 0.000000000000000000e+00 -7.798842996166656657e-13 1.049360355343397622e+01 -8.315597442151846079e-14 4.212203606834829165e-14 0.000000000000000000e+00 1.373531010990476098e+01 -6.001146406788247845e+00 -9.455347072432858102e-01 -5.701914516232622351e-15 0.000000000000000000e+00 -4.436731684456058304e-14 -3.460043314881544477e-14 2.654148177005258624e+00 1.213786241994889359e+01 5.249549054802874042e-14 3.803473838402455505e-13 3.131193612503239580e-14 -2.265085748207473326e+00 -6.602510715737029301e+00
0.000000000000000000e+00 0.000000000000000000e+00 4.374839173309983842e+00 -8.887516936801127478e-15 0.000000000000000000e+00 0.000000000000000000e+00 5.181731043687706364e-13 5.890120328961314419e-10 3.914297659965433052e-15 -1.395618905516460062e+00 0.000000000000000000e+00 3.526754334385571177e-01 5.456245128085482676e+00 8.688672873159356769e+00 -1.596777615082270785e+00 0.000000000000000000e+00 -9.717456781488948536e+00 -2.453689248821313891e-16 -9.731248475474274073e+00 2.340349361347889179e+00 -1.315648691013036276e+00 -9.942002116134085909e+00 0.000000000000000000e+00 -1.234117033820589349e+01 3.539878452423367960e+00
0.000000000000000000e+00 0.000000000000000000e+00 -9.471769969028023079e-12 -6.216770666948721047e-01 -9.266528192686713794e+00 0.000000000000000000e+00 -3.499584046662346417e-11 -1.113960818148733711e+00 2.761913017643520135e-12 -1.868942357030897838e+01 0.000000000000000000e+00 -2.169219596183209919e+00 0.000000000000000000e+00 3.048925233561827319e+00 -1.709221244041163956e+01 0.000000000000000000e+00 1.327387554258556079e+01 -1.045774982804968900e+01 2.331474099756987073e+01 -1.003020706557771113e+01 -1.614009093829222508e+01 -2.390605369270609515e+01 -9.793192031162013466e-12 2.746113229957706636e+01 -1.261732494897653467e+01
0.000000000000000000e+00 0.000000000000000000e+00 0.000000000000000000e+00 8.848395725076642293e+00 2.445432948900923975e+01 0.000000000000000000e+00 -1.958287471482518434e-13 4.249499262611498906e+00 1.836330676904386506e-09 3.000000000000000000e+01 -9.648845129104449238e-12 1.031159497744602227e+01 0.000000000000000000e+00 -8.869136530298209919e+00 2.729366306183779400e+01 0.000000000000000000e+00 -6.248394571254584084e-01 2.560182427531703553e+01 7.357591599247069070e+00 1.411223660750768616e+01 2.868595660680860959e+01 3.000000000000000000e+01 2.573258092814674805e-13 1.962735574923449633e+01 2.493822461451891925e+01
0.000000000000000000e+00 0.000000000000000000e+00 -4.880575196862562321e-15 1.723375426163101354e+00 3.887201385308295176e+00 0.000000000000000000e+00 2.242112186973753113e-13 -2.284772978166859048e+01 -2.540669524432926135e-13 1.339952110903248794e+01 0.000000000000000000e+00 8.651712721487371981e-14 -1.268815302797983484e-14 -1.354604885792707769e+00 1.231682135084950502e+01 0.000000000000000000e+00 1.527148163275163917e+01 6.154245175169593907e+00 -6.508292251807857198e+00 -3.476132939280390133e+00 1.196421149536520367e+01 1.849681424192731782e+01 -1.358382056507313826e-14 1.950205661907010501e+00 9.384678353004137108e+00
0.000000000000000000e+00 0.000000000000000000e+00 -9.225040762899453894e-14 -8.179912192861264586e+00 -2.204216066774088434e-01 0.000000000000000000e+00 1.998905624013343883e-12 2.349250259783135064e+01 -3.683560654300661462e-10 3.675698331200910385e+00 0.000000000000000000e+00 3.365865335187958708e-13 0.000000000000000000e+00 4.880924857423579510e+00 -1.881936769742623916e+00 0.000000000000000000e+00 6.385960705068370880e-01 -1.901517133925645917e-13 1.293104330920461642e+01 -6.284936135971656013e-01 0.000000000000000000e+00 2.514388023823584284e+00 -1.047937033931794366e-10 -3.309654634747754613e-13 -2.770379677145475449e-12
0.000000000000000000e+00 0.000000000000000000e+00 -3.943789977777798805e-06 1.025147778179303515e+01 2.153281155095527666e+01 0.000000000000000000e+00 2.138194594987261580e-06 1.058365398260858647e+01 0.000000000000000000e+00 -6.103872940718717111e+00 -1.273059184280272770e-07 -2.978780999408136426e-03 -2.035874733007931823e-07 9.118755832553070206e+00 2.369528844170483239e+01 0.000000000000000000e+00 0.000000000000000000e+00 -2.024254646047642906e-06 1.731651618252226132e+00 -2.055681801569195954e+01 0.000000000000000000e+00 7.788866810685556881e-06 -2.779905410803666488e+00 0.000000000000000000e+00 0.000000000000000000e+00
0.000000000000000000e+00 0.000000000000000000e+00 -2.309861693024148899e+00 0.000000000000000000e+00 -3.295854611740308471e+00 0.000000000000000000e+00 -8.344487399250733644e-06 3.339874519378459999e-02 7.380683297288656746e-07 -4.556748138307822771e+00 -1.004349484803560427e-01 -6.707912241830051414e+00 -3.319981475726739184e+00 2.919438351526599251e-01 4.200637523263026085e-01 0.000000000000000000e+00 0.000000000000000000e+00 -3.134773702611081478e-06 -1.904931957822328270e+00 1.419474669761711638e+01 0.000000000000000000e+00 0.000000000000000000e+00 2.238404103819861390e+01 -1.575941217271278738e+01 0.000000000000000000e+00
0.000000000000000000e+00 0.000000000000000000e+00 0.000000000000000000e+00 0.000000000000000000e+00 0.000000000000000000e+00 0.000000000000000000e+00 0.000000000000000000e+00 0.000000000000000000e+00 0.000000000000000000e+00 0.000000000000000000e+00 0.000000000000000000e+00 0.000000000000000000e+00 0.000000000000000000e+00 0.000000000000000000e+00 0.000000000000000000e+00 0.000000000000000000e+00 0.000000000000000000e+00 0.000000000000000000e+00 0.000000000000000000e+00 0.000000000000000000e+00 0.000000000000000000e+00 0.000000000000000000e+00 0.000000000000000000e+00 0.000000000000000000e+00 0.000000000000000000e+00
0.000000000000000000e+00 0.000000000000000000e+00 0.000000000000000000e+00 0.000000000000000000e+00 0.000000000000000000e+00 0.000000000000000000e+00 0.000000000000000000e+00 0.000000000000000000e+00 0.000000000000000000e+00 0.000000000000000000e+00 0.000000000000000000e+00 0.000000000000000000e+00 0.000000000000000000e+00 0.000000000000000000e+00 0.000000000000000000e+00 0.000000000000000000e+00 0.000000000000000000e+00 0.000000000000000000e+00 0.000000000000000000e+00 0.000000000000000000e+00 0.000000000000000000e+00 0.000000000000000000e+00 0.000000000000000000e+00 0.000000000000000000e+00 0.000000000000000000e+00
0.000000000000000000e+00 0.000000000000000000e+00 0.000000000000000000e+00 0.000000000000000000e+00 0.000000000000000000e+00 0.000000000000000000e+00 0.000000000000000000e+00 0.000000000000000000e+00 0.000000000000000000e+00 0.000000000000000000e+00 0.000000000000000000e+00 0.000000000000000000e+00 0.000000000000000000e+00 0.000000000000000000e+00 0.000000000000000000e+00 0.000000000000000000e+00 0.000000000000000000e+00 0.000000000000000000e+00 0.000000000000000000e+00 0.000000000000000000e+00 0.000000000000000000e+00 0.000000000000000000e+00 0.000000000000000000e+00 0.000000000000000000e+00 0.000000000000000000e+00
0.000000000000000000e+00 0.000000000000000000e+00 0.000000000000000000e+00 0.000000000000000000e+00 0.000000000000000000e+00 0.000000000000000000e+00 0.000000000000000000e+00 0.000000000000000000e+00 0.000000000000000000e+00 0.000000000000000000e+00 0.000000000000000000e+00 0.000000000000000000e+00 0.000000000000000000e+00 0.000000000000000000e+00 0.000000000000000000e+00 0.000000000000000000e+00 0.000000000000000000e+00 0.000000000000000000e+00 0.000000000000000000e+00 0.000000000000000000e+00 0.000000000000000000e+00 0.000000000000000000e+00 0.000000000000000000e+00 0.000000000000000000e+00 0.000000000000000000e+00
0.000000000000000000e+00 -2.408484098014730534e+01 6.029797783582390380e+00 -5.235189600684602595e+00 -2.007237110179733303e-02 0.000000000000000000e+00 3.618408424561343928e+00 2.275225141012132468e+01 -1.821189981521034795e+01 -4.058900809755282779e+00 2.604778476180546587e+00 -3.378133666078747216e-06 -7.719437621340119452e-06 2.003050806854389521e+01 0.000000000000000000e+00 0.000000000000000000e+00 -9.588580282665278176e+00 0.000000000000000000e+00 -1.063659557517222964e+00 -1.428388734487386236e+00 0.000000000000000000e+00 0.000000000000000000e+00 0.000000000000000000e+00 0.000000000000000000e+00 0.000000000000000000e+00
0.000000000000000000e+00 2.694427226069338488e+01 8.886433034899889001e-06 -3.735798374388261234e+00 2.087726556209176465e+00 0.000000000000000000e+00 1.382735870496047276e-05 8.627351473867058473e+00 -2.202859921020183620e+01 2.189663412102026996e+01 0.000000000000000000e+00 -7.244716241169191218e-01 -1.216132529139437590e+00 2.226716789457668710e+00 -5.405264177623497091e+00 0.000000000000000000e+00 4.727988857871586070e+00 0.000000000000000000e+00 -1.685103223766813940e+01 2.033286370330658510e+00 0.000000000000000000e+00 0.000000000000000000e+00 0.000000000000000000e+00 -1.419072897746480155e+00 0.000000000000000000e+00
0.000000000000000000e+00 7.618930577488428391e+00 -1.033955263094682442e+00 2.437758535612590549e+01 -3.434954632704799504e+00 0.000000000000000000e+00 -7.598149945632041812e-10 6.838120619603887777e-03 3.000000000000000000e+01 1.171264843034624636e+00 0.000000000000000000e+00 1.547973549284261230e+00 -2.155537812026458866e+01 1.068008084460305819e-10 5.582519125374163949e+00 0.000000000000000000e+00 -1.237822070884474002e+01 0.000000000000000000e+00 2.176017093274661818e+01 2.141379211856150544e+00 0.000000000000000000e+00 0.000000000000000000e+00 0.000000000000000000e+00 -1.752437468225237893e+01 0.000000000000000000e+00
0.000000000000000000e+00 -1.338080549677168738e-13 3.108454930950182327e+00 7.260340094781708942e+00 7.838772255364072628e+00 0.000000000000000000e+00 -1.765550895491429850e+00 -2.958308446187395670e-13 1.962347486769056459e+01 1.507474508638096511e+00 0.000000000000000000e+00 -2.939741890011982939e+00 1.219133042662984856e+01 6.609428265317682288e-15 3.497778474083276468e+00 0.000000000000000000e+00 1.744847581100960454e+01 -1.868743816763940251e-14 7.108302661760162344e+00 -7.271993124568499667e+00 0.000000000000000000e+00 0.000000000000000000e+00 0.000000000000000000e+00 2.289401878983832006e+01 0.000000000000000000e+00
0.000000000000000000e+00 1.165015090330728202e-16 -1.515711653470837869e-03 1.420512228551038314e+00 7.354954431124059333e+00 0.000000000000000000e+00 6.141651640174684346e+00 8.925855732488157611e-14 9.828436348495172226e+00 -3.939680530256099100e+00 0.000000000000000000e+00 1.198445461925031451e-02 2.860014307406820097e-02 -3.839621115128432738e+00 -6.001513603304196032e+00 0.000000000000000000e+00 -2.931288041238941489e+00 1.876905389262590659e-14 0.000000000000000000e+00 5.423343121597339334e-01 0.000000000000000000e+00 0.000000000000000000e+00 -2.545594071271798861e-14 1.049569843409126513e+01 0.000000000000000000e+00
-6.368542764996376585e-13 -4.728534693133679134e+00 2.348731180969093391e+00 9.186858386349267252e-04 7.451332045811370541e+00 0.000000000000000000e+00 2.305712249637594991e-13 1.069818449175732537e-13 2.694757733880773914e-02 5.431831845945375825e+00 -6.557022498691515544e+00 -3.041401709030857159e+00 8.876569994369954105e-13 2.890314823018054202e+00 3.747822684924603465e+00 0.000000000000000000e+00 6.227843266069383432e+00 -5.619684660116532689e-14 -1.457366899332517355e-13 -1.478177749758562198e+00 0.000000000000000000e+00 0.000000000000000000e+00 0.000000000000000000e+00 2.000026322391993410e-08 0.000000000000000000e+00
-2.406446992660547589e-12 4.302421513235459294e+00 8.811569709206138259e-03 -5.219548922230965893e+00 -1.238584655347808372e+00 -5.117999176591211893e-13 -4.837550116797177502e+00 7.007973853378408153e-14 -2.207568794317922925e-02 5.071810875784004580e+00 1.005720150340046537e+01 1.910571530379777894e+00 -2.939647186129537210e-13 4.839363472910011232e+00 -4.957792119401013053e+00 9.669815545667285753e-14 1.076771971827695656e-01 2.467838401457829088e-13 0.000000000000000000e+00 9.696501461617595963e-02 0.000000000000000000e+00 0.000000000000000000e+00 -5.436333631412356709e-15 1.350328009006706995e-13 0.000000000000000000e+00
2.477172850112392522e-16 -2.013094063326725358e+00 -8.351875169805161831e-16 -1.748653269395706999e+01 -1.025895607206638260e+01 5.601994927592624064e-14 7.156097695747702048e+00 -1.978719609577777261e+00 3.955206600697292352e+00 -5.017275644480404287e-15 1.218219219201836103e-16 4.341906032933223053e-02 -4.502025495571457479e-15 -7.205753861080897993e-01 -1.606497193321498074e+01 -5.521139964752223226e-17 -1.058938173079020162e+00 5.820380206341005447e-16 1.058648249778190097e-14 -4.196872711077782370e+00 0.000000000000000000e+00 0.000000000000000000e+00 -4.188491254916396761e-02 -2.506542361175877416e-16 0.000000000000000000e+00
-5.156967439246128215e+00 7.555554624454265067e+00 -6.457206106388328593e+00 -2.645275559737746107e+01 -1.620349528311047749e+01 -3.337435843032090510e+00 4.716632385133465652e-15 6.200688017080694614e+00 1.656615900429576405e+00 -6.455173360338733346e+00 3.889982447435608546e-15 -1.955161232306263486e+01 8.965013803997144612e-16 -1.418581565548800327e+01 -1.922011267732364459e+01 0.000000000000000000e+00 -1.307437956007784052e+01 0.000000000000000000e+00 0.000000000000000000e+00 -2.202247172251189866e+01 0.000000000000000000e+00 0.000000000000000000e+00 -1.201314470160438574e+01 -4.482758365957887570e+00 0.000000000000000000e+00
1.719091079966178626e+01 2.810507641815203517e+00 9.588753700132761182e+00 2.795500145052850627e+01 -3.000000000000000000e+01 2.041908247947067423e+01 0.000000000000000000e+00 7.711156330582875640e-01 0.000000000000000000e+00 6.710797673149929921e+00 -2.235064154137865078e+00 1.555347431609267694e+01 -3.871732560808053572e-14 2.687351399226417215e+01 3.000000000000000000e+01 5.840741609366136566e-14 -2.099993855544621724e+01 0.000000000000000000e+00 0.000000000000000000e+00 3.000000000000000000e+01 0.000000000000000000e+00 0.000000000000000000e+00 -1.955279435092791118e+01 1.875523315259183477e+01 0.000000000000000000e+00
9.101169649061312539e-01 0.000000000000000000e+00 -3.251010653319310182e-10 2.174985824522027045e+01 2.440345471076968309e+01 3.115430257199194308e+00 -1.557720428142837787e-01 -3.507751019617604476e-14 -1.255917113149990350e+01 -3.959713554872442032e+00 1.449464868507145532e+01 2.148719001834479281e-01 0.000000000000000000e+00 1.038839067534053129e+01 1.888695833258810453e+01 4.734783100586239053e-15 2.419302503964733120e+01 0.000000000000000000e+00 0.000000000000000000e+00 1.504617156998959970e+01 0.000000000000000000e+00 0.000000000000000000e+00 2.836243178579711000e+01 8.443001856444001252e-01 0.000000000000000000e+00
-3.010661466124632923e+00 -1.158447750990698921e+01 3.551282324586532725e-16 8.733911459740326677e+00 1.966649713659582233e+01 1.135616710177727517e-17 -1.354179928249972420e+01 1.092080096610689980e-16 8.416247003723091424e+00 -6.349886176242448554e-01 9.714909280261734004e-02 -1.747643673031235245e+00 -2.236781223320427537e-14 8.910080882649081358e-16 1.065097102811940744e+01 -6.208915196723042612e-16 1.483435773203675012e+01 -9.642539663112367827e-15 1.764113678347291303e-18 1.144342774610381142e+00 0.000000000000000000e+00 0.000000000000000000e+00 1.823114912070876414e+01 0.000000000000000000e+00 0.000000000000000000e+00
3.517407179679952201e+00 7.821688648586019532e+00 -3.568425260186954828e-01 2.359104019646227346e-11 1.045685455865775104e+01 0.000000000000000000e+00 7.878769418612031394e+00 -1.996277272522346673e-13 5.132479897762863477e-13 -1.179861244648269525e-01 1.297807040796419609e-13 2.496512231020651562e+00 -4.560261457197769683e-13 1.182603002102786967e-12 1.089757188101629026e+00 -1.558408699230792235e-13 1.348968920674974425e+00 0.000000000000000000e+00 7.486600734636723396e-14 -1.062736362062377122e-13 0.000000000000000000e+00 0.000000000000000000e+00 1.046661968324786862e+01 0.000000000000000000e+00 0.000000000000000000e+00
-1.013399037901722899e+01 7.232161631036101316e-18 5.368312787526972052e+00 -1.359446941547237886e+00 6.362473810171149768e-01 -3.580868265055167754e+00 4.069939533622677760e-17 -5.295109860099509458e-01 -3.060810835930096729e+00 2.886232353543843221e+00 -5.282159900733665931e-16 -6.719236861133227311e-18 2.149432650435615581e-13 4.480484111349068268e-18 5.614088269755424389e-18 4.249474521871174497e-17 -7.316574597451830364e+00 -5.229000945272438779e-17 -3.767911470118598949e+00 5.224552018830565029e-17 0.000000000000000000e+00 0.000000000000000000e+00 2.867784668915567860e-03 0.000000000000000000e+00 0.000000000000000000e+00
1.731678059574272766e+01 -2.882475642390177395e+00 -1.106449772406441490e+01 1.293107215593619230e+01 8.020492347614346373e-01 6.424693361716078854e+00 -7.239395361658577986e-17 -1.549123929153888035e+01 2.744578485858961692e+00 3.690793930449155491e-01 -8.285303820342737602e-02 -3.252757575803350673e-08 -1.307796374119938113e-03 -5.847258473817034715e-18 2.751610931046834235e-17 2.161104189392573935e-16 9.698552254387811544e+00 2.263756726367543980e-18 -1.937221735621332286e+01 6.679519398231992320e-18 0.000000000000000000e+00 0.000000000000000000e+00 1.923273725456769420e-17 0.000000000000000000e+00 0.000000000000000000e+00
-2.506266102732152223e+00 8.294449781750854456e+00 2.428545806930848272e+01 1.942374041630159573e-03 -2.219642372995444232e-17 2.438965985758686283e+00 9.393289711118970143e-17 1.882344982601557248e+01 -5.898490161874292426e+00 -9.374643052032052282e+00 3.818895907679822788e+00 -1.255139451806731188e+01 -1.129944619710265385e+01 1.633784371025362121e-18 0.000000000000000000e+00 4.885408634090508792e-17 2.274508074621094632e-05 8.552222672396149432e-19 1.989366191212388557e+01 1.856414931393618020e-17 0.000000000000000000e+00 0.000000000000000000e+00 2.516615911327044907e-17 0.000000000000000000e+00 0.000000000000000000e+00
2.467918807469415832e-01 2.803393696972994675e+00 8.528775251965070581e+00 1.360478339400011500e-16 -4.337230929015804648e+00 -6.783696515166453697e-17 -8.524268003678335148e+00 5.987824128743874930e+00 -1.635515691394330062e+00 1.161029257861083508e+01 -7.786565557734509646e+00 1.414419864252508319e+01 1.883997530095443551e+01 1.914153182691971652e-17 0.000000000000000000e+00 4.996687531836463056e-16 -1.502491937330142267e-17 4.221662082031563396e-17 4.941735771033764379e+00 3.051840254926839916e-16 0.000000000000000000e+00 -8.070231436071480114e-17 0.000000000000000000e+00 0.000000000000000000e+00 0.000000000000000000e+00
-1.953576501567024296e-02 3.264174413205774616e+00 -2.210168944878542430e+00 -3.710622583268092356e+00 1.291271412461600709e+00 2.754785308853356436e-12 1.344501933976514074e+01 2.281407803606431954e-12 3.827099404821288520e+00 1.945415442864611433e-01 1.362890113945894477e+01 5.082255359192121569e-01 4.517707362983876429e+00 3.904805000520606536e-12 0.000000000000000000e+00 -4.137030475188670451e-13 -5.292017524348716525e-12 -9.935534783984435253e-12 3.599594704196998207e-13 0.000000000000000000e+00 0.000000000000000000e+00 2.088652386898411247e-13 -1.494029970217910230e-14 0.000000000000000000e+00 0.000000000000000000e+00
9.411546727331759898e-02 1.949149510961833309e+00 -4.457579015338080985e+00 6.340800502253254756e+00 -1.000141425983763445e-15 -6.206807639515102615e+00 1.044452548400916746e-02 -1.632984267261350429e-17 1.114007774125603811e+00 6.451317070325194683e-18 4.748967022132290494e-01 -5.912786020740901227e-17 -6.736229315077004492e-18 2.316903878287197722e-16 0.000000000000000000e+00 1.104738638664158453e-16 -4.025748560413573429e+00 4.806304324731494706e-18 0.000000000000000000e+00 0.000000000000000000e+00 0.000000000000000000e+00 2.017053895191109046e-16 -1.652903844743336606e-16 0.000000000000000000e+00 0.000000000000000000e+00
2.701876791756988361e+00 -4.778252586179810635e+00 2.485006525838318048e+00 6.953453743702428661e-17 -5.445681944234991967e+00 7.129403629129529740e+00 -4.612413995249509568e+00 -2.931535551371523349e-16 -2.428062417456428257e+00 -1.050413072538070036e+00 -4.049345074645063214e+00 -4.919251679312833581e+00 -6.464262219227577617e-16 7.717064655846410046e-17 0.000000000000000000e+00 -1.198203352100349865e-16 3.624182417661891975e+00 5.338913247050628955e-16 3.048449994369965062e-16 0.000000000000000000e+00 0.000000000000000000e+00 -1.092099945474986903e-16 -2.772081844522709507e-16 0.000000000000000000e+00 0.000000000000000000e+00
-1.079201859374246020e+01 1.522644617956519930e+01 -7.375879110928339699e+00 -2.171422946166462622e-18 7.869263065446535421e+00 -1.737690469167159746e+00 1.131774613045533329e+01 2.472258070791942212e-16 8.263833091220715854e-01 -1.540759205258585141e+01 2.921255455872265649e+00 9.683167821082811599e+00 -7.297857933827897603e-02 1.907931096330440168e-16 0.000000000000000000e+00 0.000000000000000000e+00 -3.841302819165813176e+00 4.890782864755155761e-17 0.000000000000000000e+00 0.000000000000000000e+00 0.000000000000000000e+00 -1.036768132971431457e-18 -6.919840226751301102e-19 7.233421130130889872e-16 0.000000000000000000e+00
1.481303698936983970e+01 5.765446476303671686e-01 1.455177169006065618e+01 -5.705622530655100277e+00 -4.448584773061125644e-14 4.215564806929365638e+00 1.268111330693409933e+01 2.701589807934973463e-12 4.319171429808196017e+00 2.070359063828813007e+01 -6.488313617748604933e+00 5.903341780342482888e-13 4.635776475958047982e+00 3.403722055110003587e-13 0.000000000000000000e+00 -6.456756204687549705e-14 8.099866429866818152e+00 -2.797162589723037039e-13 8.307482743855182323e-15 0.000000000000000000e+00 0.000000000000000000e+00 -7.698780316593703640e-14 -2.698392304933385777e-01 -1.879861600963155993e-13 0.000000000000000000e+00
-2.517822964503786398e+00 -1.000825453636317919e+00 -1.011934018957142190e+00 1.096664135173581123e+01 1.919127222147654648e-13 2.124787387665117322e+00 9.894691458933048029e-09 -3.494654949928540650e-13 3.583855251605450043e+00 7.326348623294519413e+00 1.039865266147274347e+01 5.802867369948431416e-13 1.048866192136352238e+00 0.000000000000000000e+00 0.000000000000000000e+00 -3.446777712451794387e-13 4.161023066093107126e+00 1.334197372202083963e-16 0.000000000000000000e+00 0.000000000000000000e+00 0.000000000000000000e+00 5.279845460947978592e-14 -1.265984044028447464e+01 1.227959469848369026e-13 0.000000000000000000e+00
-1.166038336205357906e+00 -1.105646968543396902e+01 5.980231757602447296e+00 -3.425005990997842188e-08 -6.606923478034175012e+00 1.225592410985427483e+00 -5.530329671442353323e+00 4.798943986960487337e-17 -1.944844982402636369e+00 1.428963789296858287e-04 -3.525362271329892661e+00 1.482613784427531879e-16 -4.005631877436064724e-16 0.000000000000000000e+00 0.000000000000000000e+00 -1.523012129620508657e-17 6.854739872866773391e-17 4.851986808918151385e-15 3.405924477632113362e-17 0.000000000000000000e+00 0.000000000000000000e+00 -1.282927332320459459e-16 1.063434947149439402e+01 1.405980156725453520e-14 0.000000000000000000e+00
6.082378894317694851e+00 9.756580836922765343e+00 2.865510028221665230e-15 2.474447223567822230e-13 1.160334652813862100e+01 -5.387144459681269204e+00 9.918720611462779502e+00 -2.872262404980434336e-02 -6.285854467570872739e-01 -2.124077586631807600e-13 2.426894254196986012e+00 -2.354347290813843252e-01 4.742424286187286736e-13 0.000000000000000000e+00 0.000000000000000000e+00 -3.378359509189424024e-11 -4.518628403735194654e-14 -2.716628358046384655e-14 -6.030023519162330552e-13 0.000000000000000000e+00 0.000000000000000000e+00 -1.149077710383555489e-12 -5.499453117742567620e+00 0.000000000000000000e+00 0.000000000000000000e+00
4.045349300366592793e+00 1.969475005460733286e+00 -9.595615876446614277e-17 1.532233416089108246e-16 -1.180547110209082096e+00 9.925706387801476183e+00 8.661382807062197875e-01 -1.283210816200433690e+01 4.591215291496315576e-01 -1.371715601245917959e+00 -8.550988076457706200e+00 6.007661236837321006e+00 -5.173736491007923988e+00 1.121318984711815574e-14 0.000000000000000000e+00 -9.141699098197028306e+00 -1.179351444075487935e-14 -1.494025260781659000e-08 -9.766028232444469495e-15 0.000000000000000000e+00 0.000000000000000000e+00 -1.220630854889491523e+00 3.577060542736683058e+00 0.000000000000000000e+00 0.000000000000000000e+00
-4.882995374705520142e+00 -7.052854180770376402e+00 -2.359130173923415594e-15 -8.623112981316202408e+00 -1.535727794844214777e+01 3.417316364119561863e-04 -7.985242984238311821e-16 2.573338958450003489e+01 -4.496926300461221437e-01 -1.850603044780929451e+01 1.184703461616132536e+01 3.030449502944823625e-01 2.119500727900178205e+01 4.331234973988220440e-14 0.000000000000000000e+00 -1.865950258606375201e+01 -3.199357991114314646e-03 -1.200758206896829527e+01 7.233224348859970670e-13 0.000000000000000000e+00 -9.735358005866501685e+00 -1.864032876849661946e+01 -6.207703416126416510e-15 1.377201579821776022e-13 0.000000000000000000e+00
9.346116163523497278e+00 2.049076789031733981e+01 -7.460256361643089029e+00 1.196785548564109014e+01 2.769249972376791646e+01 -4.365061297697810372e-01 -1.335458823622031995e-14 7.297058655285064255e+00 9.761957502654640351e+00 2.903961998207300255e+01 7.976629227373837061e+00 -2.296656365506761794e-14 6.859087706611050272e+00 8.215987551006168481e-15 0.000000000000000000e+00 2.800958076165031230e+01 -1.208138931974280794e+01 2.550263896257569129e+01 0.000000000000000000e+00 0.000000000000000000e+00 2.441962717107321623e+01 2.963966011028906067e+01 -3.175655790994456974e-14 0.000000000000000000e+00 0.000000000000000000e+00
-3.105565127785868906e+00 3.510358935410177850e+00 4.876789771901555715e-01 3.051910676227210798e-06 1.138996052237879297e+01 1.212284856499420194e+01 -4.413877227066232756e+00 2.230431633914434675e-04 2.537890520814991113e+00 1.293493259074740820e+01 3.422957680898866941e-14 9.209749949296579263e-15 4.993121814013757101e-14 0.000000000000000000e+00 0.000000000000000000e+00 1.626172772218858853e+01 -2.269093593202230252e+01 8.789653998968189441e+00 -7.246401206332947099e-15 0.000000000000000000e+00 5.882253019335668576e+00 1.269453751859017743e+01 -5.720140847917936533e+00 0.000000000000000000e+00 0.000000000000000000e+00
-6.064302171560078669e+00 -9.812971932848322155e-15 -1.515266778013267473e-16 -1.910563909458807164e+00 1.187998647366387525e-04 3.199755361849486723e-01 3.921010910179929976e+00 -1.195839683329252664e-12 9.434968749582381964e-01 5.652752472072238021e-02 -2.486315743337284487e-02 -2.788982190793243277e-01 0.000000000000000000e+00 0.000000000000000000e+00 0.000000000000000000e+00 2.499982607811626956e+00 2.132961733692737027e+01 -8.411206806456392404e-14 8.038592831588020208e-15 0.000000000000000000e+00 -1.525389006551921034e-15 9.955998045720090839e-02 1.061528417300184657e+01 2.963836781382211554e-15 0.000000000000000000e+00
4.940353276808214567e+00 7.434978156966832489e-15 -3.885639206429002124e-03 1.502332590719758798e+01 0.000000000000000000e+00 -9.149407308773159775e-01 -7.388504375878522101e-15 5.695841028353463771e-17 1.279955376323100857e+01 0.000000000000000000e+00 5.121666703585323610e+00 -1.292916145397047778e+01 0.000000000000000000e+00 0.000000000000000000e+00 0.000000000000000000e+00 -2.379306569375354563e+00 8.165071288084831735e+00 0.000000000000000000e+00 0.000000000000000000e+00 0.000000000000000000e+00 -4.739208472476741057e-15 -3.088409901101619948e+00 1.588334189543452432e-08 0.000000000000000000e+00 0.000000000000000000e+00
-2.421336768958333163e+00 6.022209092385736908e-16 -1.103165253856959893e+01 -4.033946315251640158e+00 0.000000000000000000e+00 -4.177125506192082560e-01 -3.629275595032761537e+00 -3.871959106861847492e-15 7.075273914493077076e-02 0.000000000000000000e+00 2.805096791553314800e-15 1.270184475772354604e+00 -1.105748826334834334e+01 0.000000000000000000e+00 0.000000000000000000e+00 -2.562628548154042729e+00 -6.739246228445750609e-10 -3.970871378595150274e-15 0.000000000000000000e+00 0.000000000000000000e+00 -2.660355323657844551e+00 4.305183173702348820e-01 -7.667548599228705131e-01 3.152577314604854971e-14 0.000000000000000000e+00
7.935945059913707134e+00 9.249224617188758481e-16 -2.202727839375643981e+01 -1.813775316445828167e+01 0.000000000000000000e+00 -1.090080211464197291e+01 -1.309732023877666407e+01 1.221385683977114101e-14 -1.866485630358619403e-15 0.000000000000000000e+00 5.349693904646501963e-01 -6.286673332851261398e-01 2.004604155814991184e+00 0.000000000000000000e+00 0.000000000000000000e+00 4.691838564327808214e+00 -4.389316935648874263e-01 1.104558359342160298e-14 0.000000000000000000e+00 0.000000000000000000e+00 1.141485126958644258e+01 -1.938719623393608371e+00 -1.582566722223159061e+01 6.001497362630092116e-15 0.000000000000000000e+00
3.572523194904170889e-14 0.000000000000000000e+00 2.875850461489054766e+01 1.887782895132541583e+01 0.000000000000000000e+00 -2.012676587674737405e+01 -2.762628339705080904e+01 2.856120285680076653e-14 -3.814792260222432463e-14 0.000000000000000000e+00 -1.295023833645849010e+01 1.003934180733970649e+01 -9.581747124015447465e-13 -3.756461413006124132e-14 0.000000000000000000e+00 1.742950981104588681e+00 4.317204868249477911e+00 0.000000000000000000e+00 0.000000000000000000e+00 0.000000000000000000e+00 1.184169996314608786e-01 -1.667704709152556219e+01 3.000000000000000000e+01 0.000000000000000000e+00 0.000000000000000000e+00
1.441289308255943069e-17 -1.011247541299863763e-15 1.298275009736298280e+01 3.565915387557256455e+00 0.000000000000000000e+00 2.954597244827873936e+01 3.000000000000000000e+01 -2.005388879007508287e-10 -4.556367597257537483e+00 0.000000000000000000e+00 -3.000000000000000000e+01 4.840886410917251137e-01 0.000000000000000000e+00 4.199044949666141825e-15 0.000000000000000000e+00 -1.147453126654333966e+00 4.017622204937137953e-02 1.582833549648931927e-15 2.549159629873813374e-16 0.000000000000000000e+00 2.281463095691816267e+00 2.071579462855875775e+01 1.961449864341408755e+01 0.000000000000000000e+00 0.000000000000000000e+00
-1.090611365303409963e+00 0.000000000000000000e+00 -4.256453795549798969e+00 9.091592468430160245e-14 0.000000000000000000e+00 1.632013901469061423e+01 2.380626535507398245e+01 -8.825410458655438717e+00 -1.660904966882872813e+01 0.000000000000000000e+00 2.151178577001173409e+01 -8.376042011600498154e-16 -1.275752802196949887e+01 2.986652095268258604e-15 0.000000000000000000e+00 5.235601723912015615e-01 -1.263691245571243842e-03 -1.071018525578293800e-14 0.000000000000000000e+00 0.000000000000000000e+00 1.264104137256544941e-02 4.939361082372561107e+00 8.169133179930220479e+00 0.000000000000000000e+00 0.000000000000000000e+00
-1.016480764409295467e+01 4.598937028696781522e-13 3.912912827511848324e+00 -3.180786161960754705e-14 0.000000000000000000e+00 3.625001518710435189e+00 6.469992446379397855e+00 1.971907677318511531e+01 3.000000000000000000e+01 0.000000000000000000e+00 1.070098737492834928e+01 -7.937304415924859136e+00 1.886324072788121597e+01 -1.285045628230322737e-15 0.000000000000000000e+00 7.687995533946017090e-01 3.132959751768812140e+00 -8.699037330396796053e-01 1.674362936012333958e-14 0.000000000000000000e+00 -3.440811174209742335e-03 -7.472463928009506873e+00 1.204109392778491454e-03 -5.427823489225403351e-15 -9.200225055714413847e-15
-2.738617802090972120e+01 0.000000000000000000e+00 -6.887377896665569210e+00 3.298952660963214634e-14 0.000000000000000000e+00 3.523813210397026996e+00 9.443589500976862894e+00 2.983399797610746806e-01 1.614634634655874024e+01 0.000000000000000000e+00 -3.390809980281974667e+00 1.764069205357198911e+01 4.241580288913842089e-01 4.211674989980019978e-16 0.000000000000000000e+00 -1.343553727233762096e+00 -2.247457805902878469e+00 -1.442896268919471758e+01 -1.258705503203762843e+00 -1.262593504297448240e-14 -1.593136557889373472e+00 6.873482729032381222e+00 1.423809784511318011e+00 0.000000000000000000e+00 0.000000000000000000e+00
2.869858599458505566e+01 0.000000000000000000e+00 2.240488187453178881e+01 -2.270507647343552268e-13 0.000000000000000000e+00 -2.526374529205762754e-16 -7.276999461483490528e+00 -4.778243513458468178e-03 9.752434296514035594e+00 0.000000000000000000e+00 6.045763587132114703e-01 1.059630108949743077e+00 3.128157716008451938e+00 0.000000000000000000e+00 0.000000000000000000e+00 7.370881649150802239e-01 1.514926087294187429e+00 2.440110446186616144e+01 -1.469887236068859337e+01 0.000000000000000000e+00 -1.952965235085996909e+01 -2.353674761499907273e-02 -1.354391506073694451e+01 -1.489991492083332595e-13 -1.442004534448272590e-15
2.018109948862076664e+01 0.000000000000000000e+00 7.913514380727081132e+00 1.642175265800471299e-14 0.000000000000000000e+00 -3.328710758422367122e-14 6.838275707238072876e+00 -8.393752977982327224e+00 -5.236881714892886873e-13 0.000000000000000000e+00 -1.473942239027546743e-14 9.319447720908860552e-14 1.978911667704801314e+00 0.000000000000000000e+00 0.000000000000000000e+00 2.247397778535654922e+00 -7.932034832705782206e-15 5.756990876448968564e+00 2.424162748642799770e+01 -2.358383846120562453e-14 1.324118774721206648e+01 -5.092594697060304210e-01 1.795286766739125639e+01 -1.352013286839351424e-13 0.000000000000000000e+00
9.891129569354008666e+00 0.000000000000000000e+00 7.867236125443091588e+00 2.908134992558847912e-15 0.000000000000000000e+00 -2.879055729579950527e-14 -2.013852893932585177e-14 -2.925455027529874075e-01 2.488473973341236674e-14 0.000000000000000000e+00 0.000000000000000000e+00 4.228441570978417958e-14 -1.220758696509330074e-14 9.596472454819205572e-15 0.000000000000000000e+00 6.207814399631174318e+00 -1.391132327449316586e+00 -3.896899223337092266e+00 1.056089799089277825e+01 -1.210172998412460926e-14 -2.407969304107437480e+00 1.537592653523558006e+00 2.023905656769902084e+00 0.000000000000000000e+00 0.000000000000000000e+00
-5.556670819215284033e-04 0.000000000000000000e+00 5.913715664979072528e+00 5.627514152243759135e-14 0.000000000000000000e+00 -5.136164641023961863e+00 4.103371269692391603e-14 3.957763160940768188e+00 -2.472729955605584380e-13 0.000000000000000000e+00 0.000000000000000000e+00 2.082081700624735601e-13 -1.006501892089650511e-02 6.922437419068721500e-15 0.000000000000000000e+00 -7.033064113892375069e+00 7.972932946175265378e+00 1.817121064816420439e+00 -1.072378212838434874e-01 -4.704249382796575002e-14 1.624483729085801187e+01 7.655578839566126170e+00 -3.245424054691580906e+00 6.713083443791462556e-14 0.000000000000000000e+00
0.000000000000000000e+00 0.000000000000000000e+00 -2.039315858893156146e-16 -8.206704083450756526e-01 0.000000000000000000e+00 4.454407964046256829e+00 -2.202335301351354492e-15 -1.951727307195479876e-16 -7.648533939054572432e-16 0.000000000000000000e+00 0.000000000000000000e+00 -1.582795935157974565e+00 5.687162245830196916e+00 -8.081380419800602503e-11 0.000000000000000000e+00 1.114060698770817659e+01 -6.231593986848843026e-17 2.104493321999259425e+00 5.836969159238461380e+00 -2.114929001920696106e+00 -1.176733791381154415e+00 -5.163850958969422145e+00 1.196739005350378626e+01 3.582549333789474923e-16 0.000000000000000000e+00
0.000000000000000000e+00 0.000000000000000000e+00 3.305896359511771029e-16 -9.211264579643005490e+00 0.000000000000000000e+00 5.281756454435272197e+00 1.371548885753866167e-13 3.374725222205999415e-15 0.000000000000000000e+00 0.000000000000000000e+00 -5.516630553064834963e+00 -1.498910084614678162e+01 -1.234562162919031314e+00 -9.077370228304684208e-01 0.000000000000000000e+00 2.623541298953161682e+00 -2.777044700800435639e-01 -2.077662097829174215e+00 2.237242124115583319e+00 -1.575173243399290435e+01 5.677054695104096105e+00 8.230335376583536089e+00 2.744212653798471457e+00 -2.740366456908394643e-01 0.000000000000000000e+00
0.000000000000000000e+00 0.000000000000000000e+00 1.132469036356810362e-14 -2.536145488104672907e+01 0.000000000000000000e+00 -5.410690304637848946e+00 -1.623897488563903057e-14 -7.007276136575462999e+00 0.000000000000000000e+00 0.000000000000000000e+00 7.992869356874334308e+00 -2.420484790302416656e+01 -1.168852602488965431e+01 -1.769513262256975139e+01 0.000000000000000000e+00 -8.058609980507897674e+00 -1.636648987524863230e+01 3.961356209386381000e+00 0.000000000000000000e+00 -2.650347982794002633e+01 -1.189506358860750446e+01 -4.435190243846384370e-03 -8.218978855590414412e+00 -1.310405659274374557e+01 -4.214535750705611150e+00
