# yaw
1.780956964227069506e+01 3.000000000000000000e+01 0.000000000000000000e+00 0.000000000000000000e+00 0.000000000000000000e+00 1.261084967399466450e+01 0.000000000000000000e+00 0.000000000000000000e+00 0.000000000000000000e+00 3.000000000000000000e+01 3.000000000000000000e+01 -3.000000000000000000e+01 0.000000000000000000e+00 8.348658088415131573e+00 3.000000000000000000e+01 3.000000000000000000e+01 -9.149221409237634717e+00 2.022875671376620943e+01 -2.887893181069737039e-02 3.000000000000000000e+01 3.000000000000000000e+01 -1.015128134346499067e+01 1.130568139757500923e+01 3.000000000000000000e+01 3.000000000000000000e+01
5.158538603998569227e-02 2.728431115919277161e+01 0.000000000000000000e+00 0.000000000000000000e+00 0.000000000000000000e+00 -6.079127685290621308e+00 0.000000000000000000e+00 0.000000000000000000e+00 0.000000000000000000e+00 3.000000000000000000e+01 3.000000000000000000e+01 3.000000000000000000e+01 0.000000000000000000e+00 -3.901018121364516755e-01 2.288265800603377542e+01 1.257038193579165508e+01 -2.535886301961797074e+01 6.818359603120547341e-01 4.894336415115751571e+00 2.573641866283111312e+01 2.606777369267710043e+01 -2.710554688204340223e+01 -1.504714884888159077e+01 2.429099202119994416e+01 2.174042262023829508e+01
-5.636491724025642469e+00 7.221825606692833688e+00 0.000000000000000000e+00 0.000000000000000000e+00 0.000000000000000000e+00 2.502705465226503279e+01 0.000000000000000000e+00 0.000000000000000000e+00 0.000000000000000000e+00 2.076603786445462418e+01 2.801775031957625473e+01 2.205156519839877660e+01 0.000000000000000000e+00 -2.044033728694458674e+01 1.102872708350139952e+01 -8.442845020733753429e-06 -2.322585319550141847e+01 -2.062257841295967253e+01 -1.057286346036875102e+01 1.768876706032783019e+01 2.202453860117066853e+01 2.512100915677708102e+01 -4.719380587987855868e+00 1.181273819365085487e+01 1.545013493362284862e+01
1.929802140095798180e+01 0.000000000000000000e+00 0.000000000000000000e+00 0.000000000000000000e+00 0.000000000000000000e+00 4.331371562160031274e+00 0.000000000000000000e+00 0.000000000000000000e+00 0.000000000000000000e+00 1.387641179442779382e+01 7.940314695541483836e+00 1.631771126085657997e+01 0.000000000000000000e+00 2.453582862307259305e+01 -1.560760749563388743e-07 0.000000000000000000e+00 3.000000000000000000e+01 -5.342787336735753678e-01 1.920211222560323705e+01 8.539248570136408034e+00 1.695122356934569297e+01 1.272687652167026151e+01 1.261464120042715287e+01 -3.773546109163805173e+00 1.110869598671389369e+01
1.003418259931958190e+01 0.000000000000000000e+00 0.000000000000000000e+00 0.000000000000000000e+00 0.000000000000000000e+00 6.906566201361245338e-07 -1.795949795182169684e+00 0.000000000000000000e+00 0.000000000000000000e+00 4.199676803243190371e+00 6.725601792351441510e+00 1.323698469755897911e+01 0.000000000000000000e+00 4.123903366321798103e+00 -1.485238353297862403e-07 0.000000000000000000e+00 3.000000000000000000e+01 3.000000000000000000e+01 -2.284957184834091048e+00 -5.963892068116057210e+00 1.014798350910067093e+01 -8.601048822248008818e+00 4.736752094531444079e+00 7.334575698390127130e+00 -6.770140693890862593e+00
-1.835041526770831410e+01 0.000000000000000000e+00 0.000000000000000000e+00 0.000000000000000000e+00 0.000000000000000000e+00 -3.007270015351324322e+00 -1.180940916846403610e+01 0.000000000000000000e+00 0.000000000000000000e+00 -4.998311354633238830e-07 0.000000000000000000e+00 9.224789445889948425e+00 -6.544269322891606426e-08 -8.115719060993326073e-02 -6.598595012940274007e-02 0.000000000000000000e+00 1.858966618357058564e+01 3.000000000000000000e+01 -7.458428666049520039e+00 2.012902669815643719e+01 2.196568568531050758e+00 1.424939385793059365e+01 -1.194415830576613491e+00 -1.026350009026053911e+01 -1.337939297011576123e+01
2.088040798716794910e+01 0.000000000000000000e+00 0.000000000000000000e+00 0.000000000000000000e+00 0.000000000000000000e+00 -2.177123841055933795e+01 -2.996089750268473750e+01 0.000000000000000000e+00 0.000000000000000000e+00 0.000000000000000000e+00 0.000000000000000000e+00 0.000000000000000000e+00 0.000000000000000000e+00 -1.662575630224585055e+01 -1.891005164515570414e+01 0.000000000000000000e+00 8.327588029520390123e+00 2.179585085979746850e+01 2.235244105180034779e+01 -2.282206915117995116e+00 0.000000000000000000e+00 -1.117299263042020208e+01 -1.442819336335767133e+01 4.419960621728635353e+00 1.616622902449654475e+01
4.941232951214300645e-02 0.000000000000000000e+00 0.000000000000000000e+00 0.000000000000000000e+00 0.000000000000000000e+00 1.745923353015095003e+01 2.688203720090973547e+01 0.000000000000000000e+00 0.000000000000000000e+00 0.000000000000000000e+00 0.000000000000000000e+00 0.000000000000000000e+00 2.216233506970613743e-08 1.945326892949577413e+01 2.099324790025075771e+01 0.000000000000000000e+00 -9.936345900146973038e-07 7.757878181275359886e+00 5.005118573162911311e+00 1.089528438164856006e+01 0.000000000000000000e+00 -3.590861285601989472e+00 2.726532659494260358e+01 -2.215334414398479979e+01 3.193816450351244285e+00
-1.964237813299583467e-04 0.000000000000000000e+00 0.000000000000000000e+00 0.000000000000000000e+00 0.000000000000000000e+00 -6.015913350059908460e+00 9.699451830706488309e+00 0.000000000000000000e+00 0.000000000000000000e+00 0.000000000000000000e+00 0.000000000000000000e+00 0.000000000000000000e+00 0.000000000000000000e+00 -1.171075292564337067e+00 -2.472194094606829928e-01 0.000000000000000000e+00 -4.574876360345607871e-08 -2.610263680739810842e-07 -1.043852798812941884e+01 1.562548217795004080e+00 0.000000000000000000e+00 3.876033882613679094e+00 1.788204430884936613e+01 2.258280925240104153e+01 -1.643933540828801654e+01
-1.092338437884821012e+01 0.000000000000000000e+00 0.000000000000000000e+00 0.000000000000000000e+00 0.000000000000000000e+00 1.986846905417875320e+01 1.638366322660540081e-02 -1.463788069873073119e-09 0.000000000000000000e+00 -2.291192460257229362e-10 0.000000000000000000e+00 0.000000000000000000e+00 3.873056278757617481e-08 2.485855681092447256e+01 1.542918729945123246e+01 0.000000000000000000e+00 -4.437968652657385604e+00 6.508875529812807898e-10 -5.372630213414616662e+00 6.969438076747401567e+00 0.000000000000000000e+00 1.725366516891067192e+01 -9.238802352351246583e+00 1.664240737570664264e+00 1.325420662824919482e+01
-2.637865389407687555e+00 0.000000000000000000e+00 0.000000000000000000e+00 0.000000000000000000e+00 0.000000000000000000e+00 -6.091579262188617783e+00 4.762094926480180836e-14 9.653703443802211950e-18 2.288702590359808355e-15 -8.894070181116683571e+00 0.000000000000000000e+00 5.662289739482783349e-15 2.078179067833813541e-14 6.344382549907696678e+00 6.561135456577167346e+00 0.000000000000000000e+00 -1.528279745730308470e+01 -6.043734114092403000e-17 -1.793424203847036225e+01 -4.472939807546267410e+00 0.000000000000000000e+00 -4.778609060344281012e+00 -2.415035256676237196e+00 -8.047975700315678438e+00 2.158995884315918268e+00
2.855860612817908617e+01 0.000000000000000000e+00 0.000000000000000000e+00 0.000000000000000000e+00 0.000000000000000000e+00 2.235250274787508928e+01 -7.936671106294992869e-12 1.068535999301646620e-15 0.000000000000000000e+00 -1.891704360598802381e+01 0.000000000000000000e+00 0.000000000000000000e+00 -1.164545978910783593e-14 -6.930781989878407323e+00 6.954845780079883077e+00 0.000000000000000000e+00 -2.220477857096624774e+01 1.783445327332546792e-15 8.856188410141280443e+00 -5.930002097155761653e+00 0.000000000000000000e+00 -1.741140122619460584e+01 1.035408184793623398e+01 1.636318115307614462e+01 -9.015189743941208478e-02
1.981839847002192911e+01 0.000000000000000000e+00 0.000000000000000000e+00 0.000000000000000000e+00 0.000000000000000000e+00 1.151473936887273197e+01 -8.075500593864027828e-04 2.819308162596755060e-16 -3.965304319056558799e-10 2.748675944521580305e+01 0.000000000000000000e+00 -5.671928042049316474e-15 -9.362027616639909799e-13 1.354461806934501134e+01 4.615172020187205959e-01 0.000000000000000000e+00 2.578999102647682662e+01 3.089723574814478019e-12 3.727290222089969074e+00 -2.365241839856463812e+01 0.000000000000000000e+00 2.366568677251997954e+01 7.370790090126847531e-13 1.313829326490619032e+01 1.837406696096527270e+01
1.009236072226050318e+01 0.000000000000000000e+00 0.000000000000000000e+00 0.000000000000000000e+00 0.000000000000000000e+00 -1.044935859289797797e+01 -4.911370013429444903e+00 -1.997197252534649722e-16 -3.631167033688850743e-02 2.700804930855811392e+01 0.000000000000000000e+00 0.000000000000000000e+00 3.373440531292198849e-13 -9.894301281237875834e-02 1.096000197577831514e+01 0.000000000000000000e+00 1.723274646924897624e+01 3.019481473819292596e-15 2.731286249805818696e-03 2.325157916593644813e+01 0.000000000000000000e+00 8.063212272776615563e+00 -8.052218862054228765e+00 -5.261303378137744069e+00 5.042812475939104644e+00
-7.288428257706488722e+00 0.000000000000000000e+00 0.000000000000000000e+00 -1.696688029495157624e+00 0.000000000000000000e+00 2.327355561394004368e+01 -1.570556587004875837e+01 -7.614032198942737495e-17 -4.077783956576618074e+00 2.446572937089812072e+01 0.000000000000000000e+00 4.423493143765474341e-15 -3.317381261038532259e+00 -1.364527969932952800e+01 6.997696388180331795e+00 0.000000000000000000e+00 2.964136281182514931e+00 -5.662793801458600248e-13 -3.638456801201814805e+00 1.372805800124250020e+01 0.000000000000000000e+00 -1.076385007750770306e+01 1.550436003122707440e+01 -4.172076089559930701e+00 -7.431534814797257305e+00
2.093967760753808705e+01 0.000000000000000000e+00 0.000000000000000000e+00 -8.512313422121440709e+00 -1.402662084861916014e+00 1.196967703322089527e+01 -2.074861232319595672e+01 -1.905007874815687911e-08 -1.652893524442106354e+01 1.660461222856319452e+01 0.000000000000000000e+00 0.000000000000000000e+00 -1.898016605586881056e+01 1.829644117508400214e+01 -3.250938863030591180e-02 0.000000000000000000e+00 -8.130393598626016072e+00 0.000000000000000000e+00 -2.116768981940706951e+01 -1.303836412000680900e+00 0.000000000000000000e+00 2.265388632028142979e+01 -1.187134528415944601e+01 2.218068609866335095e+01 -1.585779212612789379e+01
1.264687409361296755e+00 0.000000000000000000e+00 0.000000000000000000e+00 -2.515881063097634041e+01 -1.247876524115034869e+01 -1.675620658003664976e-06 -3.000000000000000000e+01 -2.555828825776695901e-02 -2.144230915875317578e+01 -1.319524039222543799e+01 0.000000000000000000e+00 1.174319136367198349e-10 3.000000000000000000e+01 4.292914988963626027e-02 4.594824588050386183e+00 0.000000000000000000e+00 -1.904470460623448602e+01 0.000000000000000000e+00 -2.614416249959662508e+01 -2.149913127731958440e+01 0.000000000000000000e+00 -1.036458192670782275e+01 -3.000000000000000000e+01 9.119175509217953390e+00 -2.021600496014935189e+01
-1.486853959774924228e+01 0.000000000000000000e+00 0.000000000000000000e+00 -3.000000000000000000e+01 -2.102395171611441071e+01 -1.258446926318170895e-07 3.000000000000000000e+01 -1.755293102960545326e+01 -3.000000000000000000e+01 1.027804952465742794e+01 0.000000000000000000e+00 0.000000000000000000e+00 1.573072285661815961e+01 -1.741376654270356639e+01 -9.058045177892974920e+00 0.000000000000000000e+00 -3.000000000000000000e+01 1.399829272249009702e-06 -3.000000000000000000e+01 2.760115953550160839e+01 0.000000000000000000e+00 -2.790757911443657235e+01 -3.000000000000000000e+01 -6.846170096271463335e-01 -2.982721819505830396e+01
1.899314887413699893e+01 0.000000000000000000e+00 0.000000000000000000e+00 -3.000000000000000000e+01 3.000000000000000000e+01 -7.064670956024674100e-10 2.355633918694417517e+01 -3.000000000000000000e+01 -3.000000000000000000e+01 -5.467241592514232584e-02 0.000000000000000000e+00 0.000000000000000000e+00 9.496746005398350177e-02 7.124611595333871783e+00 -2.754559740997097705e+01 0.000000000000000000e+00 3.000000000000000000e+01 -4.266130509759460843e+00 3.000000000000000000e+01 9.353282354224633721e+00 0.000000000000000000e+00 3.000000000000000000e+01 3.000000000000000000e+01 -8.131843799590514621e+00 3.000000000000000000e+01
5.823979244514514153e-02 0.000000000000000000e+00 0.000000000000000000e+00 3.000000000000000000e+01 1.997128694588489140e+01 0.000000000000000000e+00 1.379072432455341612e+01 1.308123911292605079e+01 3.000000000000000000e+01 -1.470724185544767337e+01 0.000000000000000000e+00 -2.334951736439559131e-10 -4.942710771316884049e-07 -1.221600634779122174e+01 3.000000000000000000e+01 0.000000000000000000e+00 2.513344142300902462e+01 -1.246600091381366582e+01 2.951003788110151405e+01 -1.122778996533323514e+01 0.000000000000000000e+00 2.175881222349701005e+01 2.720583841706719497e+01 6.923529550614460071e+00 2.247128688454606404e+01
-2.076959633582250901e-07 0.000000000000000000e+00 0.000000000000000000e+00 3.000000000000000000e+01 7.067822195460799151e+00 0.000000000000000000e+00 5.296180484917242026e+00 -1.169763130816155616e+01 2.118838959437651326e+01 4.827219159535917292e+00 0.000000000000000000e+00 0.000000000000000000e+00 -9.775104413175100804e-06 1.668779497731483730e+01 1.354748439090590217e+01 0.000000000000000000e+00 9.885847396129257447e+00 -2.238468830841079082e+01 2.017590596198855124e+01 2.085919826298611923e+01 0.000000000000000000e+00 7.617884251355766523e+00 1.916740400122414201e+01 -1.509411722293785907e+01 1.896153096624273715e+01
1.386309434700646530e-04 0.000000000000000000e+00 0.000000000000000000e+00 1.890342688394807169e+01 -1.671208645038392149e+01 -3.792739692012885716e-02 -3.881333545819022840e-04 -2.354450083461198062e+01 2.335786334759707117e+01 1.209923353441574712e+01 0.000000000000000000e+00 0.000000000000000000e+00 -4.510420822612748112e-03 2.906270304710957264e-01 -2.240021819599227371e+01 0.000000000000000000e+00 3.879105386049594539e+00 -3.000000000000000000e+01 1.132187469510915712e+01 1.986949646100424971e+01 0.000000000000000000e+00 7.918774650881942696e-05 3.167429417225825716e+00 8.927430095588047010e+00 1.446813594615607457e+01
-2.237561946705438217e-04 0.000000000000000000e+00 0.000000000000000000e+00 -1.061810741809633640e+01 8.326747519701832800e+00 -1.544990706957936588e+01 -2.686298997179142889e-01 -2.473064627205997112e+01 5.205177249778756288e-01 5.463640539841389199e+00 0.000000000000000000e+00 0.000000000000000000e+00 -3.254948148783933348e+00 -4.818201765225494987e-04 2.532708635831401267e+01 0.000000000000000000e+00 0.000000000000000000e+00 3.000000000000000000e+01 1.187303829636063393e-04 -5.922531641057076079e+00 0.000000000000000000e+00 1.016544116186084466e-04 -2.680349068404141782e-04 -5.085641565232833727e+00 2.777220332149848314e+00
0.000000000000000000e+00 0.000000000000000000e+00 0.000000000000000000e+00 0.000000000000000000e+00 0.000000000000000000e+00 0.000000000000000000e+00 0.000000000000000000e+00 0.000000000000000000e+00 0.000000000000000000e+00 0.000000000000000000e+00 0.000000000000000000e+00 0.000000000000000000e+00 0.000000000000000000e+00 0.000000000000000000e+00 0.000000000000000000e+00 0.000000000000000000e+00 0.000000000000000000e+00 0.000000000000000000e+00 0.000000000000000000e+00 0.000000000000000000e+00 0.000000000000000000e+00 0.000000000000000000e+00 0.000000000000000000e+00 0.000000000000000000e+00 0.000000000000000000e+00
0.000000000000000000e+00 0.000000000000000000e+00 0.000000000000000000e+00 0.000000000000000000e+00 0.000000000000000000e+00 0.000000000000000000e+00 0.000000000000000000e+00 0.000000000000000000e+00 0.000000000000000000e+00 0.000000000000000000e+00 0.000000000000000000e+00 0.000000000000000000e+00 0.000000000000000000e+00 0.000000000000000000e+00 0.000000000000000000e+00 0.000000000000000000e+00 0.000000000000000000e+00 0.000000000000000000e+00 0.000000000000000000e+00 0.000000000000000000e+00 0.000000000000000000e+00 0.000000000000000000e+00 0.000000000000000000e+00 0.000000000000000000e+00 0.000000000000000000e+00
0.000000000000000000e+00 0.000000000000000000e+00 0.000000000000000000e+00 0.000000000000000000e+00 0.000000000000000000e+00 0.000000000000000000e+00 0.000000000000000000e+00 0.000000000000000000e+00 0.000000000000000000e+00 0.000000000000000000e+00 0.000000000000000000e+00 0.000000000000000000e+00 0.000000000000000000e+00 0.000000000000000000e+00 0.000000000000000000e+00 0.000000000000000000e+00 0.000000000000000000e+00 0.000000000000000000e+00 0.000000000000000000e+00 0.000000000000000000e+00 0.000000000000000000e+00 0.000000000000000000e+00 0.000000000000000000e+00 0.000000000000000000e+00 0.000000000000000000e+00
0.000000000000000000e+00 0.000000000000000000e+00 0.000000000000000000e+00 0.000000000000000000e+00 0.000000000000000000e+00 0.000000000000000000e+00 0.000000000000000000e+00 0.000000000000000000e+00 0.000000000000000000e+00 0.000000000000000000e+00 0.000000000000000000e+00 0.000000000000000000e+00 0.000000000000000000e+00 0.000000000000000000e+00 0.000000000000000000e+00 0.000000000000000000e+00 0.000000000000000000e+00 0.000000000000000000e+00 0.000000000000000000e+00 0.000000000000000000e+00 0.000000000000000000e+00 0.000000000000000000e+00 0.000000000000000000e+00 0.000000000000000000e+00 0.000000000000000000e+00
3.000000000000000000e+01 0.000000000000000000e+00 0.000000000000000000e+00 7.166916696942061904e+00 8.959666356117674368e+00 1.541435547694935265e-02 1.490068284839573032e+01 3.000000000000000000e+01 -3.585022526981364588e-01 1.623557622892963082e+01 0.000000000000000000e+00 0.000000000000000000e+00 -2.804736903130914882e+01 3.000000000000000000e+01 -6.364638253615002128e+00 0.000000000000000000e+00 0.000000000000000000e+00 -2.503081126446110360e+01 0.000000000000000000e+00 -4.870643312796098634e+00 0.000000000000000000e+00 0.000000000000000000e+00 -5.623678767624677808e-04 -2.391685064066346555e+01 0.000000000000000000e+00
3.000000000000000000e+01 0.000000000000000000e+00 0.000000000000000000e+00 0.000000000000000000e+00 -2.525461079158542077e+01 -5.422598834508129961e+00 7.327638790496965093e+00 2.052473136534633369e+01 2.028786454227249347e+00 6.174996700820135631e-01 0.000000000000000000e+00 0.000000000000000000e+00 3.000000000000000000e+01 2.751214099021456505e+01 1.684298017176741524e+01 0.000000000000000000e+00 0.000000000000000000e+00 3.000000000000000000e+01 0.000000000000000000e+00 -2.144936355614651546e+01 0.000000000000000000e+00 0.000000000000000000e+00 -4.274007212488019960e-05 3.000000000000000000e+01 0.000000000000000000e+00
1.220661088159365093e+01 1.350412355721940428e-08 0.000000000000000000e+00 4.036610686273877313e+00 1.846437979268924323e+01 -2.177761843565670574e+01 -1.746065756483032416e+01 6.622795707908863960e+00 1.261983030540731399e+01 -5.604687489146340518e+00 0.000000000000000000e+00 0.000000000000000000e+00 3.000000000000000000e+01 1.976366202044242470e+01 -4.789725185499524307e-02 0.000000000000000000e+00 0.000000000000000000e+00 2.124563640179752255e+01 0.000000000000000000e+00 1.213094711498242440e+01 0.000000000000000000e+00 0.000000000000000000e+00 -1.121332165809168991e-05 1.969011249623114423e+01 0.000000000000000000e+00
4.556350728479371796e-05 -1.139470820467202222e-13 0.000000000000000000e+00 -9.894675426480979752e+00 2.487012694764821619e-01 1.753548673914420419e+01 2.756260023682354543e+01 -1.124604955240925408e+00 -5.864340388068348453e+00 6.284847448012176763e+00 0.000000000000000000e+00 0.000000000000000000e+00 1.314552481656483707e+01 9.163402143790545296e+00 7.188617248435682505e+00 0.000000000000000000e+00 0.000000000000000000e+00 4.338523432782026568e+00 0.000000000000000000e+00 -1.348383351444414902e-01 0.000000000000000000e+00 0.000000000000000000e+00 1.228051854446277669e-07 8.378739051861977316e+00 0.000000000000000000e+00
4.271543922276015116e-13 -2.030240245634227225e+00 -5.769275064704787585e-15 5.172572808544219747e+00 7.792485708256331467e-01 4.381840990803674174e+00 1.591047327609377326e+01 8.453731353388233671e+00 1.238604632741331812e+01 -5.121463575534097146e+00 -1.980065210467581289e-14 0.000000000000000000e+00 -1.211871466055658153e-01 -5.902916302748220545e+00 3.421204703992481111e+00 -3.881580989975858209e+00 0.000000000000000000e+00 -1.310606048304066725e-14 0.000000000000000000e+00 -1.463932454644521108e+01 0.000000000000000000e+00 0.000000000000000000e+00 2.136878853633166598e-13 1.765273388076101960e-11 0.000000000000000000e+00
-4.544716442394430150e-02 -1.046922889447078120e+01 1.332734960631334831e-13 6.779594613152108984e+00 -1.286862728940852030e+01 1.033392890695548303e-12 -3.092685925741502917e-01 -6.671028889989476518e+00 -1.228684481203358025e+01 6.063000682621709103e+00 -4.768262663591688266e+00 -6.071614996041572136e-14 1.231168709239164727e+01 1.818642679521527228e+01 -3.110830054236404685e+00 -1.022382287637222475e+01 0.000000000000000000e+00 -1.663750595768483995e-15 0.000000000000000000e+00 2.034195976182894228e+01 0.000000000000000000e+00 0.000000000000000000e+00 -5.470373551640312810e-14 -1.563627517953767754e+00 0.000000000000000000e+00
-1.545150467580197784e+01 -1.529775863790920454e+01 -3.703593527715364431e+00 7.045917743856084492e+00 -1.335444436597294526e+01 2.676150613990379721e-15 -7.008078940781120814e+00 4.269989877987591664e-01 1.418768912127018034e+01 -2.344501679928812088e+00 -1.412908257734059170e+01 3.272073835548683759e-16 -5.846773107713136852e+00 2.591027857314299743e-01 -2.040715868787887644e+01 -2.037185526688379156e+01 0.000000000000000000e+00 0.000000000000000000e+00 0.000000000000000000e+00 -2.194467941635280805e+00 0.000000000000000000e+00 0.000000000000000000e+00 -7.380758688900007314e-16 -1.094444820210400415e+01 0.000000000000000000e+00
1.764116851321456636e+01 -2.014625530401468012e+01 -1.359360315229261928e+01 5.795784436958562935e+00 -2.135023994228286881e+01 6.280319318596435588e-16 2.593618088283318190e+00 6.799872713133954250e+00 -1.582310577128307294e+01 -2.120358541599497926e+01 -2.224531428416108980e+01 -9.879761934846804650e+00 8.797111007285524309e+00 -1.077551333775697007e+00 -1.738484686753507802e+01 -2.079535747182318062e+01 0.000000000000000000e+00 0.000000000000000000e+00 0.000000000000000000e+00 -1.631082569008184180e+01 0.000000000000000000e+00 0.000000000000000000e+00 0.000000000000000000e+00 -1.909320944709282486e+01 0.000000000000000000e+00
3.467854174722365124e-01 -3.000000000000000000e+01 -1.970506375270745281e+01 -1.738953601723244802e+01 -2.082669673319342607e+01 3.332086385987122886e-14 -1.002516612305862509e+01 -2.797910661138974575e+00 2.193002388768727329e+01 -2.990736627447376250e+01 -2.966075614910563019e+01 -2.433312878337389762e+01 9.279361806463374052e+00 -1.716462923823999631e+01 -2.702194223565825837e+01 -3.000000000000000000e+01 0.000000000000000000e+00 -7.914861329413299025e-09 0.000000000000000000e+00 -2.678426411976641930e+01 0.000000000000000000e+00 0.000000000000000000e+00 0.000000000000000000e+00 -3.000000000000000000e+01 0.000000000000000000e+00
2.267244255436706853e-09 3.000000000000000000e+01 3.000000000000000000e+01 1.670052890723328431e+01 3.000000000000000000e+01 -1.021295890210910606e+01 -1.263035576000492455e+01 -2.551315024332315939e+00 6.968666634503010826e+00 3.000000000000000000e+01 -3.000000000000000000e+01 2.470535534445942361e+01 -1.777252334092660364e-10 1.070645621587715901e+01 3.000000000000000000e+01 3.000000000000000000e+01 0.000000000000000000e+00 -7.558576479070023169e+00 0.000000000000000000e+00 3.000000000000000000e+01 0.000000000000000000e+00 0.000000000000000000e+00 0.000000000000000000e+00 3.000000000000000000e+01 0.000000000000000000e+00
-5.328350122041491055e+00 2.883351934127283656e+01 1.772837238463204912e+01 1.680866001267742327e+00 2.111402848036497915e+01 -1.924075488726870731e+01 9.206737935343408452e+00 5.099337242622008048e+00 3.382053531251031142e+00 2.341755972538504693e+01 3.000000000000000000e+01 1.231606277808980110e+01 -5.959508148604331090e+00 9.101710894582618830e-11 2.299598847051424144e+01 2.469850582244012216e+01 0.000000000000000000e+00 -1.274451815756359174e+01 0.000000000000000000e+00 2.192652938343709224e+01 0.000000000000000000e+00 0.000000000000000000e+00 0.000000000000000000e+00 2.479936965584730757e+01 0.000000000000000000e+00
2.308149196371965672e+01 1.569893741945345766e+01 1.523160167876843651e+01 -1.637833790911396648e+01 1.749085764818562438e+01 2.517080559963720177e+01 8.734827822432213390e-04 -4.047862208998298961e+00 1.121803765397161833e-02 1.060715532147963813e+01 2.932932560810317568e+01 1.360168336557553404e-12 1.894530026383699806e+01 -1.164316466963569852e+01 1.574816177886282809e+01 1.930447866701258164e+01 0.000000000000000000e+00 -2.366035365772199839e+01 5.597773836694023517e-16 1.060795000450081638e+01 0.000000000000000000e+00 0.000000000000000000e+00 0.000000000000000000e+00 1.541717443741664972e+01 0.000000000000000000e+00
1.066841410650116018e+01 2.018078372934627751e+01 1.070007045970043480e+00 2.025366012936330407e+01 1.233318190779717760e+01 1.145539231626141508e+01 -7.167533659017240699e-16 1.970872732511522685e+01 -1.036492847809866902e+01 1.057174989800882118e-12 2.438727138394611771e+01 -3.287975824960532450e-02 3.929729546268359908e+00 1.916881823634625448e+01 7.627453737575064174e+00 1.481399899671234976e+01 0.000000000000000000e+00 3.000000000000000000e+01 0.000000000000000000e+00 4.988806264677645395e-03 0.000000000000000000e+00 0.000000000000000000e+00 0.000000000000000000e+00 1.720209166599891537e+00 0.000000000000000000e+00
1.990608325493629276e-06 5.299492141292176939e+00 -1.243007926691502396e+00 5.765282135092649973e+00 4.063218915524230646e+00 5.263656447656179724e-03 -7.976068940390719675e+00 9.289818239593508054e+00 2.523410952673363350e-01 3.468518649681483261e-15 2.498570975534542526e+01 -1.388786801071709220e+01 3.289523810419014094e+00 8.567412989329047102e-02 2.274152775927529457e-14 9.251797160392383645e+00 0.000000000000000000e+00 2.308939541198351364e+01 2.267626119105162833e-13 2.943802183821128047e-12 0.000000000000000000e+00 0.000000000000000000e+00 0.000000000000000000e+00 2.860750250673562152e-12 0.000000000000000000e+00
-1.059504364651264829e+01 -2.655140711363513151e-12 -1.554372857188941559e+01 -7.602737144547254466e+00 -1.143415907225926546e-15 -5.127785485840067325e-01 -1.486895867362046486e+00 2.231903546071962285e+00 1.410854635688736636e+01 0.000000000000000000e+00 6.826655067573085489e+00 2.820889762971562220e+01 -1.381316175693636694e+01 -1.152507620889810269e+01 1.661518103149963774e-15 1.764641774039531041e+00 0.000000000000000000e+00 1.937072583441970153e+01 4.775895932117677481e-15 1.025569485071674944e-12 0.000000000000000000e+00 0.000000000000000000e+00 0.000000000000000000e+00 -1.944991769173545686e-15 0.000000000000000000e+00
2.079180380180666177e+01 -7.833957542051651401e+00 -2.029273475601474885e+01 1.796803591245575316e+00 1.758266405862685162e-17 -1.548305667610878800e+01 -2.241442888434276881e+01 -1.735302922934767977e+01 -1.308649562308202086e+01 0.000000000000000000e+00 4.396080741796827984e-07 1.856698649243076460e+01 1.644005013339432963e+01 7.160165603378337629e+00 0.000000000000000000e+00 -1.509853503480599766e-17 0.000000000000000000e+00 8.623813722295011530e+00 9.140404006330775266e-14 2.646568187849961635e-16 0.000000000000000000e+00 0.000000000000000000e+00 0.000000000000000000e+00 4.549146102648465901e-18 0.000000000000000000e+00
4.680126246864158013e+00 2.001722385084327538e+00 2.178483132162850922e+01 6.597651643204310190e+00 0.000000000000000000e+00 2.548802260280718812e+01 1.680426167292251804e+01 1.966257180285131412e+01 1.862322970972719105e+01 0.000000000000000000e+00 -7.860026843853702871e+00 6.974175778133397507e+00 4.039092616176022332e+00 -1.648336408294075284e+01 0.000000000000000000e+00 -5.247907581841840606e-17 1.174809788819205263e-19 1.941854144218683595e-15 3.543504078142840630e-16 -1.268461946442581459e-16 0.000000000000000000e+00 0.000000000000000000e+00 1.973599317106796880e-13 -2.573071560255634650e-15 0.000000000000000000e+00
-1.405723569723644495e+01 -1.323870782466256202e+01 1.361852440680103626e+01 -1.185634792598193377e+00 0.000000000000000000e+00 8.606171119428935867e+00 -4.892326395751010359e+00 6.161059836412856594e-01 1.893336998928554005e+00 0.000000000000000000e+00 6.660576417987724263e+00 -5.620358967739893075e+00 -9.534969902128016983e+00 1.498844033956343225e+01 0.000000000000000000e+00 6.345752910372303816e-12 2.012589037365366278e-11 -2.926608748666919554e-11 3.817505963560186773e-15 0.000000000000000000e+00 0.000000000000000000e+00 0.000000000000000000e+00 1.027468579072828791e-14 -3.755364503050100936e-16 0.000000000000000000e+00
8.088127339398806015e+00 2.042302580084709618e+01 -9.956304737718518538e+00 9.857101413774680410e+00 0.000000000000000000e+00 -4.109878155153041668e+00 9.127866492941576482e-01 4.967441420829953103e+00 -5.178485514866898142e-15 0.000000000000000000e+00 -8.434658499472176274e+00 1.569620255066184455e+01 1.384342664698266745e+01 1.210396801888468543e+00 0.000000000000000000e+00 -4.296145602519638729e+00 -6.524619114598532346e-18 1.152308885440011808e-15 -3.672847322138804063e-14 0.000000000000000000e+00 0.000000000000000000e+00 0.000000000000000000e+00 -7.227394825638083330e-12 -6.861377721163743528e-17 0.000000000000000000e+00
-2.246860289992424153e+00 -3.800519792515570372e-01 7.934113047105769034e+00 8.886591107060969108e+00 0.000000000000000000e+00 -1.881943826642087458e+01 -3.438997067962695997e+00 -6.205780236268750027e-02 -8.879841995209620364e+00 0.000000000000000000e+00 -4.137530084477611503e+00 -5.082052239634769819e+00 7.486408086334419565e+00 -1.783462959301702238e-05 0.000000000000000000e+00 -1.524300805512979018e+01 2.141239727203699615e-15 -4.561749171809268866e+00 -4.149634089131970194e-14 0.000000000000000000e+00 0.000000000000000000e+00 0.000000000000000000e+00 -7.356968159476095827e-16 6.491038835233434269e-16 0.000000000000000000e+00
2.534792820012048509e+01 1.074696194212016120e+00 -6.052404180574502135e+00 9.101160764125978819e-15 0.000000000000000000e+00 8.095118738267379044e+00 2.122454032055123108e+01 6.654368256109620461e+00 -1.872839961034956247e+01 0.000000000000000000e+00 2.311729505887650049e+01 1.003972923187303223e+01 5.631590391776993165e+00 -8.349855805734639702e+00 0.000000000000000000e+00 -2.175135906861727264e+01 4.483853318959560971e-15 -1.727489256158111175e+01 6.460643402418299193e-14 0.000000000000000000e+00 0.000000000000000000e+00 0.000000000000000000e+00 7.991283454193152025e-11 8.253292534048883048e-13 0.000000000000000000e+00
9.831739828950885496e+00 -1.349433078682010745e+01 1.296640854902519635e+01 -7.265790390152165185e-03 0.000000000000000000e+00 1.821204843885112368e+01 5.345806563760430841e+00 2.485303120947971234e+00 2.591581279171573371e+01 0.000000000000000000e+00 1.006988784904543266e+01 3.390426769129519791e+00 -7.164120162349113308e+00 -2.144492491520868782e+01 0.000000000000000000e+00 2.508751427917242793e+01 -3.181141090850595541e-16 2.326829480085879354e+01 6.404161390758074093e-15 0.000000000000000000e+00 0.000000000000000000e+00 0.000000000000000000e+00 -4.389082434353424809e-11 -8.306113049765503830e-16 0.000000000000000000e+00
2.035574177031731352e-03 1.738560028173637306e+00 -8.025584149663413935e-01 -1.005365752647837851e+01 0.000000000000000000e+00 2.203840291971543019e-01 -1.603072861554343698e+00 -2.742698500059543912e-17 1.311157151227493323e+01 0.000000000000000000e+00 -6.125533328074762807e+00 -1.514254228051976803e+01 1.184109959164135795e+01 2.055557415537726129e+01 0.000000000000000000e+00 1.706336531801022716e+01 -1.463514222002804632e-17 6.222778795094098925e+00 -3.831598066180174010e-16 0.000000000000000000e+00 0.000000000000000000e+00 0.000000000000000000e+00 3.541714293119054625e-14 0.000000000000000000e+00 0.000000000000000000e+00
-1.515105993962129522e-14 -1.677482418636071770e+01 -2.669248418632286235e+00 -2.270405395601488507e+01 0.000000000000000000e+00 -5.562069492674866389e+00 -2.302150227119438242e+01 -4.166143848552414042e+00 3.047290889944606618e-01 0.000000000000000000e+00 -6.045677417097539141e+00 -5.069836089204294183e+00 4.469043166041915152e-04 3.932798096477048144e+00 0.000000000000000000e+00 -2.595037675904227736e+00 -1.013174886386389832e-14 -1.130003616888496865e+01 -7.583592099950991816e+00 0.000000000000000000e+00 -1.609051456804904205e-16 0.000000000000000000e+00 -2.966742534328338010e+00 0.000000000000000000e+00 0.000000000000000000e+00
-3.980787079320404764e-01 -2.822224467315611562e+01 -1.774371028981432374e+01 -1.290854780744097496e+01 0.000000000000000000e+00 1.082778026498264268e+01 1.063378141458802517e+01 -2.053681308956744189e+01 -1.728287176133078695e+00 0.000000000000000000e+00 2.084409525348653425e+00 1.080209758913256657e+01 -4.301270868314862120e-03 3.461342270451144129e-14 0.000000000000000000e+00 -1.224861454219260359e+01 -7.023982811061211910e-03 1.640445785134603440e+01 -1.300411946387022155e+01 0.000000000000000000e+00 -7.469653846349062043e+00 -1.343109200792443936e+01 -8.647479425634125860e+00 -1.933377391919775398e-15 0.000000000000000000e+00
-1.393603402279918413e+01 -2.883137068297835981e+01 -2.456222152773722200e+01 -2.686630058963785572e+01 0.000000000000000000e+00 8.341352524222102716e+00 2.226433522544057553e+01 -1.449896440587207991e+01 -1.535199706861197910e+01 0.000000000000000000e+00 8.357556350150863622e+00 -7.734617598195547838e-02 -1.818814582848889927e+01 -3.233535808493919100e-10 0.000000000000000000e+00 1.280441642133892444e+01 -1.299021983163241423e+01 1.841623746957785634e+00 -2.461862649216662291e+01 0.000000000000000000e+00 -1.602454013910650943e+01 -1.592657690444220187e+01 -1.954851878825487788e+01 0.000000000000000000e+00 0.000000000000000000e+00
2.361156005076867714e+01 2.855520070755174444e+01 2.357943577642677369e+01 -3.000000000000000000e+01 0.000000000000000000e+00 4.801103206237809428e-12 1.928649997405182392e-01 -3.000000000000000000e+01 -3.000000000000000000e+01 0.000000000000000000e+00 -1.410597472754235326e+01 -1.443183254901428114e+01 1.012191521953451989e+01 -1.208601220548417920e+01 0.000000000000000000e+00 9.505301332269583403e-01 -2.692976944926084570e+01 -5.518803131340420665e-01 -3.000000000000000000e+01 0.000000000000000000e+00 -2.058672000565190174e+01 -2.776058382062618790e+01 -3.000000000000000000e+01 -8.973670425778668483e-15 0.000000000000000000e+00
1.063891481174398734e+01 2.208082179313770510e+01 2.601106727387382733e+01 3.000000000000000000e+01 0.000000000000000000e+00 -2.176690448259586641e-13 -3.697610412891218467e-05 3.000000000000000000e+01 3.000000000000000000e+01 0.000000000000000000e+00 1.123446220215484637e+01 1.713720906589454884e+01 -3.348040993088086559e+00 -2.055194159590675085e+01 0.000000000000000000e+00 -5.201259049925256228e+00 3.000000000000000000e+01 5.895188448117688829e+00 3.000000000000000000e+01 0.000000000000000000e+00 3.000000000000000000e+01 3.000000000000000000e+01 3.000000000000000000e+01 1.762444849162756424e-11 0.000000000000000000e+00
1.032088943414276040e-12 1.918920407361234837e+01 9.181241237896497154e+00 2.708822124899341688e+01 0.000000000000000000e+00 -1.039237876768462243e+01 -9.731101538812589880e+00 2.136645474653646914e+01 1.875414433419969740e+01 0.000000000000000000e+00 6.627832975804128752e-12 -7.556550593483816414e+00 -2.519365989212451495e+01 2.659042958673707702e+01 0.000000000000000000e+00 -1.394608531350130676e+01 2.113234868016945711e+01 2.065151870069965520e-02 3.000000000000000000e+01 0.000000000000000000e+00 1.964379782225988791e+01 2.334667906101747192e+01 2.584241211966133989e+01 1.056641535217786383e-12 0.000000000000000000e+00
-1.411941097245508869e+00 6.216220504505973743e+00 0.000000000000000000e+00 1.776499503610464714e+01 0.000000000000000000e+00 1.898583239874843542e+01 4.884948682809395315e+00 9.658213352798892259e+00 7.017839058228450888e+00 0.000000000000000000e+00 -4.438672085446206061e+00 1.323479081453357864e+01 -3.000000000000000000e+01 1.606202734539924037e+01 0.000000000000000000e+00 -1.952336185691804715e+01 6.692806131839478034e+00 -1.239588706203769396e-02 2.007825454030218992e+01 0.000000000000000000e+00 1.614883350753439828e+01 1.563874795444476540e+01 1.738755117121531413e+01 1.048070865955913595e-11 0.000000000000000000e+00
-1.864708585851412792e+01 -3.724173366660568085e+00 3.856524509397619520e-12 9.805067689241496964e+00 0.000000000000000000e+00 1.948934536118421823e-01 -8.220648736564008630e+00 7.221138401188231803e+00 3.857239018228810254e-08 0.000000000000000000e+00 7.162000690403315772e+00 4.230699858917221778e-01 3.000000000000000000e+01 5.206681087670611552e-02 0.000000000000000000e+00 -2.418007666856913573e+01 8.342056027700570198e+00 -2.180249504314090103e+01 1.115752016080914544e+01 0.000000000000000000e+00 1.913811867106768538e+00 2.363604585181140916e+00 8.701375000813445837e+00 0.000000000000000000e+00 0.000000000000000000e+00
1.616069037359994809e+01 -7.194296047144937312e+00 -3.750762034981905119e-17 1.181758879514705152e+00 0.000000000000000000e+00 -1.272582026517813603e+00 -4.241372217989447968e+00 9.137506741100525666e-05 -6.024916718796764553e-15 0.000000000000000000e+00 -6.397513220344486218e-01 3.117120607983827174e+00 -2.530759966790716931e+01 -1.360010405743377662e-15 0.000000000000000000e+00 3.000000000000000000e+01 1.582724954933587560e-14 -9.602674741134084258e+00 1.797637576186436270e+00 0.000000000000000000e+00 -3.883788366861271157e+00 1.983611904595678865e+01 -5.452214650822378994e-01 0.000000000000000000e+00 0.000000000000000000e+00
-7.362004023783069506e+00 -1.470995279450330173e+01 0.000000000000000000e+00 3.513549888584714536e-13 0.000000000000000000e+00 -2.170710409303157284e+00 1.267893396681892604e+01 7.124707523483663885e-07 5.279480100616079207e-13 0.000000000000000000e+00 -1.517370328265840662e+01 -4.746689634786401157e+00 -3.000000000000000000e+01 -4.064526778413693715e-13 0.000000000000000000e+00 3.000000000000000000e+01 -4.006626335668621586e+00 -2.551836566845390308e+01 8.574574921043181036e-12 0.000000000000000000e+00 5.011809266450825362e+00 1.312046507656662531e+00 -1.715406191295301852e+01 -7.593120129468491347e-15 0.000000000000000000e+00
-1.668302994804230011e+01 2.429834992151454998e+01 0.000000000000000000e+00 0.000000000000000000e+00 0.000000000000000000e+00 -6.308423505636924666e+00 2.918236074117244883e+01 -3.319119051718740897e-07 1.369973684471006865e-11 0.000000000000000000e+00 -1.971669111226919924e+01 5.386543794258251694e+00 3.000000000000000000e+01 -5.000144395282590803e-01 0.000000000000000000e+00 2.317543907966293659e+01 9.692902748864737461e+00 3.000000000000000000e+01 -3.440649143521642482e-15 0.000000000000000000e+00 -3.513294013920170045e+00 1.967630103163551268e-12 2.330818627194610215e+01 -8.197609747488236041e-11 0.000000000000000000e+00
-2.252765969986279160e+01 1.030658848913582659e+01 0.000000000000000000e+00 0.000000000000000000e+00 0.000000000000000000e+00 -1.939700254389650524e+01 1.323684394144750520e+01 2.449156779498924565e-09 5.873505420196197732e-13 0.000000000000000000e+00 3.000000000000000000e+01 4.398297563130384447e+00 2.587982636695675254e+01 -1.196749078892908891e+01 0.000000000000000000e+00 1.244672447228271039e+01 -6.238688984191872677e+00 1.820691472449163228e+01 -8.755427687472036036e-01 0.000000000000000000e+00 -1.440818702816268093e+01 -8.119452029371668544e+00 1.019952746529351195e+01 -6.979928091174827030e-15 0.000000000000000000e+00
-3.000000000000000000e+01 0.000000000000000000e+00 0.000000000000000000e+00 0.000000000000000000e+00 0.000000000000000000e+00 -2.771596907727357717e+01 -1.753845413942040921e+01 2.108327854594683523e-09 3.040771597841132658e-15 0.000000000000000000e+00 -2.823314722930726717e+01 -1.053685741959458610e+01 1.714085541130601342e+01 3.000000000000000000e+01 0.000000000000000000e+00 2.188000189459375910e+00 6.557878870991508791e+00 3.984860604875259060e+00 -1.447766116535411030e+01 0.000000000000000000e+00 2.207178953006336997e+01 1.624853949315449597e+01 7.131427607647123068e-12 0.000000000000000000e+00 0.000000000000000000e+00
3.000000000000000000e+01 0.000000000000000000e+00 0.000000000000000000e+00 0.000000000000000000e+00 0.000000000000000000e+00 2.615854709624032637e+01 -2.753440863071562106e+01 3.442341185171006906e-09 0.000000000000000000e+00 0.000000000000000000e+00 2.774968484472147523e+01 6.821745584491241132e+00 1.049373309269030230e+01 1.602264055773997953e+01 0.000000000000000000e+00 -3.028731828907098023e-01 -3.178635628195935148e+00 8.546674090987002259e+00 -2.159515297201301820e+01 0.000000000000000000e+00 -2.253943442887545956e+01 -5.237885843966100019e+00 -4.196213933470846591e+00 1.145718335261322610e-11 0.000000000000000000e+00
2.893825447748267266e+01 0.000000000000000000e+00 0.000000000000000000e+00 0.000000000000000000e+00 0.000000000000000000e+00 1.573700002455131219e+01 3.000000000000000000e+01 2.823725708792239416e-13 3.788609613876184412e-14 0.000000000000000000e+00 7.843239330657687525e+00 -1.475588251335058310e+01 9.132453548950470790e+00 -1.222980031476355478e+01 0.000000000000000000e+00 2.270298111865429735e+00 -1.890877084900715843e+01 -2.558273707401377203e-02 2.642697707799058549e+01 0.000000000000000000e+00 2.682680233825456639e+01 1.386015279209971496e+01 -1.725623241511127759e+01 1.464060470404607392e-11 0.000000000000000000e+00
1.641343762172020249e+01 0.000000000000000000e+00 0.000000000000000000e+00 0.000000000000000000e+00 0.000000000000000000e+00 9.741365413480899349e+00 2.320345267024001856e+01 6.706567343891261576e-11 0.000000000000000000e+00 0.000000000000000000e+00 0.000000000000000000e+00 -3.000000000000000000e+01 2.002914920729903070e+00 2.100746585135532385e+01 0.000000000000000000e+00 3.424568106055973171e+00 2.836718771972961051e+01 1.373135865393430244e+01 1.878087003803015520e+01 0.000000000000000000e+00 1.910865632704449268e+01 -4.974956890670290122e+00 8.273205376387272381e+00 0.000000000000000000e+00 0.000000000000000000e+00
9.286946149279014406e+00 0.000000000000000000e+00 0.000000000000000000e+00 0.000000000000000000e+00 0.000000000000000000e+00 -1.442389501488469561e+00 1.710890363207533937e+01 0.000000000000000000e+00 0.000000000000000000e+00 0.000000000000000000e+00 -1.370358350912374446e-13 2.521479777995165605e+01 1.635328898640810615e-12 3.189297234065283648e-01 0.000000000000000000e+00 -1.329011747519485365e+00 2.218890020048308998e+01 -6.152827517809233981e+00 7.861328488989143715e+00 0.000000000000000000e+00 9.871759723640137096e+00 6.641747203316726633e+00 8.121675705949179758e+00 -1.078669126427922837e-15 0.000000000000000000e+00
4.253796184411046989e-03 0.000000000000000000e+00 0.000000000000000000e+00 0.000000000000000000e+00 0.000000000000000000e+00 1.572032065554190261e+01 5.012260581477128163e-01 0.000000000000000000e+00 0.000000000000000000e+00 -1.408044050656971080e-01 -2.072135384170283867e+00 1.527151539034350591e+01 2.260073652693500577e-13 -9.003745433878027596e-13 -2.168299307982036144e-13 -7.489943737323146777e+00 4.453203979312252869e+00 5.567056861357897013e+00 -1.399957389049661494e+01 -3.109061844173834175e-13 -7.911367815193550257e+00 -3.543199592084271377e+00 2.114099093181977196e+00 0.000000000000000000e+00 0.000000000000000000e+00
-1.651049968162351789e+01 0.000000000000000000e+00 0.000000000000000000e+00 0.000000000000000000e+00 0.000000000000000000e+00 -8.595974486494139394e-03 3.316619929499932503e-11 0.000000000000000000e+00 0.000000000000000000e+00 -6.121007470422815011e+00 -1.112097927255374685e+01 -3.908687838191132080e+00 1.228797137150251756e-09 -5.048051406223256723e-09 -2.822773585966286655e-09 3.135078581673423681e+00 9.925490790845124423e+00 -7.133851139714278311e+00 -1.348328635512302576e+01 -2.395550520633856095e+00 -1.678898555527957726e+01 1.776299562313061742e+01 1.483809458645834845e+01 0.000000000000000000e+00 -1.669753014055815887e+00
1.390568400471762089e+01 -3.988500081609081871e+00 0.000000000000000000e+00 0.000000000000000000e+00 0.000000000000000000e+00 9.324174249128459380e+00 0.000000000000000000e+00 0.000000000000000000e+00 0.000000000000000000e+00 -1.754093747524638758e+01 -1.853832788253043518e+01 -1.252708230909226295e+01 0.000000000000000000e+00 -6.783291852304775826e-01 -5.924846810522301777e-01 2.334668817867795454e+01 -1.816313606285584026e+00 1.394229865480140385e+00 1.914605082114239565e+01 -7.376199178629983422e+00 -1.913416944816506060e+01 -2.011602236033169433e+01 2.390016337481768588e-02 -3.067816415538286989e+00 -1.134117806331753719e+01
-4.440346420474872158e-02 -1.985361140253853662e+01 0.000000000000000000e+00 0.000000000000000000e+00 0.000000000000000000e+00 4.646073058131651834e+00 0.000000000000000000e+00 0.000000000000000000e+00 0.000000000000000000e+00 -2.395521153538769710e+01 -2.588655128181304121e+01 -1.731744350480400385e+01 7.252133879886445033e-10 -1.909781200439476123e+01 -1.274291018089463812e+01 -1.115756123194509719e+01 7.700859906169815083e+00 1.008364693028347858e+01 1.242579631977963928e+01 -2.114766486715562621e+01 -3.000000000000000000e+01 2.077668856895856564e+01 -9.191905790876074844e-01 -1.755127436278017328e+01 -1.835123504530491800e+01
-1.358565093957440517e+01 -3.000000000000000000e+01 0.000000000000000000e+00 0.000000000000000000e+00 0.000000000000000000e+00 -2.877037960468068256e+00 0.000000000000000000e+00 0.000000000000000000e+00 0.000000000000000000e+00 -3.000000000000000000e+01 -3.000000000000000000e+01 -2.485552009208405977e+01 0.000000000000000000e+00 2.159322825198811913e+01 -2.812027177601037664e+01 -3.000000000000000000e+01 8.862936513647753145e+00 -1.077593418281725945e+01 5.751161828065908671e-03 -2.833980195798831048e+01 -2.360035619243649307e+01 5.604484580416634110e+00 -1.953592516587636752e+01 -2.958178892431217832e+01 -2.132127976369913469e+01
