# yaw
0.000000000000000000e+00 0.000000000000000000e+00 0.000000000000000000e+00 0.000000000000000000e+00 0.000000000000000000e+00 0.000000000000000000e+00 -8.657845272849515439e+00 -1.111508022118841588e+01 -7.856206835597661531e+00 0.000000000000000000e+00 0.000000000000000000e+00 -5.226828466262244177e+00 2.115165292754549142e+01 0.000000000000000000e+00 0.000000000000000000e+00 0.000000000000000000e+00 1.053895056386875950e+01 -1.322264649712837148e+01 2.489820020154846247e+01 0.000000000000000000e+00 2.916298502583057939e+01 1.896940767451840415e+01 -1.127052545720957610e+01 -2.680481881241215447e+01 1.836089011681171002e+01
0.000000000000000000e+00 0.000000000000000000e+00 0.000000000000000000e+00 0.000000000000000000e+00 0.000000000000000000e+00 9.178336829467312441e+00 -9.802802052136645017e+00 -1.075053946733548216e+01 -6.743692884849257219e+00 1.505183362925488311e+01 2.310873492130789586e+01 -2.250755597655259876e+01 5.056402941487249336e+00 2.498611596405119073e+01 2.236037901530462335e+01 2.952160488911027869e+01 3.000000000000000000e+01 -1.148169727568823895e+01 1.609270800972592852e+01 2.963110593378112867e+01 2.509101201856216790e+01 0.000000000000000000e+00 7.932117834930958011e+00 4.930197372084924368e+00 2.298612052452146415e+01
0.000000000000000000e+00 0.000000000000000000e+00 0.000000000000000000e+00 0.000000000000000000e+00 0.000000000000000000e+00 1.420778687677721486e+01 1.002517390492048133e+00 -1.032505153327315028e+01 -2.972992234085344521e+00 1.956510413120707881e+01 1.481856202967110647e+01 -1.936116661884765477e+01 -3.019802150409596920e-03 2.330324524041645518e+01 1.734123532827411296e+01 2.087012613146982432e+01 2.008379215531033779e+01 2.765427616642055142e+01 -3.161805295005731598e+00 1.868102731965752383e+01 1.726421554594964647e+01 -1.037286245913417204e+01 4.983640479640880194e+00 -1.037990779758547255e+01 0.000000000000000000e+00
0.000000000000000000e+00 0.000000000000000000e+00 0.000000000000000000e+00 0.000000000000000000e+00 0.000000000000000000e+00 2.054021221742151226e+01 1.002675546076932278e+01 -6.779757729413586453e+00 3.374823239138510900e+00 1.841503854084142233e+01 7.722937926680761400e+00 2.241683262812847488e+01 -1.249675562894324798e+00 1.899711415740830844e+01 1.122272170104262123e+01 8.699089372788636254e+00 1.287084898122693843e+01 1.772675457778155561e+01 2.180692621762113603e+01 1.567462724991315604e+01 1.655821792890388267e+01 1.482864268847539524e+00 -3.783688720199669328e-03 3.818515962534696051e+00 2.179594289774402682e+01
0.000000000000000000e+00 0.000000000000000000e+00 0.000000000000000000e+00 0.000000000000000000e+00 0.000000000000000000e+00 4.603517192867758290e+00 1.280698178674265186e+01 2.571737806099322565e+00 9.585467140273367548e+00 1.204999671377789738e+01 1.054469811205112428e+01 1.836544792046195340e+01 -1.212933049610082392e+01 1.313394384281400917e+01 -8.035275246537603167e+00 4.651014018637157577e+00 1.845153254156217670e+00 -2.855744995035944367e+00 1.759221891909853497e+01 2.093034363476979109e+01 1.246344068743424671e+01 2.684466829397845533e+00 -1.053077161254421235e+01 2.168203618486785089e+01 -1.497726890352111540e-01
0.000000000000000000e+00 0.000000000000000000e+00 0.000000000000000000e+00 0.000000000000000000e+00 0.000000000000000000e+00 0.000000000000000000e+00 1.141380343879703041e+01 4.774019468544317135e+00 1.174273973143562166e+01 5.175044108607877114e+00 0.000000000000000000e+00 -7.619791045017747066e+00 -9.669799844760435192e+00 3.444273216339792665e+00 1.369823037448203173e+01 4.278501921390243545e+00 6.933548775816721077e-02 0.000000000000000000e+00 4.771145035317491678e-01 5.976910497788846754e+00 4.988749075620978246e+00 5.559901618796065037e+00 -7.325626871386947236e+00 1.092702720612723510e+01 -1.506117699528273235e+01
0.000000000000000000e+00 0.000000000000000000e+00 0.000000000000000000e+00 0.000000000000000000e+00 0.000000000000000000e+00 0.000000000000000000e+00 0.000000000000000000e+00 1.273948725430048867e+01 0.000000000000000000e+00 0.000000000000000000e+00 0.000000000000000000e+00 4.079040258518239703e+00 2.259097237662832569e+01 -7.240716130112180515e+00 1.587723652323653489e+01 0.000000000000000000e+00 0.000000000000000000e+00 0.000000000000000000e+00 -4.933162221732932728e+00 -2.895116941688770762e+00 0.000000000000000000e+00 0.000000000000000000e+00 1.267340982594144805e+01 1.291173810330140448e+01 2.043769250399467907e+01
0.000000000000000000e+00 0.000000000000000000e+00 0.000000000000000000e+00 0.000000000000000000e+00 0.000000000000000000e+00 0.000000000000000000e+00 -1.598960271090768970e+01 1.336222237959024106e+01 0.000000000000000000e+00 0.000000000000000000e+00 0.000000000000000000e+00 -6.986506633237236308e+00 6.816333282735047128e+00 6.257023190525549339e+00 2.607394810031698373e+00 0.000000000000000000e+00 0.000000000000000000e+00 9.632835961732400420e+00 3.079132632709379980e+00 -1.231199215434366501e+01 0.000000000000000000e+00 3.087625172191071687e+00 1.626558028098438768e+01 1.850468744359903894e+01 1.000113131698240920e+01
0.000000000000000000e+00 0.000000000000000000e+00 0.000000000000000000e+00 0.000000000000000000e+00 0.000000000000000000e+00 0.000000000000000000e+00 -1.994432147962325530e+01 3.488259980120322457e+00 0.000000000000000000e+00 -1.047322329546394215e+01 0.000000000000000000e+00 2.472676630930609409e+00 -5.114149468603891968e+00 6.837841921390656275e+00 -4.924952834162054316e+00 0.000000000000000000e+00 0.000000000000000000e+00 -1.283286468080361686e+01 1.056221844837051504e+00 9.428777027878828321e+00 0.000000000000000000e+00 -9.386954590355379935e+00 -1.638363907747855119e+00 9.075024827689386342e-01 -8.512815754492986997e+00
0.000000000000000000e+00 0.000000000000000000e+00 0.000000000000000000e+00 0.000000000000000000e+00 0.000000000000000000e+00 0.000000000000000000e+00 1.900908474954149696e+01 2.208350868784649812e+00 -6.577850836228616771e+00 -1.719822708897639529e+01 0.000000000000000000e+00 1.518271266513876583e+01 1.020573405457192884e+01 4.444489715289918763e+00 1.455135165805606157e+01 0.000000000000000000e+00 0.000000000000000000e+00 1.311431651528961595e+01 9.897128231469245918e+00 1.587758638471428974e+01 0.000000000000000000e+00 8.956166548498543989e+00 0.000000000000000000e+00 -1.969922448537556647e+01 -2.552685501685144587e+01
0.000000000000000000e+00 0.000000000000000000e+00 0.000000000000000000e+00 0.000000000000000000e+00 0.000000000000000000e+00 0.000000000000000000e+00 1.806101645880914575e+01 -9.341226893738390658e+00 -1.384848938903418336e+01 -9.625757450152233607e-04 0.000000000000000000e+00 -8.188924522439066322e+00 -4.784619603508718733e+00 3.000000000000000000e+01 1.867491327908771126e+01 0.000000000000000000e+00 0.000000000000000000e+00 1.270852354156961539e+01 1.962696694656493657e+00 2.725268073422900983e+01 0.000000000000000000e+00 2.098074911658349251e+01 -1.307237198543419243e+00 2.882596673538855470e+01 -2.818720104006727567e+01
0.000000000000000000e+00 0.000000000000000000e+00 0.000000000000000000e+00 0.000000000000000000e+00 0.000000000000000000e+00 0.000000000000000000e+00 3.718086002680649926e+00 -2.207249292717866496e+01 -2.312165996219223629e+01 2.565023537237865980e+01 0.000000000000000000e+00 -2.363736364349834318e+01 -1.630222002513403368e+01 1.830290649003685388e+01 -2.797375098037129248e+00 0.000000000000000000e+00 0.000000000000000000e+00 -1.045119414670837443e+01 -1.402412802626346355e+01 1.401751911594213240e+01 0.000000000000000000e+00 1.215369795018955834e+01 -3.533883429744931526e+00 8.918351982082704410e+00 3.000000000000000000e+01
0.000000000000000000e+00 -7.011330086601367251e-01 0.000000000000000000e+00 0.000000000000000000e+00 0.000000000000000000e+00 0.000000000000000000e+00 -8.581978382970932628e+00 4.962361496685581130e+00 2.978541359059572358e+01 1.801033950723968502e+01 0.000000000000000000e+00 2.023880169954813368e+01 2.583743885933653317e+01 -1.774227325384401865e+01 -2.377021812617148555e+01 0.000000000000000000e+00 0.000000000000000000e+00 -2.185206788691908741e+01 1.055973140329407300e+01 1.130671142992848388e+01 0.000000000000000000e+00 -1.399139544112757427e+00 4.390868072539030997e+00 -1.330529871115206930e+01 2.519074451824740990e+01
0.000000000000000000e+00 -5.246335050503484254e+00 0.000000000000000000e+00 0.000000000000000000e+00 -4.520368073425939243e-03 0.000000000000000000e+00 -1.458499945625144711e+01 1.980304522552719604e+01 1.508568392215074638e+01 -1.183010113590990109e+01 0.000000000000000000e+00 1.908444178727359741e+01 2.218332798967662001e+01 3.000000000000000000e+01 -3.000000000000000000e+01 0.000000000000000000e+00 0.000000000000000000e+00 -1.193812537485752401e+01 1.940424057473575203e+01 -8.690364540362995882e+00 0.000000000000000000e+00 -1.142718501365429518e+01 -1.178182482629300054e+01 5.867659612861617191e+00 7.915170743068045134e+00
0.000000000000000000e+00 -1.149776180850172125e+01 -2.223220374795017662e+00 0.000000000000000000e+00 -3.831662298824888513e+00 0.000000000000000000e+00 -1.536450670927268192e+01 2.545162876937321528e+01 -1.482420018825808938e+01 -2.566040891863489648e+01 0.000000000000000000e+00 4.851460033202729782e+00 1.073064469668701904e+01 1.659820069557198963e+01 2.370773461803103999e+01 0.000000000000000000e+00 0.000000000000000000e+00 -1.200426132023571668e+01 -4.718483741329198011e+00 -1.643540724950400644e+01 0.000000000000000000e+00 -1.821188690035906887e+01 -2.470558937184674164e+01 -1.587442518439450367e+01 5.827646542592792578e+00
0.000000000000000000e+00 -1.547244379448623874e+01 -4.005886400091267951e+00 -1.068824708357503361e+01 -1.258002969978050700e+01 0.000000000000000000e+00 3.382590663049379054e-01 6.819038111311825467e+00 -2.705434469071376569e+01 -6.198641434507927706e+00 0.000000000000000000e+00 -7.334062374442321008e+00 -2.194053293507001001e+01 -1.401629484856664298e+01 -1.635535297704632285e+01 0.000000000000000000e+00 0.000000000000000000e+00 -2.649744932395830332e+01 1.364530188130780708e+01 -1.258778847409380042e+01 0.000000000000000000e+00 -2.447138568432731276e+01 7.897183202521437906e+00 -3.000000000000000000e+01 -1.428405474918839424e+01
0.000000000000000000e+00 -1.315679536972231212e+01 -1.653352791103572628e+01 -2.369321928686781931e+01 -1.407330978329733462e+01 0.000000000000000000e+00 1.268699039726107003e+01 -5.554427754794397654e-01 -6.030284814905459534e+00 -1.056607461131089210e+01 0.000000000000000000e+00 -1.292965975794871269e+01 2.130772095933608412e+01 2.267892847980959914e+01 2.395325604386750840e+01 0.000000000000000000e+00 0.000000000000000000e+00 -3.000000000000000000e+01 0.000000000000000000e+00 7.252225051129627786e+00 0.000000000000000000e+00 -2.320864874752791707e+01 -2.084783997101076380e+01 -2.684294088433620118e+01 -1.486256936142690677e+01
0.000000000000000000e+00 0.000000000000000000e+00 -1.709590232839680368e+01 -2.840244581807703028e+01 -2.217952977152549110e+01 0.000000000000000000e+00 9.589536892124677081e+00 -2.127467361412573865e+01 -1.067985245571311381e+01 -1.356571376763574222e+01 0.000000000000000000e+00 -1.633707288488583487e+01 1.045600723332437987e+01 4.545537236783419921e+00 9.094591481479318062e+00 0.000000000000000000e+00 0.000000000000000000e+00 0.000000000000000000e+00 -2.249583795734687897e+01 -1.514496130793447648e+01 0.000000000000000000e+00 0.000000000000000000e+00 0.000000000000000000e+00 0.000000000000000000e+00 -1.408645632707296613e+01
0.000000000000000000e+00 0.000000000000000000e+00 0.000000000000000000e+00 0.000000000000000000e+00 2.051277631901385234e+01 0.000000000000000000e+00 1.243849201260419646e+00 -2.491432516036441669e+01 -2.067167434522690428e+01 2.941745096955735406e+01 0.000000000000000000e+00 1.756334226886134786e+01 -5.538469247216195157e+00 1.066984173894362797e+01 2.309761091238789987e+01 0.000000000000000000e+00 0.000000000000000000e+00 0.000000000000000000e+00 2.537600986322356533e+01 1.061978880180776308e+01 0.000000000000000000e+00 0.000000000000000000e+00 0.000000000000000000e+00 3.963009185656586997e+00 1.505051200017917701e+01
0.000000000000000000e+00 2.383964964637125661e+01 2.703208734423488480e+01 2.882177444551717116e+01 2.108647202512011631e+01 0.000000000000000000e+00 2.631969775192779526e+00 2.981284220925349970e+01 3.000000000000000000e+01 2.739064463139674288e+01 0.000000000000000000e+00 1.946584904011299599e+01 -2.011805199178014902e+01 -2.051913193633647658e+00 3.106252809041376128e+00 0.000000000000000000e+00 0.000000000000000000e+00 3.000000000000000000e+01 1.163081344571959796e+01 2.108392850223273740e+01 0.000000000000000000e+00 2.599947272436091694e+01 2.746789655623198456e+01 3.000000000000000000e+01 2.455648554722550614e+01
0.000000000000000000e+00 2.212975509004106911e+01 1.862744106750520601e+01 1.827396293738332034e+01 1.862256060984967121e+01 0.000000000000000000e+00 -5.850828052370320442e+00 -2.617368645956346107e+00 2.335971639533025623e+01 2.481068214766430913e+01 0.000000000000000000e+00 1.207321389012074953e+01 9.887799531152762000e+00 -2.337653550697366356e+01 6.796944092215015054e+00 0.000000000000000000e+00 0.000000000000000000e+00 2.138209159481959887e+01 -7.969272816304890483e+00 1.817489865202908561e+01 0.000000000000000000e+00 2.026540836778888277e+01 1.885277814735864155e+01 2.648677579405204696e+01 1.706369962268971108e+01
0.000000000000000000e+00 1.227983247460910476e+01 8.691318564193052154e+00 1.686376779948239957e+01 0.000000000000000000e+00 0.000000000000000000e+00 0.000000000000000000e+00 1.493062937718686867e-01 5.316718651136087104e+00 1.162086976706628860e+01 0.000000000000000000e+00 -1.382342940079863247e+00 -9.472381601157076503e+00 -2.740890881538948776e+00 2.813522236287175016e+00 0.000000000000000000e+00 0.000000000000000000e+00 0.000000000000000000e+00 0.000000000000000000e+00 1.110539667213634019e+01 0.000000000000000000e+00 0.000000000000000000e+00 0.000000000000000000e+00 1.169236338470088654e+01 9.321019542506332911e+00
0.000000000000000000e+00 7.069308314783195435e+00 -1.030727505081994844e+00 1.556853476207543663e+00 3.553612579700156093e+00 0.000000000000000000e+00 0.000000000000000000e+00 4.013800037776645624e+00 0.000000000000000000e+00 0.000000000000000000e+00 0.000000000000000000e+00 0.000000000000000000e+00 6.250570085947225074e+00 0.000000000000000000e+00 -7.033566807812451138e+00 0.000000000000000000e+00 0.000000000000000000e+00 0.000000000000000000e+00 0.000000000000000000e+00 2.783603390448766035e+00 0.000000000000000000e+00 0.000000000000000000e+00 0.000000000000000000e+00 0.000000000000000000e+00 5.906032304466287464e+00
0.000000000000000000e+00 0.000000000000000000e+00 0.000000000000000000e+00 0.000000000000000000e+00 0.000000000000000000e+00 0.000000000000000000e+00 0.000000000000000000e+00 0.000000000000000000e+00 0.000000000000000000e+00 0.000000000000000000e+00 0.000000000000000000e+00 0.000000000000000000e+00 0.000000000000000000e+00 0.000000000000000000e+00 0.000000000000000000e+00 0.000000000000000000e+00 0.000000000000000000e+00 0.000000000000000000e+00 0.000000000000000000e+00 0.000000000000000000e+00 0.000000000000000000e+00 0.000000000000000000e+00 0.000000000000000000e+00 0.000000000000000000e+00 0.000000000000000000e+00
0.000000000000000000e+00 0.000000000000000000e+00 0.000000000000000000e+00 0.000000000000000000e+00 0.000000000000000000e+00 0.000000000000000000e+00 0.000000000000000000e+00 0.000000000000000000e+00 0.000000000000000000e+00 0.000000000000000000e+00 0.000000000000000000e+00 0.000000000000000000e+00 0.000000000000000000e+00 0.000000000000000000e+00 0.000000000000000000e+00 0.000000000000000000e+00 0.000000000000000000e+00 0.000000000000000000e+00 0.000000000000000000e+00 0.000000000000000000e+00 0.000000000000000000e+00 0.000000000000000000e+00 0.000000000000000000e+00 0.000000000000000000e+00 0.000000000000000000e+00
0.000000000000000000e+00 0.000000000000000000e+00 0.000000000000000000e+00 0.000000000000000000e+00 0.000000000000000000e+00 0.000000000000000000e+00 0.000000000000000000e+00 0.000000000000000000e+00 0.000000000000000000e+00 0.000000000000000000e+00 0.000000000000000000e+00 0.000000000000000000e+00 0.000000000000000000e+00 0.000000000000000000e+00 0.000000000000000000e+00 0.000000000000000000e+00 0.000000000000000000e+00 0.000000000000000000e+00 0.000000000000000000e+00 0.000000000000000000e+00 0.000000000000000000e+00 0.000000000000000000e+00 0.000000000000000000e+00 0.000000000000000000e+00 0.000000000000000000e+00
0.000000000000000000e+00 0.000000000000000000e+00 0.000000000000000000e+00 0.000000000000000000e+00 0.000000000000000000e+00 0.000000000000000000e+00 0.000000000000000000e+00 0.000000000000000000e+00 0.000000000000000000e+00 0.000000000000000000e+00 0.000000000000000000e+00 0.000000000000000000e+00 0.000000000000000000e+00 0.000000000000000000e+00 0.000000000000000000e+00 0.000000000000000000e+00 0.000000000000000000e+00 0.000000000000000000e+00 0.000000000000000000e+00 0.000000000000000000e+00 0.000000000000000000e+00 0.000000000000000000e+00 0.000000000000000000e+00 0.000000000000000000e+00 0.000000000000000000e+00
0.000000000000000000e+00 0.000000000000000000e+00 4.723284410824522550e-01 0.000000000000000000e+00 1.130078433765327972e+01 0.000000000000000000e+00 -3.256832000493367740e+00 -5.360301597396870399e+00 1.050785496092066928e+01 -4.458322511794305498e+00 0.000000000000000000e+00 0.000000000000000000e+00 0.000000000000000000e+00 6.368417009552231889e-01 9.981628748478170721e+00 0.000000000000000000e+00 0.000000000000000000e+00 0.000000000000000000e+00 0.000000000000000000e+00 0.000000000000000000e+00 0.000000000000000000e+00 0.000000000000000000e+00 0.000000000000000000e+00 0.000000000000000000e+00 0.000000000000000000e+00
0.000000000000000000e+00 3.725987770356572248e+00 4.735508536876881891e+00 7.913302281497394119e+00 1.445419038934800859e+01 0.000000000000000000e+00 -1.666289766535375749e+00 1.375077397375076416e+01 7.042243087477710883e-01 -1.018454970237843371e+00 0.000000000000000000e+00 1.062629139107308518e+01 -7.157554754323492752e+00 -8.523801775531731906e+00 5.006402057276329920e+00 0.000000000000000000e+00 0.000000000000000000e+00 0.000000000000000000e+00 -4.019304563641489914e+00 9.672776119822206198e+00 0.000000000000000000e+00 0.000000000000000000e+00 0.000000000000000000e+00 0.000000000000000000e+00 0.000000000000000000e+00
0.000000000000000000e+00 0.000000000000000000e+00 1.722487899030970837e+01 2.327640828816707241e+01 8.847357508737976772e+00 0.000000000000000000e+00 6.636127599120689169e+00 -6.983335146939814386e+00 1.155981289603927209e+01 1.179321329383869532e+01 0.000000000000000000e+00 2.554070325688844179e+00 6.324089746262941958e+00 -4.881150960874770739e+00 -5.226922793927199606e+00 0.000000000000000000e+00 0.000000000000000000e+00 0.000000000000000000e+00 6.645397187250644322e+00 1.165208143990214573e+01 0.000000000000000000e+00 0.000000000000000000e+00 0.000000000000000000e+00 0.000000000000000000e+00 0.000000000000000000e+00
-1.027566249578023339e+00 1.973693104166982337e+01 2.241618695573997400e+01 1.935358130364690155e+01 1.806386168721236984e+01 0.000000000000000000e+00 8.123934057319862845e+00 -9.134939016777000376e+00 -5.609091990731712052e+00 -1.136509255742571156e+01 0.000000000000000000e+00 -1.571301464394016456e+01 1.411311446986274021e+01 1.444590769723048851e+01 -1.374483208480158680e+01 0.000000000000000000e+00 -2.847161423488593357e+00 0.000000000000000000e+00 2.666694624572168237e+01 -9.976814460117301442e-01 0.000000000000000000e+00 0.000000000000000000e+00 0.000000000000000000e+00 0.000000000000000000e+00 0.000000000000000000e+00
-7.650545146010531816e+00 -8.700928013987594412e+00 1.566204629613941179e+01 2.046151826693483056e+00 3.001030158080878696e+00 -1.689682815008106243e+00 2.150137241475976424e+01 -5.529444625430749660e+00 8.710004135884673815e+00 -2.991542292480486154e+01 -6.335969449539809339e+00 -2.998938485022885914e+01 -3.840540824229660810e+00 -8.855443292944721989e+00 -2.256734718765853742e+00 -2.266419566978772338e+00 -7.898766701837905302e+00 0.000000000000000000e+00 1.811013151323127701e+01 -1.069434322383880875e+01 0.000000000000000000e+00 0.000000000000000000e+00 0.000000000000000000e+00 0.000000000000000000e+00 0.000000000000000000e+00
-1.046762272455875120e+01 2.765637705623433362e+01 6.653963552922012581e-02 6.899298670403905653e+00 -2.738789177338376035e+01 -1.565879268300701987e+01 1.951895214466192030e+01 2.016824497710407371e+01 -1.667209584262150202e+01 -9.039794180979706439e+00 -4.572419601381654708e+00 3.000000000000000000e+01 -1.803857829332494944e+01 -2.867952711593133941e+01 -3.241600790918320651e+00 -1.559092905162467524e+01 -1.018375428888626111e+01 0.000000000000000000e+00 1.088845584358860918e+01 -1.684490548232360752e+01 0.000000000000000000e+00 0.000000000000000000e+00 0.000000000000000000e+00 0.000000000000000000e+00 0.000000000000000000e+00
-1.134596832827617341e+01 1.898799763591449619e+01 -1.827790162532759055e+01 2.443305154303848870e+00 1.176027244732808619e+01 -2.255689181889161432e+01 5.030375381097810461e+00 -3.502507302203556439e+00 -2.497426162275399619e+01 -3.000000000000000000e+01 -1.411605012553355110e+01 1.470814913124731049e+01 -3.000000000000000000e+01 -1.669260894144148821e+01 -1.620893751393647975e+01 -1.566992132871569154e+01 -2.148514838162849472e+01 0.000000000000000000e+00 2.604341221473491785e+00 -2.229709351595462863e+01 0.000000000000000000e+00 0.000000000000000000e+00 0.000000000000000000e+00 0.000000000000000000e+00 0.000000000000000000e+00
-1.653653424634457636e+01 1.556681313081237583e+00 1.147027547678795756e+01 -1.577625908205019023e+01 -1.625878543503025497e+01 -2.783348546460998563e+01 -8.493994534230649762e+00 8.723481968168538714e+00 3.000000000000000000e+01 -3.000000000000000000e+01 -2.256325513658129367e+01 6.585265487387075289e+00 2.451380475400133463e+01 -3.000000000000000000e+01 -2.251870566125140272e+01 -2.470686655231062545e+01 -2.689774336968864787e+01 0.000000000000000000e+00 8.777280237237885738e-03 -2.668853230006127220e+01 0.000000000000000000e+00 0.000000000000000000e+00 0.000000000000000000e+00 0.000000000000000000e+00 0.000000000000000000e+00
-2.557144499152377648e+01 -1.330988388574278680e+01 6.999800161377299546e+00 -2.507418992394895696e+01 -2.209190097810186870e+01 -3.000000000000000000e+01 5.464083329341367978e+00 3.078499153329145699e+00 2.180823900539691707e+01 -3.000000000000000000e+01 -3.000000000000000000e+01 -5.836069987973862894e+00 -9.459262572339715902e+00 -3.000000000000000000e+01 -2.843044357731211846e+01 -2.091431879936209981e+01 -1.608693001458235727e+01 0.000000000000000000e+00 -8.929106149917956259e+00 0.000000000000000000e+00 0.000000000000000000e+00 0.000000000000000000e+00 0.000000000000000000e+00 0.000000000000000000e+00 0.000000000000000000e+00
3.000000000000000000e+01 -2.222051191534788828e+01 -7.885116786188523186e+00 6.231683674653798022e+00 2.638852447565125914e+01 2.997290855542209798e+01 -2.129498215435481789e+00 -1.505270983723800349e+01 1.442907608422799726e+01 3.000000000000000000e+01 1.500462618936963821e+01 -1.812552720698874253e+01 -5.179564911689920947e+00 9.784347800400873041e+00 0.000000000000000000e+00 2.810379988085499381e+00 0.000000000000000000e+00 0.000000000000000000e+00 -1.240830584374171686e+01 0.000000000000000000e+00 0.000000000000000000e+00 0.000000000000000000e+00 0.000000000000000000e+00 0.000000000000000000e+00 0.000000000000000000e+00
2.297113532923888002e+01 -1.024743467903572380e+01 -1.886855629888456320e+01 1.864762218295579288e+01 1.929457080084027609e+01 3.000000000000000000e+01 -1.877159770269506467e+01 1.743144663297178099e+01 2.400990166348071053e+00 3.000000000000000000e+01 2.866454788659195785e+01 3.475219032190164370e+00 3.000000000000000000e+01 3.000000000000000000e+01 2.756576810451928239e+01 2.827108277077241283e+01 2.941909014609361250e+01 0.000000000000000000e+00 -9.981825089944695861e+00 2.167545041499217717e+01 0.000000000000000000e+00 0.000000000000000000e+00 0.000000000000000000e+00 0.000000000000000000e+00 0.000000000000000000e+00
1.957968145360982248e+01 -3.000000000000000000e+01 1.718669341856533705e+01 -1.135625830188331697e+01 1.306359969503446372e+01 3.000000000000000000e+01 -2.756492281731168958e+01 -2.548893560902067978e+00 -1.372609207574235413e+01 2.453976198521863950e+01 1.744063175691752576e+01 2.193798868499412080e+01 2.058109863227180369e+01 2.418850799109550564e+01 1.818777759236476044e+01 2.156078569500665765e+01 2.570941422963784007e+01 0.000000000000000000e+00 -1.338036113590118603e+01 2.065729820416822804e+01 0.000000000000000000e+00 0.000000000000000000e+00 0.000000000000000000e+00 0.000000000000000000e+00 0.000000000000000000e+00
1.080616883315808963e+01 2.863787506086612211e+01 -1.988837093711055459e+01 8.694523965573507596e+00 1.112965506328310994e+01 2.230536316416048237e+01 2.177631266238541841e+01 -2.651533769328885981e+01 -2.222540825095538963e+01 1.828589188035460822e+01 2.098774586604723069e+01 2.009243408887038029e+01 6.768623019785784400e+00 1.657993656733624022e+01 5.146971778342255277e+00 1.462240946288173227e+01 1.875961630706550665e+01 0.000000000000000000e+00 -7.435016183654191479e+00 8.825715406882249425e+00 0.000000000000000000e+00 0.000000000000000000e+00 0.000000000000000000e+00 0.000000000000000000e+00 0.000000000000000000e+00
1.466584228340443730e+01 2.583516372086896595e+01 3.000000000000000000e+01 3.000000000000000000e+01 1.009987640676066434e+01 1.121057923079852969e+01 1.947358231784584248e+01 3.000000000000000000e+01 2.783701147450019420e+01 1.318113854981929833e+01 1.768647944998225441e+01 4.233362127858029123e-01 -6.448415662475774468e+00 2.279293337389488361e+00 6.392706384746967174e+00 1.780823030334110602e+00 1.593049280039457472e+01 0.000000000000000000e+00 1.742212255057291159e+01 1.061869786007489402e+01 0.000000000000000000e+00 0.000000000000000000e+00 0.000000000000000000e+00 0.000000000000000000e+00 0.000000000000000000e+00
-3.777572226839655656e+00 1.736135752324512893e+01 3.000000000000000000e+01 3.000000000000000000e+01 5.180350107700444795e+00 1.465364374490653709e+01 2.590044776115125202e+01 -6.472663983046135883e+00 3.000000000000000000e+01 1.643122092906978526e+00 4.938428062044654787e+00 -1.041832436419271346e+01 -2.562918337401019642e+01 5.696851213922744517e-01 4.886892347192964614e+00 2.952195967340105653e+01 8.154683295545540389e+00 0.000000000000000000e+00 1.627567708804754787e+01 5.104351359005487865e-01 0.000000000000000000e+00 0.000000000000000000e+00 0.000000000000000000e+00 0.000000000000000000e+00 0.000000000000000000e+00
-1.672579384622977017e+01 -1.200593483439481091e+01 2.728755104560513089e+01 3.000000000000000000e+01 -4.718932325601159705e-05 6.564186453313502589e+00 8.065110302886873139e-01 3.000000000000000000e+01 2.789325866681615196e+01 0.000000000000000000e+00 -1.104651534477249442e+01 -1.592456502547524977e+01 3.000000000000000000e+01 -1.458863329637447500e-05 0.000000000000000000e+00 2.272216702699583379e+01 -2.336871540748205245e+00 0.000000000000000000e+00 1.224154139446979528e+01 0.000000000000000000e+00 0.000000000000000000e+00 0.000000000000000000e+00 0.000000000000000000e+00 0.000000000000000000e+00 0.000000000000000000e+00
-1.447475166386396417e+01 1.353555861152505635e+01 1.058274698024193405e+01 2.158789039491277251e+01 -9.619400905574442971e-05 -2.180558134760320854e+01 -2.117672758821018775e+01 3.000000000000000000e+01 1.006679081084606864e+01 0.000000000000000000e+00 1.873121130340271279e+01 2.474195114519664429e+01 1.881047482670146920e+01 2.526170779973066409e-06 0.000000000000000000e+00 3.938042014920183131e+00 -1.499340738518618821e+01 2.958513113974542739e-05 7.671355822705964833e+00 3.408658227842304656e-06 0.000000000000000000e+00 0.000000000000000000e+00 0.000000000000000000e+00 0.000000000000000000e+00 0.000000000000000000e+00
-2.694789423469677558e+01 -1.599951423049310506e+01 2.797554942082279084e+01 -1.250182882347800506e+00 -1.189957289054724605e-04 3.000000000000000000e+01 3.000000000000000000e+01 4.068695004096906764e+00 -1.238721926439029986e+01 0.000000000000000000e+00 -7.448482485787121909e+00 4.059444388978779017e+00 -1.290231712821115551e+01 3.219736708014352746e-05 -6.473273152623963797e-06 -1.997118561383592095e+01 -1.526512860211395939e+01 1.708551583506327126e-04 -8.481800181202082456e+00 -3.295567810814324433e-05 0.000000000000000000e+00 0.000000000000000000e+00 0.000000000000000000e+00 0.000000000000000000e+00 0.000000000000000000e+00
3.000000000000000000e+01 2.064155987935461312e+01 6.002670987580486228e-01 -2.507216661414232917e+01 -1.193083089761669751e-04 3.000000000000000000e+01 3.000000000000000000e+01 -1.844739461057853092e+01 1.822761120821410330e+01 0.000000000000000000e+00 1.736087640606810467e+01 -2.591724205830642802e+01 2.275924180654736517e+01 0.000000000000000000e+00 0.000000000000000000e+00 2.675647842227815687e+01 1.579109237307635283e+01 0.000000000000000000e+00 -2.248365579991365948e+01 0.000000000000000000e+00 0.000000000000000000e+00 0.000000000000000000e+00 0.000000000000000000e+00 0.000000000000000000e+00 0.000000000000000000e+00
3.000000000000000000e+01 -1.813384776973260770e+01 -2.227994687891311543e+01 9.018064603271920276e+00 0.000000000000000000e+00 1.797677377505402063e+01 -2.621029630858990433e+00 2.639188215733464560e+01 1.932418268741228573e+01 0.000000000000000000e+00 -1.020920111148222276e+01 2.535921271477688776e+01 1.951390009952869775e+01 -2.405863586477117861e-05 0.000000000000000000e+00 1.537715999628547259e+01 1.772234345126481614e+01 -1.390869742920222121e-04 -2.678573059637001563e+01 0.000000000000000000e+00 0.000000000000000000e+00 0.000000000000000000e+00 0.000000000000000000e+00 0.000000000000000000e+00 0.000000000000000000e+00
2.433540895401652548e+01 -3.000000000000000000e+01 -3.000000000000000000e+01 2.518995850895725042e+01 0.000000000000000000e+00 -3.257304222984094721e+00 -1.987032265362710248e+01 -1.827982705975558231e+00 7.505199640827434848e+00 0.000000000000000000e+00 -1.738808526241532348e+01 -2.291335717888857104e+01 -1.341824949134465816e+00 0.000000000000000000e+00 0.000000000000000000e+00 -1.313536317665368358e+01 4.677915792908760473e+00 -6.141352887183531567e-07 3.000000000000000000e+01 0.000000000000000000e+00 0.000000000000000000e+00 0.000000000000000000e+00 0.000000000000000000e+00 0.000000000000000000e+00 0.000000000000000000e+00
5.740802982542516197e+00 -2.780621287157140387e+01 3.000000000000000000e+01 1.835723233389767728e+01 0.000000000000000000e+00 -1.977410274600281070e+01 7.534059266179525594e+00 -2.826368293912711849e+01 2.036354054447471640e+00 0.000000000000000000e+00 2.665711844544528830e+01 2.856050046529423270e+01 -1.570630620719696502e+01 0.000000000000000000e+00 0.000000000000000000e+00 2.155126110818576279e+01 1.327103138001087501e+01 -1.675966243899317032e+00 2.556604425151947524e+01 0.000000000000000000e+00 -1.704213897620933116e+00 0.000000000000000000e+00 -1.498360110008061796e-01 0.000000000000000000e+00 0.000000000000000000e+00
-1.316713127348392121e+01 2.603733592918694839e+01 2.293134627760246858e+01 3.219473018990192781e+00 0.000000000000000000e+00 -2.687755300430976391e+01 2.259523533918266125e+01 3.000000000000000000e+01 -3.760498923479042244e+00 0.000000000000000000e+00 1.833242564658560880e+01 2.535443929809745711e+01 -1.965979952315191426e+01 0.000000000000000000e+00 0.000000000000000000e+00 2.141970360621160907e+01 -1.700941757540736177e+01 -1.099695942981600005e+01 1.119053785248250676e+01 0.000000000000000000e+00 -7.318196056271423444e+00 -3.086379846656058579e+00 -4.787034862986263128e+00 -4.388416357171135651e+00 0.000000000000000000e+00
-2.189916528100920701e+01 -1.782482577380683608e+01 5.222186651385140266e+00 -9.010929753430511724e+00 0.000000000000000000e+00 1.829435456304025109e+01 7.342677280631202841e+00 1.865378478964667153e+01 -8.697456903426251884e+00 0.000000000000000000e+00 9.805853911145730351e+00 -6.835418088391608471e+00 -2.348604501969445479e+01 0.000000000000000000e+00 0.000000000000000000e+00 -2.089958889576718715e+00 1.433296748699633127e+01 -5.333357286450874923e+00 9.740519006377008626e-01 0.000000000000000000e+00 -1.074306423122968823e+01 -1.676286037359164283e+01 -1.696163956248888383e+01 -1.121756285153775679e+01 0.000000000000000000e+00
2.196163848242108330e+01 -3.000000000000000000e+01 -8.260984107156131628e+00 -1.681368250042627821e+01 0.000000000000000000e+00 -2.374199438204921009e+01 -1.577871833778618438e+01 -3.052943555631920436e+00 -1.750869071376362029e+01 0.000000000000000000e+00 -1.330693408150339252e+01 1.826932265007966194e+01 2.641030358002822709e+01 0.000000000000000000e+00 0.000000000000000000e+00 -2.230439950267985694e+01 2.135658140098634306e+01 -2.081621198101020198e+01 -7.472953690880989264e+00 0.000000000000000000e+00 -1.124682841637191366e+01 -2.461645349809847261e+01 -1.271655190381816602e+01 -1.987411560496315488e+01 0.000000000000000000e+00
-6.078317406510693743e+00 -2.979368715075642982e+01 -1.870254577155396802e+01 -2.535276351440741749e+01 0.000000000000000000e+00 2.952339764439776815e+01 2.183561736977534906e+01 -1.944416915632259801e+01 -1.550797060959312823e+01 0.000000000000000000e+00 2.391420980343280789e+01 2.710965611725076219e+00 2.853154182059024890e+01 0.000000000000000000e+00 0.000000000000000000e+00 8.963293071597988160e+00 6.100108831341828797e+00 -3.000000000000000000e+01 -1.021551605558893883e+01 0.000000000000000000e+00 -1.366236159259628735e+01 -3.000000000000000000e+01 -2.341899260733687171e+01 -2.414329512676027534e+01 0.000000000000000000e+00
-2.408050364846391744e+01 -3.000000000000000000e+01 -3.000000000000000000e+01 -2.254374806444866763e+01 0.000000000000000000e+00 -1.584803823227648323e+01 3.664991724280983743e+00 -3.000000000000000000e+01 0.000000000000000000e+00 0.000000000000000000e+00 9.827593588322361740e+00 -1.709772755003767131e+01 1.692939228552658903e+01 0.000000000000000000e+00 0.000000000000000000e+00 -2.208638014421904217e+01 -1.700460062010461826e+01 -3.000000000000000000e+01 -1.771478333275788941e+01 0.000000000000000000e+00 -2.414302369852580199e+01 -3.000000000000000000e+01 -1.766270359934713241e+01 0.000000000000000000e+00 0.000000000000000000e+00
3.000000000000000000e+01 3.000000000000000000e+01 1.959271617494962214e+01 0.000000000000000000e+00 0.000000000000000000e+00 3.000000000000000000e+01 -1.228414508906533698e+01 3.000000000000000000e+01 1.024664370492523346e+01 0.000000000000000000e+00 1.275510458954599891e+01 -2.972748644608642010e+01 5.141483694771684654e+00 0.000000000000000000e+00 0.000000000000000000e+00 3.000000000000000000e+01 2.596236238257804629e+01 7.267950154803156870e+00 2.852522733081710005e+00 0.000000000000000000e+00 2.146983924017661138e+01 2.894536989093586854e+01 0.000000000000000000e+00 0.000000000000000000e+00 0.000000000000000000e+00
2.179587230652510854e+01 2.788770171150911281e+01 2.443752080466488863e+01 2.722571235097245790e+01 0.000000000000000000e+00 1.660099303532749815e+01 -3.000000000000000000e+01 1.980056064625823709e+01 2.032499233363034463e+01 0.000000000000000000e+00 8.456302233901404897e-01 1.921192909476631527e+01 -1.205179896130794015e+00 0.000000000000000000e+00 0.000000000000000000e+00 2.930250914267118034e+01 5.899762228224194160e+00 3.000000000000000000e+01 1.818671389382274484e+01 0.000000000000000000e+00 1.906280768390607960e+01 3.000000000000000000e+01 2.929504043368095267e+01 2.747003751355391898e+01 0.000000000000000000e+00
1.423269464226895842e+01 2.281789874928304585e+01 1.317519524183237145e+01 1.431599993848307228e+01 0.000000000000000000e+00 -1.418032629272889800e+01 2.784719145685597042e+01 1.546242727103849646e+01 1.459369905404861711e+01 0.000000000000000000e+00 -1.655080264258671363e+01 -6.205657433530435974e+00 -8.567699729590996682e+00 0.000000000000000000e+00 0.000000000000000000e+00 2.270851132403421246e+01 5.164249662773063854e+00 2.906686809961949436e+01 8.820331050527531858e+00 0.000000000000000000e+00 -4.737381642507453527e+00 3.000000000000000000e+01 1.964917263340252518e+01 2.494707978104203505e+01 0.000000000000000000e+00
1.281426534719379973e+01 9.946357764484657693e+00 0.000000000000000000e+00 6.064421537230597181e+00 0.000000000000000000e+00 -1.664139184589144449e+01 -4.142728760885928452e+00 -1.086206427574186506e+01 1.276231782344544108e+01 0.000000000000000000e+00 -2.618802656804622941e+01 2.057078017968429151e+01 -8.220681421947192646e+00 0.000000000000000000e+00 0.000000000000000000e+00 2.575790361834373599e+00 -6.001920864147970436e-01 2.667112762563147044e+01 3.725828748109952571e+00 0.000000000000000000e+00 2.273755413223335253e+01 3.000000000000000000e+01 1.378587730767278785e+01 1.918138412500559653e+01 0.000000000000000000e+00
9.050365409729288046e+00 3.952233102557050487e-02 5.341452140800630882e-02 0.000000000000000000e+00 0.000000000000000000e+00 1.799869757665681469e+00 2.665795046016916814e+01 -1.630068108678676708e+01 1.763688472207397773e+00 0.000000000000000000e+00 -3.000000000000000000e+01 1.296022909985278027e+01 -1.660653736759072174e+01 0.000000000000000000e+00 0.000000000000000000e+00 -1.598306437104610289e+01 -2.897326524176629192e+01 2.308591399277992195e+01 -1.207307085789583123e+00 0.000000000000000000e+00 1.909592300886922800e+01 2.270184624490374503e+01 3.942947143381571262e+00 1.232197259497471009e+01 0.000000000000000000e+00
1.031105907165034141e+00 2.094595477166086465e-06 0.000000000000000000e+00 0.000000000000000000e+00 0.000000000000000000e+00 6.079770672992284908e+00 3.000000000000000000e+01 2.093133388875719803e+01 -8.693086366922985420e+00 0.000000000000000000e+00 3.000000000000000000e+01 -3.283438491658363212e+00 1.075415086235219775e+01 0.000000000000000000e+00 0.000000000000000000e+00 9.290892369691205133e+00 1.939850760211368197e+01 5.914921529288690305e-01 -1.337399935613521507e+01 0.000000000000000000e+00 5.133640514413377431e+00 1.786543455864125463e+01 1.236751420772264254e+01 4.172316960744296033e+00 0.000000000000000000e+00
0.000000000000000000e+00 4.185893859179707569e-05 0.000000000000000000e+00 0.000000000000000000e+00 0.000000000000000000e+00 -6.571906222919542406e-01 1.646945232730319830e+01 -9.277094413805141215e+00 -1.318814486378343531e+01 0.000000000000000000e+00 2.813275942228803927e+01 -2.432307901412896811e+01 1.618785557723261093e+01 0.000000000000000000e+00 0.000000000000000000e+00 5.522871834686149839e+00 2.200374259673660049e+01 1.256525244318436663e+01 -2.407257482123478454e+01 0.000000000000000000e+00 -1.897926567716697477e+01 3.001355756400408303e+00 1.221630804815598381e+01 -8.267581841979772861e+00 0.000000000000000000e+00
0.000000000000000000e+00 3.161754298524470407e-05 0.000000000000000000e+00 0.000000000000000000e+00 0.000000000000000000e+00 -2.038632302435393484e+01 3.903183563250632870e-01 -2.783475881417241027e+01 -2.762833197148723841e+01 0.000000000000000000e+00 2.234719406113414664e+01 1.351982401282105606e+01 6.670699437692850786e+00 0.000000000000000000e+00 0.000000000000000000e+00 -2.005789226544664317e+01 2.528975832421772907e+01 1.875159776951821655e+01 -2.961991095537703700e+01 0.000000000000000000e+00 1.925256330888603173e+01 -1.543030538795083118e+01 -3.947229440103515063e+00 -1.838006770864051376e+01 0.000000000000000000e+00
0.000000000000000000e+00 0.000000000000000000e+00 0.000000000000000000e+00 0.000000000000000000e+00 0.000000000000000000e+00 -2.255510386884665408e+01 -1.288327487494513157e+01 -1.378135244197384601e+01 -2.934368315995456911e+01 0.000000000000000000e+00 2.456517313356444987e+01 -2.013727204614179911e+01 -5.633260541610044747e+00 -1.042218905900935817e-05 0.000000000000000000e+00 2.142194426482631542e+01 9.866270095402446927e+00 -2.679289112726486177e+00 2.779040341104555623e+01 0.000000000000000000e+00 -6.521664646087524275e+00 1.363847914892740931e+01 -1.878481330165807961e+01 -2.287466573179133533e+01 0.000000000000000000e+00
0.000000000000000000e+00 0.000000000000000000e+00 0.000000000000000000e+00 0.000000000000000000e+00 0.000000000000000000e+00 2.575083099607783410e+01 -2.404768433737509170e+01 2.910597823006162699e+01 3.000000000000000000e+01 0.000000000000000000e+00 8.474465150143718262e+00 1.734678522137728862e+01 -1.379194968495846574e+01 -2.701872167559344498e-05 0.000000000000000000e+00 -1.217714874403751679e+01 -1.160637424533942230e+01 -1.082563176512840730e+00 1.283410825713318282e+01 0.000000000000000000e+00 -2.049089476771478857e+01 2.068328058138633807e+01 -3.000000000000000000e+01 2.462550044422084383e+01 0.000000000000000000e+00
0.000000000000000000e+00 0.000000000000000000e+00 0.000000000000000000e+00 0.000000000000000000e+00 0.000000000000000000e+00 2.332652238173399439e+01 2.931553840163947555e+01 2.214019592859833097e+01 1.943547742188348693e+01 0.000000000000000000e+00 -2.255861702465612739e-01 2.238621414963288370e+00 1.366498284687269127e+01 0.000000000000000000e+00 0.000000000000000000e+00 -2.446187012214962309e+01 1.368779805387853443e+01 -1.581823813066335482e+01 -9.052054025856152153e-01 0.000000000000000000e+00 1.785115887186918826e+01 -1.162187253693946509e+01 1.181630590363990407e+01 2.322216662729456615e+01 0.000000000000000000e+00
0.000000000000000000e+00 0.000000000000000000e+00 0.000000000000000000e+00 0.000000000000000000e+00 0.000000000000000000e+00 1.394249407709730448e+01 2.674282415722750983e+01 1.063444737215000480e+01 1.073981332829210089e+01 0.000000000000000000e+00 -7.641834218398635414e+00 -1.834355525889797889e+01 6.985078545593719213e+00 -3.207898756677833281e-04 0.000000000000000000e+00 2.191116235472594198e+01 -4.670534998838834717e+00 2.895314302013794716e+01 -9.993598494588480818e+00 0.000000000000000000e+00 1.200023327743329915e+01 8.858147064405788029e+00 3.000000000000000000e+01 0.000000000000000000e+00 0.000000000000000000e+00
0.000000000000000000e+00 0.000000000000000000e+00 0.000000000000000000e+00 0.000000000000000000e+00 0.000000000000000000e+00 -9.355413267140511024e-01 1.182049491713538281e+01 3.030472033737587445e+00 1.516659596187436509e+00 0.000000000000000000e+00 -1.423093467463698936e+01 -6.424260760454730601e+00 -1.896223262960572242e+01 -1.284757191065063475e+00 0.000000000000000000e+00 5.399390229212238879e+00 -2.239347209256632354e+01 2.174740346708568595e+01 2.376060918988313375e+01 0.000000000000000000e+00 -5.303776111057025844e+00 -2.016563809137982943e+01 3.000000000000000000e+01 2.228541992688885998e+01 0.000000000000000000e+00
0.000000000000000000e+00 0.000000000000000000e+00 0.000000000000000000e+00 0.000000000000000000e+00 0.000000000000000000e+00 -1.098252452925824230e+01 4.846250816348015356e+00 5.341265729210177560e-02 0.000000000000000000e+00 -3.425461258779119778e+00 -6.446385614047618340e-01 1.465078386987459957e+01 1.149444493804787193e+01 -3.690919762740434429e+00 -5.891011356597783966e+00 -1.271964057749458199e+01 -4.511138596304951065e+00 8.926617605667440003e+00 1.044489255551318330e+01 0.000000000000000000e+00 -1.905597909686430214e+01 -2.028641117088071866e+01 3.755044255004110987e+00 -6.567563715745579955e+00 -7.910966223898197924e+00
0.000000000000000000e+00 0.000000000000000000e+00 0.000000000000000000e+00 0.000000000000000000e+00 0.000000000000000000e+00 -1.656026879160162579e+01 1.642899878895285048e-01 0.000000000000000000e+00 0.000000000000000000e+00 -5.664434863892469529e+00 -8.068318023775708170e+00 2.356404676370301843e+01 -2.633829134540302519e+01 -1.816644546172618035e+01 -2.946565062625539522e+00 -2.908263468162785159e+01 -4.894967350156096408e+00 3.923364567418270887e+00 1.003373344933825173e+01 -1.344959130509030487e+01 -2.466718168800136723e+01 2.679706609531746153e+01 1.306285638206099975e+01 1.523391693546214576e+01 -1.100726401013179157e+01
0.000000000000000000e+00 0.000000000000000000e+00 0.000000000000000000e+00 0.000000000000000000e+00 0.000000000000000000e+00 -1.965203601441278281e+01 0.000000000000000000e+00 0.000000000000000000e+00 -2.729068202968736312e+00 -1.936403048262403459e+01 -1.742627531342842673e+01 -9.062652747496372507e-01 -1.658290371004172670e+01 -1.575241596566493030e+01 -1.188121717113714126e+01 -7.773393823029331351e+00 -2.699151437497212669e+01 -1.149652602591135109e+00 1.836538823508788165e-01 -2.072070860379211865e+01 1.150589266115256581e+00 2.300403463000587578e+01 2.873823793617982147e+01 1.397820498539476475e+01 -1.210977790828426315e+01
0.000000000000000000e+00 0.000000000000000000e+00 0.000000000000000000e+00 0.000000000000000000e+00 0.000000000000000000e+00 -1.905330361690384322e+01 -7.045161985707845131e-01 0.000000000000000000e+00 -5.631618726278102116e+00 -2.039287210615205126e+01 -2.441127578664105258e+01 1.823288071895200346e+01 1.278182111919033304e+01 -2.862337671016036467e+01 -2.110170953796168902e+01 -2.782785657003493185e+01 -2.756483769238970538e+01 1.227718558731200726e+00 -1.898069180545742185e+01 -2.756974945714359393e+01 -2.222974753298638717e+01 -5.021387767452874240e-02 1.671846247060960877e+01 2.283757701152034247e+00 -1.746071409164513355e+01
0.000000000000000000e+00 0.000000000000000000e+00 0.000000000000000000e+00 0.000000000000000000e+00 0.000000000000000000e+00 0.000000000000000000e+00 -1.196514906266479805e+01 -2.063423257354157325e+00 -6.248379378626432334e+00 0.000000000000000000e+00 -1.136900841422409414e+01 4.867059537407261161e+00 1.991420837004349664e+01 0.000000000000000000e+00 -9.592539907019782319e+00 -2.531532525493087604e+01 -3.000000000000000000e+01 -8.355187669995753907e+00 -2.988247088708378740e+01 -2.911026872841573621e+01 -2.924453651020255407e+01 -8.673428820747817625e+00 0.000000000000000000e+00 -1.082281472626602969e+01 -2.481461768556150460e+01
