# yaw
0.000000000000000000e+00 0.000000000000000000e+00 0.000000000000000000e+00 0.000000000000000000e+00 3.000000000000000000e+01 0.000000000000000000e+00 -3.000000000000000000e+01 0.000000000000000000e+00 3.000000000000000000e+01 3.000000000000000000e+01 3.000000000000000000e+01 3.000000000000000000e+01 -2.685864688740142370e+01 -1.989673425743643520e+01 3.000000000000000000e+01 3.000000000000000000e+01 -2.789231686286069589e+01 1.083081695137261491e+01 3.000000000000000000e+01 3.000000000000000000e+01 3.000000000000000000e+01 2.563852101622821067e+00 -1.365551860248739402e+01 -2.986136958703729150e+01 -3.000000000000000000e+01
0.000000000000000000e+00 0.000000000000000000e+00 0.000000000000000000e+00 0.000000000000000000e+00 3.000000000000000000e+01 0.000000000000000000e+00 -3.000000000000000000e+01 0.000000000000000000e+00 3.000000000000000000e+01 3.000000000000000000e+01 2.701064479870339952e+01 3.000000000000000000e+01 -3.000000000000000000e+01 -2.670849693846654560e+01 3.000000000000000000e+01 3.000000000000000000e+01 2.368741356381602969e+01 1.430585536371506081e-02 -3.000000000000000000e+01 3.000000000000000000e+01 2.023325545374753176e+01 0.000000000000000000e+00 -3.000000000000000000e+01 -2.373755099077746777e+01 -3.000000000000000000e+01
0.000000000000000000e+00 0.000000000000000000e+00 0.000000000000000000e+00 0.000000000000000000e+00 2.379764359352834902e+01 0.000000000000000000e+00 3.000000000000000000e+01 0.000000000000000000e+00 2.257014702946104379e+01 3.000000000000000000e+01 1.184813704303146231e+01 1.967165493852594338e+01 3.000000000000000000e+01 2.816132393983276927e+01 3.000000000000000000e+01 2.251530712504392184e+01 1.632990104109862628e+01 -1.124908214121320027e+00 -3.000000000000000000e+01 2.256993389846206455e+01 1.346453929863674581e+01 -2.238023234718068011e+01 3.000000000000000000e+01 3.000000000000000000e+01 3.000000000000000000e+01
0.000000000000000000e+00 0.000000000000000000e+00 0.000000000000000000e+00 0.000000000000000000e+00 1.214605498105196979e+01 0.000000000000000000e+00 2.628352149789364489e+01 0.000000000000000000e+00 3.000000000000000000e+01 2.226578052071375424e+01 1.010372406535815726e+00 1.669240278257070997e+01 3.000000000000000000e+01 1.756960435090345385e+01 1.817803875553038040e+01 1.082538719837093666e+01 1.585421038242790681e+00 -2.390237533172385653e+01 -3.000000000000000000e+01 1.699076114899235890e+01 2.258088110324524500e+00 -2.280293903683580226e+01 3.000000000000000000e+01 3.000000000000000000e+01 3.000000000000000000e+01
0.000000000000000000e+00 0.000000000000000000e+00 0.000000000000000000e+00 0.000000000000000000e+00 -1.765175147020141777e+00 0.000000000000000000e+00 2.012074243510499016e+01 0.000000000000000000e+00 3.000000000000000000e+01 5.142422960848773705e+00 0.000000000000000000e+00 2.872736862182898587e+00 2.280405925378473597e+01 4.771650734383797499e+00 6.106488484278989048e+00 0.000000000000000000e+00 -1.593912052733824503e+01 2.729389279501193144e+01 2.829128632718327552e+01 2.921308533483601622e+01 0.000000000000000000e+00 0.000000000000000000e+00 3.000000000000000000e+01 3.000000000000000000e+01 1.428113031563402480e+01
0.000000000000000000e+00 0.000000000000000000e+00 0.000000000000000000e+00 0.000000000000000000e+00 -1.475597016673332007e+01 0.000000000000000000e+00 1.453512661549885898e+01 0.000000000000000000e+00 1.764817017295739987e+01 -6.719951120383835352e+00 0.000000000000000000e+00 0.000000000000000000e+00 2.065600525347033312e+01 -4.886511561689241390e+00 2.481902739970639971e+01 0.000000000000000000e+00 2.944576022650922198e+01 7.769415480454462397e+00 2.784864721486513872e+01 1.300974794955210623e+00 0.000000000000000000e+00 3.000000000000000000e+01 3.000000000000000000e+01 1.927418103895618984e+01 2.644851729275578123e+01
0.000000000000000000e+00 0.000000000000000000e+00 0.000000000000000000e+00 0.000000000000000000e+00 -2.543686861202969141e+01 0.000000000000000000e+00 6.569188756837453624e+00 0.000000000000000000e+00 2.969822790971855309e+00 -2.387904522965397902e+01 0.000000000000000000e+00 0.000000000000000000e+00 6.035509609497393235e+00 -2.206515317691651745e+01 1.314066705219460296e+01 0.000000000000000000e+00 -1.533363821737703603e+01 -2.094737667815146764e+01 2.455131854034023675e+01 2.474492528030375738e+01 0.000000000000000000e+00 2.755972698753058836e+01 1.837034314337622121e+01 -6.476975133491947645e+00 1.021572710571689235e+01
0.000000000000000000e+00 0.000000000000000000e+00 0.000000000000000000e+00 0.000000000000000000e+00 3.000000000000000000e+01 0.000000000000000000e+00 9.739459141001627351e-01 0.000000000000000000e+00 -1.270309234246858310e+01 2.959628019390695641e+01 0.000000000000000000e+00 0.000000000000000000e+00 2.873607709622603146e+00 2.486692120405804118e+01 -2.231495045618714101e+01 0.000000000000000000e+00 2.883255924707041373e+01 2.275242378753823758e+01 6.814658683024054087e-01 9.692136346421650339e-01 0.000000000000000000e+00 1.827944487365322246e+01 -1.599947637688639457e+00 2.641235904466922335e+01 3.001955101214614174e+00
0.000000000000000000e+00 0.000000000000000000e+00 0.000000000000000000e+00 0.000000000000000000e+00 2.220692476860613596e+01 0.000000000000000000e+00 -7.009839379200702325e+00 0.000000000000000000e+00 3.000000000000000000e+01 1.975538692337868341e+01 0.000000000000000000e+00 0.000000000000000000e+00 -2.256913665759379892e-02 -1.510843788576408775e+00 3.000000000000000000e+01 0.000000000000000000e+00 1.276620493872699669e+01 3.000000000000000000e+01 7.634318004418785719e+00 -1.704416625803144214e+01 0.000000000000000000e+00 3.284333640950376498e+00 -1.480451790896267106e+01 -1.810829208904541465e+00 -2.545749631836372018e+01
0.000000000000000000e+00 0.000000000000000000e+00 0.000000000000000000e+00 0.000000000000000000e+00 1.309180659431210181e+01 0.000000000000000000e+00 -1.735335314795295503e+01 0.000000000000000000e+00 1.406446432850895789e+01 1.590026054770674691e+01 0.000000000000000000e+00 0.000000000000000000e+00 -8.143135038987374230e+00 2.648399545096296848e+01 1.722639017765993330e+01 0.000000000000000000e+00 3.246756422334256542e-01 1.919252669290279556e+01 8.604264368736645352e+00 2.680476779168770562e+01 0.000000000000000000e+00 0.000000000000000000e+00 3.000000000000000000e+01 -2.078305949545392295e+01 2.161525446599835831e+01
0.000000000000000000e+00 0.000000000000000000e+00 0.000000000000000000e+00 0.000000000000000000e+00 -8.680379883565784382e+00 0.000000000000000000e+00 -2.697258818951480563e+01 0.000000000000000000e+00 -1.632518657897216130e+01 -1.887878490850035718e+01 0.000000000000000000e+00 0.000000000000000000e+00 -2.346210007649242257e+01 -7.487442714219787465e-01 7.415114699933632814e+00 0.000000000000000000e+00 -2.816056592981820903e-12 -3.239595819506570162e+00 -8.493881994809518332e+00 1.284102391207567351e+01 0.000000000000000000e+00 0.000000000000000000e+00 1.453972184123439071e+01 2.398334505303713726e+01 -1.079122021281885324e+01
0.000000000000000000e+00 2.476840747636543829e-04 0.000000000000000000e+00 0.000000000000000000e+00 -2.255458336422681143e+01 0.000000000000000000e+00 3.000000000000000000e+01 0.000000000000000000e+00 3.000000000000000000e+01 -1.638874176825991569e+01 0.000000000000000000e+00 0.000000000000000000e+00 -3.000000000000000000e+01 3.000000000000000000e+01 -1.626301648968258817e+01 0.000000000000000000e+00 -1.742225362948271794e+00 2.691835113340414054e+01 -2.562554962342859355e+01 -1.252584072115875280e+01 0.000000000000000000e+00 0.000000000000000000e+00 -1.503756216405956136e+00 1.319415476085801764e+01 -2.876739296732404227e+01
0.000000000000000000e+00 -1.257650923425625011e+00 0.000000000000000000e+00 -6.266221182428798997e+00 2.010449885522308122e+01 0.000000000000000000e+00 2.178504746253898361e+01 0.000000000000000000e+00 2.397701527290319845e+01 3.000000000000000000e+01 0.000000000000000000e+00 0.000000000000000000e+00 3.000000000000000000e+01 2.014081091373086707e+01 2.672104133395739112e+01 0.000000000000000000e+00 -1.155076391443186168e+01 1.350986881893741121e+01 3.000000000000000000e+01 -3.000000000000000000e+01 0.000000000000000000e+00 -6.267503160423605557e+00 -2.259911664214225624e+01 -6.864475235157463384e-01 -2.219352935664374726e+01
-2.039061877110684984e-01 -4.819095941857191256e+00 0.000000000000000000e+00 -1.143733646580425045e+01 -4.219086898850298972e+00 0.000000000000000000e+00 6.746220054372036756e+00 -1.755876799935604193e+00 5.348508603453056232e+00 2.886706658121857316e+01 0.000000000000000000e+00 0.000000000000000000e+00 2.437309513214596990e+01 -8.352809772567313829e+00 1.670211901028424606e+01 0.000000000000000000e+00 -1.923507429897508914e+01 1.286908988528528027e-07 1.366360925373506063e+01 2.443412876122842192e+01 0.000000000000000000e+00 -1.175421790740815808e+01 -2.259172930279094160e+01 -7.283529647727235989e+00 2.467136982883239682e+01
-4.811990839974042977e+00 -1.531562873898849197e+01 -8.137333215257529506e-01 -1.440469062781027354e+01 -2.690584727935522480e+01 0.000000000000000000e+00 3.780711773111609247e-02 -1.462742072637611912e+01 -1.542276663993998476e+01 1.412738112334974971e+01 0.000000000000000000e+00 0.000000000000000000e+00 2.257918411381076140e+01 1.978630245458868586e+01 2.036863627071659977e+01 0.000000000000000000e+00 -3.000000000000000000e+01 -5.514402121995091166e-01 -4.462132325589789339e-01 2.662467600257295075e+01 0.000000000000000000e+00 -1.700149284750186496e+01 3.000000000000000000e+01 -1.248448415953055424e+01 4.377167341673654732e+00
-1.710434790385555459e+01 -1.773417167387288274e+01 -1.314216664164966275e+01 -1.685023357906152341e+01 -3.000000000000000000e+01 0.000000000000000000e+00 -9.613207510648026366e-01 -2.380396167010846398e+01 2.122087155695088612e+01 -2.592829243076554047e+00 0.000000000000000000e+00 0.000000000000000000e+00 2.173365957133218984e+01 5.857688168245950289e-02 -3.266764772914991233e-01 0.000000000000000000e+00 3.000000000000000000e+01 -1.567217969330408245e+01 -1.620118835995304352e+01 1.779200340958633575e+01 0.000000000000000000e+00 -2.585508637297844814e+01 1.789503824681767341e+01 -1.633955991429515464e+01 -9.414424257881739422e+00
-2.671962605650656641e+01 -2.754381391640524512e+01 -2.450310611724059484e+01 -1.999791141714094778e+01 -3.000000000000000000e+01 0.000000000000000000e+00 -1.099385153501309453e+01 -3.000000000000000000e+01 1.076536223844595597e+01 -1.968448528854073842e+01 0.000000000000000000e+00 0.000000000000000000e+00 -1.515684716050111724e+01 -1.830511938110133752e-08 -1.778355634677895480e+01 0.000000000000000000e+00 1.729484091847420757e+01 -3.000000000000000000e+01 -3.000000000000000000e+01 -1.256218765266508264e+01 0.000000000000000000e+00 -3.000000000000000000e+01 4.083491968647231296e+00 -2.389294766723626395e+01 -1.917099472251592118e+01
-3.000000000000000000e+01 -3.000000000000000000e+01 -3.000000000000000000e+01 -3.000000000000000000e+01 3.000000000000000000e+01 0.000000000000000000e+00 -2.432249004638030598e+01 -3.000000000000000000e+01 -2.004892358000009089e+00 3.000000000000000000e+01 0.000000000000000000e+00 0.000000000000000000e+00 -2.092263321920064456e+01 -7.512881413910863060e+00 -3.000000000000000000e+01 0.000000000000000000e+00 1.670358582929909375e+01 3.000000000000000000e+01 3.000000000000000000e+01 -2.152047200599481869e+01 0.000000000000000000e+00 0.000000000000000000e+00 7.776555062678624543e-03 -3.000000000000000000e+01 -3.000000000000000000e+01
0.000000000000000000e+00 0.000000000000000000e+00 3.000000000000000000e+01 3.000000000000000000e+01 1.201039030198353963e+01 0.000000000000000000e+00 -2.718557880133119298e+01 3.000000000000000000e+01 -1.274968980967227239e+01 2.577899062557860077e+01 0.000000000000000000e+00 0.000000000000000000e+00 3.000000000000000000e+01 8.918194647021381982e+00 2.786829262352346603e+01 0.000000000000000000e+00 3.240818963804422137e-01 2.489503093910185072e+01 3.000000000000000000e+01 3.000000000000000000e+01 0.000000000000000000e+00 0.000000000000000000e+00 -4.269582832905767254e-09 3.000000000000000000e+01 3.000000000000000000e+01
3.000000000000000000e+01 3.000000000000000000e+01 3.000000000000000000e+01 2.598385329758585627e+01 1.407086137783819302e+00 0.000000000000000000e+00 3.000000000000000000e+01 3.000000000000000000e+01 -2.790627940202255886e+01 1.162080373395786381e+01 0.000000000000000000e+00 0.000000000000000000e+00 1.657455659974946371e+01 -9.666095661201317135e-01 1.904024944384310913e+01 0.000000000000000000e+00 -4.624711742495027367e-01 -1.717088460296363550e+01 1.910413514855329353e+01 1.995430140215809445e+01 0.000000000000000000e+00 3.000000000000000000e+01 0.000000000000000000e+00 3.000000000000000000e+01 2.409217349173918521e+01
2.719533108331912175e+01 2.392670391489076565e+01 2.027870088479033939e+01 3.000000000000000000e+01 -6.327618117686458099e+00 0.000000000000000000e+00 2.832254283462265576e+01 3.000000000000000000e+01 -3.000000000000000000e+01 -1.369657526578886220e+01 0.000000000000000000e+00 0.000000000000000000e+00 5.308944254967318255e-01 -3.000000000000000000e+01 3.000000000000000000e+01 0.000000000000000000e+00 -1.222051726247896219e+01 2.144541855660613905e+01 -4.711174082144530928e+00 1.254520295333678170e+01 0.000000000000000000e+00 2.744178796709750046e+01 0.000000000000000000e+00 2.231722794369603946e+01 8.549211168263880722e+00
1.960636676324796568e+01 2.202252049944786449e+01 3.000000000000000000e+01 2.357498319174969836e+01 2.256470873269050870e+01 0.000000000000000000e+00 2.255030426580112390e+01 3.000000000000000000e+01 3.000000000000000000e+01 3.000000000000000000e+01 0.000000000000000000e+00 0.000000000000000000e+00 -1.149852439877044115e-06 3.000000000000000000e+01 -3.000000000000000000e+01 0.000000000000000000e+00 -2.147912778826876945e+01 3.888192411993853792e+00 -3.000000000000000000e+01 1.947637112329765552e+00 0.000000000000000000e+00 2.069593722164528415e+01 0.000000000000000000e+00 1.839933467774360665e+01 0.000000000000000000e+00
0.000000000000000000e+00 1.764552041076636968e+01 1.533658839625908321e+01 -1.721603344280898895e+01 -1.076008631489022704e+01 0.000000000000000000e+00 1.071809225121521436e+01 1.403051757737589433e+01 3.000000000000000000e+01 -1.674769246172106207e+01 0.000000000000000000e+00 0.000000000000000000e+00 -1.461915755634633562e+01 5.041834086678285587e+00 -2.668646864177808098e+01 0.000000000000000000e+00 -3.000000000000000000e+01 0.000000000000000000e+00 -3.000000000000000000e+01 0.000000000000000000e+00 0.000000000000000000e+00 1.145759317608457550e+01 0.000000000000000000e+00 0.000000000000000000e+00 0.000000000000000000e+00
0.000000000000000000e+00 0.000000000000000000e+00 0.000000000000000000e+00 0.000000000000000000e+00 0.000000000000000000e+00 0.000000000000000000e+00 0.000000000000000000e+00 0.000000000000000000e+00 0.000000000000000000e+00 0.000000000000000000e+00 0.000000000000000000e+00 0.000000000000000000e+00 0.000000000000000000e+00 0.000000000000000000e+00 0.000000000000000000e+00 0.000000000000000000e+00 0.000000000000000000e+00 0.000000000000000000e+00 0.000000000000000000e+00 0.000000000000000000e+00 0.000000000000000000e+00 0.000000000000000000e+00 0.000000000000000000e+00 0.000000000000000000e+00 0.000000000000000000e+00
0.000000000000000000e+00 0.000000000000000000e+00 0.000000000000000000e+00 0.000000000000000000e+00 0.000000000000000000e+00 0.000000000000000000e+00 0.000000000000000000e+00 0.000000000000000000e+00 0.000000000000000000e+00 0.000000000000000000e+00 0.000000000000000000e+00 0.000000000000000000e+00 0.000000000000000000e+00 0.000000000000000000e+00 0.000000000000000000e+00 0.000000000000000000e+00 0.000000000000000000e+00 0.000000000000000000e+00 0.000000000000000000e+00 0.000000000000000000e+00 0.000000000000000000e+00 0.000000000000000000e+00 0.000000000000000000e+00 0.000000000000000000e+00 0.000000000000000000e+00
0.000000000000000000e+00 0.000000000000000000e+00 0.000000000000000000e+00 0.000000000000000000e+00 0.000000000000000000e+00 0.000000000000000000e+00 0.000000000000000000e+00 0.000000000000000000e+00 0.000000000000000000e+00 0.000000000000000000e+00 0.000000000000000000e+00 0.000000000000000000e+00 0.000000000000000000e+00 0.000000000000000000e+00 0.000000000000000000e+00 0.000000000000000000e+00 0.000000000000000000e+00 0.000000000000000000e+00 0.000000000000000000e+00 0.000000000000000000e+00 0.000000000000000000e+00 0.000000000000000000e+00 0.000000000000000000e+00 0.000000000000000000e+00 0.000000000000000000e+00
0.000000000000000000e+00 0.000000000000000000e+00 0.000000000000000000e+00 0.000000000000000000e+00 0.000000000000000000e+00 0.000000000000000000e+00 0.000000000000000000e+00 0.000000000000000000e+00 0.000000000000000000e+00 0.000000000000000000e+00 0.000000000000000000e+00 0.000000000000000000e+00 0.000000000000000000e+00 0.000000000000000000e+00 0.000000000000000000e+00 0.000000000000000000e+00 0.000000000000000000e+00 0.000000000000000000e+00 0.000000000000000000e+00 0.000000000000000000e+00 0.000000000000000000e+00 0.000000000000000000e+00 0.000000000000000000e+00 0.000000000000000000e+00 0.000000000000000000e+00
2.808488884763822924e+01 -2.073915299236284326e+01 0.000000000000000000e+00 -1.700412365761372113e+00 1.954277737071023324e+01 0.000000000000000000e+00 -2.548419662155495047e+01 -3.000000000000000000e+01 -1.567296525504844773e+01 -2.387062755146414972e+01 0.000000000000000000e+00 0.000000000000000000e+00 2.678425976615660531e+01 3.000000000000000000e+01 0.000000000000000000e+00 0.000000000000000000e+00 -2.207097726130495020e-03 2.559514086206979044e+01 0.000000000000000000e+00 0.000000000000000000e+00 0.000000000000000000e+00 0.000000000000000000e+00 -2.498863224395391569e+01 0.000000000000000000e+00 0.000000000000000000e+00
2.097530163806500525e+01 3.000000000000000000e+01 7.563875420418779250e+00 -9.125246874615404735e+00 1.494953484321423431e+01 0.000000000000000000e+00 -3.000000000000000000e+01 3.000000000000000000e+01 2.690520576491852012e+01 2.345163098570416693e+01 0.000000000000000000e+00 0.000000000000000000e+00 2.615983493494895029e+01 3.000000000000000000e+01 0.000000000000000000e+00 0.000000000000000000e+00 -6.264154858856205266e+00 -2.133880623177718761e+00 0.000000000000000000e+00 0.000000000000000000e+00 0.000000000000000000e+00 0.000000000000000000e+00 3.000000000000000000e+01 0.000000000000000000e+00 0.000000000000000000e+00
1.090538454640237731e+01 3.000000000000000000e+01 -1.930533802906469276e+01 -2.563685129929793405e+01 -1.117797493402890829e+01 0.000000000000000000e+00 3.000000000000000000e+01 3.000000000000000000e+01 -1.087805281793738921e-01 4.817503531294419439e+00 0.000000000000000000e+00 0.000000000000000000e+00 -6.258918637268998886e+00 3.000000000000000000e+01 -9.751001978076275747e-09 0.000000000000000000e+00 -2.583321090167252976e+01 -2.233083072377037226e+01 0.000000000000000000e+00 0.000000000000000000e+00 0.000000000000000000e+00 0.000000000000000000e+00 2.663391359199398067e+01 0.000000000000000000e+00 0.000000000000000000e+00
-7.402250103916672153e+00 2.614180342518742606e+01 1.428283313020626544e+01 2.103761593870205360e+01 1.868833477241027552e+01 -1.464601864149875076e-09 6.015419472373351617e+00 1.356344210850586052e+01 2.444736351421380505e+01 -5.395404257085096744e-10 0.000000000000000000e+00 0.000000000000000000e+00 2.449781334037417224e+01 1.903327284734691460e+01 -5.828389042369269468e+00 0.000000000000000000e+00 2.437397227961366042e+01 2.873122985905486715e+01 0.000000000000000000e+00 0.000000000000000000e+00 0.000000000000000000e+00 0.000000000000000000e+00 2.076016689069133392e+01 0.000000000000000000e+00 0.000000000000000000e+00
2.776867466693132158e+01 1.307008385235348236e+01 -8.187822855746512474e+00 1.476430670082614327e+01 -2.052450810275459148e+01 -5.580889745598191176e+00 2.427359847556258288e+01 -4.676443268703229350e+00 3.251715031734934147e+00 -6.713346982600494783e+00 -2.539245560159897774e+00 0.000000000000000000e+00 6.645390645527617934e+00 4.605975339881905661e+00 -1.137096515693119692e+01 0.000000000000000000e+00 7.444366424705683549e+00 1.094442159306148099e+01 0.000000000000000000e+00 0.000000000000000000e+00 0.000000000000000000e+00 0.000000000000000000e+00 5.576802335454251747e+00 0.000000000000000000e+00 0.000000000000000000e+00
2.685719264349580371e+01 4.100050442427855657e+00 1.509558393884073446e+01 -8.584845665463102904e+00 -9.943193138404298637e+00 -1.220266962239189645e+01 -2.083733425134010719e+00 -2.443304555370745490e+01 -1.102568319406837638e+01 -1.256105670710480382e+01 -6.852214073197798072e+00 -2.297464110393498959e-02 1.617922689469022046e+01 -9.177982710869189376e+00 -1.652201167048592723e+01 -1.451818199351483825e-13 -1.583475080148535596e+01 1.018622668938724135e-01 -2.888009710081350434e+00 0.000000000000000000e+00 0.000000000000000000e+00 0.000000000000000000e+00 2.927186167808751849e-01 0.000000000000000000e+00 0.000000000000000000e+00
-6.874253723707925090e+00 -1.743350125799539185e+01 -4.147202712581812278e+00 -1.035390721669788583e+01 -1.959245798243564352e+01 -1.626021592834391782e+01 1.278307843532998156e+01 -2.310021623771077515e+01 -1.875560060206021973e+01 -1.714449379582466548e+01 -1.117428704081604884e+01 -9.480211241931753463e+00 -1.836032623067596958e+01 -2.771592035934791554e+01 -2.304546469579721446e+01 -4.001673580274337283e+00 -2.789408794373663270e+01 1.175453113477984890e-17 -1.358715946888536230e+01 0.000000000000000000e+00 0.000000000000000000e+00 0.000000000000000000e+00 -6.275246928887933118e-01 0.000000000000000000e+00 0.000000000000000000e+00
-1.181885460477797523e+01 1.821787055538944244e+01 -1.170075925772518488e+01 -1.664994769441247513e+01 -2.658444870958502548e+01 -1.790926896527313161e+01 -6.363589684679687331e+00 1.917141166075187542e+01 -2.554269427009655402e+01 -2.324152379181523642e+01 -2.302409439121857559e+01 -2.166863410210320495e+01 3.000000000000000000e+01 -2.774330215399887223e+01 -3.000000000000000000e+01 -1.566051762165304062e+01 2.303048336434326160e+01 -1.492755766493340970e-02 -2.141562102885052354e+01 0.000000000000000000e+00 0.000000000000000000e+00 0.000000000000000000e+00 -1.282478772833565195e+01 0.000000000000000000e+00 0.000000000000000000e+00
-1.898777291923156341e+01 -5.998870468440232750e-01 -2.303599058911791531e+01 -2.411373623357070528e+01 -3.000000000000000000e+01 -2.349573073948678470e+01 -3.000000000000000000e+01 1.160062595777426209e+00 -3.000000000000000000e+01 -3.000000000000000000e+01 -3.000000000000000000e+01 -3.000000000000000000e+01 -2.589754054485951684e+01 2.428408219540224877e+01 -3.000000000000000000e+01 -3.000000000000000000e+01 4.726597363350483860e+00 -7.159870752988333642e+00 -1.915003891643710432e+01 0.000000000000000000e+00 0.000000000000000000e+00 0.000000000000000000e+00 -2.026508997393901979e+01 0.000000000000000000e+00 0.000000000000000000e+00
-2.804763626302928969e+01 8.057257974818840651e+00 -3.000000000000000000e+01 3.000000000000000000e+01 3.000000000000000000e+01 3.000000000000000000e+01 -3.000000000000000000e+01 2.751470627649120052e-10 3.000000000000000000e+01 3.000000000000000000e+01 3.000000000000000000e+01 3.000000000000000000e+01 -3.000000000000000000e+01 7.536793274635948059e+00 3.000000000000000000e+01 3.000000000000000000e+01 -1.707569170648156032e+01 -1.056744276984631270e+01 -3.000000000000000000e+01 0.000000000000000000e+00 0.000000000000000000e+00 0.000000000000000000e+00 -1.976610154113988571e+01 0.000000000000000000e+00 0.000000000000000000e+00
3.000000000000000000e+01 0.000000000000000000e+00 -3.000000000000000000e+01 2.132616278660629305e+01 3.000000000000000000e+01 2.642555893944108547e+01 3.000000000000000000e+01 -1.390383786746567152e+00 2.887390457768279006e+01 2.946637739162800074e+01 2.593153879437857512e+01 2.695269637957242281e+01 -3.000000000000000000e+01 0.000000000000000000e+00 3.000000000000000000e+01 2.716544936652049103e+01 -1.572535631752197283e+01 -1.964040847070355156e+01 3.000000000000000000e+01 0.000000000000000000e+00 0.000000000000000000e+00 0.000000000000000000e+00 -3.000000000000000000e+01 0.000000000000000000e+00 0.000000000000000000e+00
2.531003755855357440e+01 -9.147566626008312163e-01 3.000000000000000000e+01 1.549203220795686242e+01 2.209292360134427113e+01 2.051514236379787093e+01 1.830136445766611430e+01 -1.854622988331609790e+01 1.989146598940775590e+01 1.598629791748323470e+01 1.931671411408451178e+01 2.489229901456560512e+01 3.000000000000000000e+01 -1.574588208085248291e-10 2.242163782178108278e+01 1.591168868808603598e+01 -2.605040898759909496e+01 -3.000000000000000000e+01 2.830026003447833816e+01 0.000000000000000000e+00 0.000000000000000000e+00 0.000000000000000000e+00 3.000000000000000000e+01 0.000000000000000000e+00 0.000000000000000000e+00
2.308756689263643125e+01 -1.997137104054146306e+01 2.280830256912334519e+01 1.042529497449915432e+01 1.265613935213813157e+01 1.067881229447221791e+01 1.240173203833216387e-01 -8.895905116643177735e+00 4.222393231464457664e+00 1.474217600993164190e+01 3.000000000000000000e+01 6.502868617540742413e+00 2.449841734891475298e+01 3.641169931855972253e-16 1.894230100642712600e+01 1.081558905526532000e+00 3.000000000000000000e+01 3.000000000000000000e+01 2.553097157504069870e+01 0.000000000000000000e+00 0.000000000000000000e+00 0.000000000000000000e+00 3.000000000000000000e+01 0.000000000000000000e+00 0.000000000000000000e+00
1.958642433133755389e+01 1.989288309545567657e+01 3.000000000000000000e+01 1.058993545491328181e+00 4.888948747959611651e+00 -2.199476898737152908e+01 -1.601804337396690869e-02 -2.944498774814173814e+01 1.027865028941469694e+00 4.517899159146176125e+00 1.882366295068111839e+01 -3.367086814670495087e+00 2.032157129094913017e+01 -1.832615680141471415e-01 6.923826470625344065e+00 -1.198284367238971093e+01 1.984158306315724829e+01 2.359719065724491571e+01 2.089424484431723528e+01 0.000000000000000000e+00 0.000000000000000000e+00 0.000000000000000000e+00 2.192762942405553517e+01 0.000000000000000000e+00 0.000000000000000000e+00
2.621135453264319537e+01 -5.046658426596161151e-01 2.460078891039893989e+01 7.816410675693418415e-15 3.080274388901071969e+00 2.057208820877486488e+01 -1.191722156518700437e+01 3.000000000000000000e+01 4.005969939160467527e-11 0.000000000000000000e+00 3.002141140066772795e+00 -1.952613470176482835e+01 2.124420080956251411e+01 -1.623260920111041017e+01 2.729213797811653741e+00 -2.184769528076860823e+01 1.468386729583753159e+01 1.364887902710171197e+01 1.009036658259461561e+01 0.000000000000000000e+00 0.000000000000000000e+00 0.000000000000000000e+00 1.184561093150851541e+01 0.000000000000000000e+00 0.000000000000000000e+00
2.201211985812206962e+01 -1.916551972134927340e+01 1.945100805995739890e+01 -3.432393513049002243e-13 0.000000000000000000e+00 -2.376611454174843541e+00 1.907702886862387359e+01 3.000000000000000000e+01 1.665264702527862136e-13 0.000000000000000000e+00 -1.118693761604152925e+01 3.000000000000000000e+01 6.464442778220901076e+00 2.793314286025436033e+01 2.421960575973808056e-03 2.426110842577558557e+01 9.814426515882180624e+00 4.063750985084774392e+00 6.505124859931084913e+00 0.000000000000000000e+00 0.000000000000000000e+00 0.000000000000000000e+00 7.558005785532452059e+00 0.000000000000000000e+00 0.000000000000000000e+00
6.050253336004528748e+00 2.500730157619657490e+01 -4.908138467882684708e+00 -5.355762615712698676e-14 0.000000000000000000e+00 6.278958136129411116e+00 -5.890738206183461223e+00 2.725640377733888897e+01 -5.288802697788404380e-13 0.000000000000000000e+00 -2.077266951207362666e+01 2.651320032172536756e+01 2.552054104020549374e+01 -1.328775578993217010e+01 6.377608896899592259e-12 1.668396685366447940e+01 2.721782246859185128e-01 1.750515000909522254e-04 4.378244628144153938e-02 0.000000000000000000e+00 0.000000000000000000e+00 0.000000000000000000e+00 1.474058191469800883e-01 0.000000000000000000e+00 0.000000000000000000e+00
-4.793865032735236120e+00 -1.944270972025138600e-01 1.511055217378556570e+01 -1.353596960592022161e-12 0.000000000000000000e+00 -5.050527800709518012e+00 2.716089403483875486e+01 2.013097834386942253e+01 4.626237438628850409e-14 0.000000000000000000e+00 -1.077252390992030762e+01 2.023126859694107438e+01 1.244968523350127398e+01 2.693281451369430712e+01 1.324649903045802010e-13 3.933451977222334861e+00 -1.532482464007489043e+01 -1.155881047956266983e+01 -3.295492319793390450e-13 5.622791991138215490e-15 0.000000000000000000e+00 0.000000000000000000e+00 8.366596174221689007e-13 0.000000000000000000e+00 0.000000000000000000e+00
2.304654888884748587e+01 -1.718377254449339375e+01 1.357122866035973630e+01 1.682383599401073733e-13 0.000000000000000000e+00 -2.734008951964496248e+01 3.667557123594912483e+00 1.178463927275311640e+01 9.880524601396091150e-15 0.000000000000000000e+00 2.709373780572662938e+01 1.087313061001915848e+01 -5.512060980834717405e+00 1.517069240574607569e+01 -5.963411415338206902e-15 -1.882136933544306245e+01 2.143970908666076269e+01 2.840048548783675031e+01 -2.766591878674463130e-14 2.424513215582513162e-13 0.000000000000000000e+00 0.000000000000000000e+00 -1.974964336328940129e-13 0.000000000000000000e+00 0.000000000000000000e+00
1.548551312485247600e+01 -1.627726133545047915e+01 -1.507283161941218808e+01 -1.906466714815651129e-14 0.000000000000000000e+00 -2.547652209435372583e+01 -2.259031486255996413e+01 6.693022408555695524e-01 -1.314418446717641174e-14 0.000000000000000000e+00 2.594837687605677701e+01 -7.846249374141572197e+00 -2.315500984327423595e+01 -5.295460787076296860e+00 -2.992463755526296937e-13 2.382724420422734823e+01 -8.184137700912209823e+00 9.038099880881345527e+00 -3.190188634057714023e-01 0.000000000000000000e+00 0.000000000000000000e+00 0.000000000000000000e+00 -2.897561553816183633e+00 0.000000000000000000e+00 0.000000000000000000e+00
8.267820073712328632e-01 -2.757451410723651719e+01 -2.284108933714231071e+01 0.000000000000000000e+00 0.000000000000000000e+00 3.000000000000000000e+01 -2.460531121364232732e+01 3.725321748407596869e-12 6.418997080720060905e-17 0.000000000000000000e+00 3.846210537285229769e+00 -1.761920043887681864e+00 3.000000000000000000e+01 -2.284887825881095935e+01 0.000000000000000000e+00 8.712886884403589605e+00 -2.208989622908734773e+01 -2.022725222818110069e+01 -1.781640353903005192e+01 0.000000000000000000e+00 0.000000000000000000e+00 0.000000000000000000e+00 -1.475993018441040228e+01 0.000000000000000000e+00 0.000000000000000000e+00
-1.389219812740885551e+01 2.202313290417700742e+01 1.816011894158417661e+01 9.612587000794042319e-14 0.000000000000000000e+00 1.812214383350147173e+01 2.005029219541473395e+01 -6.304486480559773121e+00 -6.687434817868880237e-15 0.000000000000000000e+00 -1.918544797693616388e+01 1.052831315054128680e+01 1.733771366169336758e+01 -2.582242384375826205e+01 0.000000000000000000e+00 -9.892000800948354211e+00 2.204261373733573848e+01 2.819680306077571430e+01 -2.302748732664780817e+01 0.000000000000000000e+00 -6.255848617280246771e+00 -2.744912791808842845e-02 -2.939747295148380957e+01 0.000000000000000000e+00 0.000000000000000000e+00
-2.631023337206591961e+01 5.803946026991849472e+00 -3.209198624366077279e+00 0.000000000000000000e+00 0.000000000000000000e+00 8.722546808901226356e+00 4.480353007051174341e-01 -1.162312053695984027e+01 9.317519646277651798e-16 0.000000000000000000e+00 3.000000000000000000e+01 -1.682617976084167211e+01 1.526059010008653072e+00 2.359691739407012179e+01 0.000000000000000000e+00 -3.000000000000000000e+01 5.541283609816149536e+00 1.536653853365841549e+01 2.631949848415741755e+01 0.000000000000000000e+00 -1.122610091626168760e+01 -8.049364606003173606e+00 1.821184443127999941e+01 0.000000000000000000e+00 0.000000000000000000e+00
-3.000000000000000000e+01 1.194467174043796298e+01 -1.276847056146949377e+01 0.000000000000000000e+00 0.000000000000000000e+00 -3.948233975284052288e+00 -1.299977518399050425e+01 -1.647850588704557495e+01 -1.644660615186799893e-12 0.000000000000000000e+00 -2.479868222876893924e+01 1.675499031881260237e+01 -1.318935680438842795e+01 1.835305428219816548e+01 0.000000000000000000e+00 3.000000000000000000e+01 -2.876175923974255255e+01 7.341769278241000452e-01 9.585478100582388805e+00 0.000000000000000000e+00 -1.431181520114444083e+01 -1.580291094022530096e+01 7.537077004167001881e+00 -9.274383660983967481e-16 0.000000000000000000e+00
1.434966912128380123e+00 -2.033480674609096894e+01 -1.613230127552162685e+01 -1.885870556821622055e-14 0.000000000000000000e+00 -2.851433734037266632e+01 1.210396918875644090e+01 -2.322000769228617401e+01 -2.862577250118994802e-16 0.000000000000000000e+00 3.000000000000000000e+01 -5.129744358514144231e+00 -2.201451183566421932e+01 4.465845877514296625e+00 0.000000000000000000e+00 3.000000000000000000e+01 3.247093521979149688e-01 -1.254385087576916646e+01 -1.849288122874778395e+00 0.000000000000000000e+00 -1.598471249208472322e+01 -2.359923539605567555e+01 -1.227960188647260509e+01 -9.586835935938694320e+00 -6.169838662173847688e-01
-3.000000000000000000e+01 -2.558330882161619257e+01 -2.332709957641291254e+01 0.000000000000000000e+00 0.000000000000000000e+00 -1.080807486778273052e+01 -8.742096100130675396e+00 -3.000000000000000000e+01 0.000000000000000000e+00 0.000000000000000000e+00 3.000000000000000000e+01 -7.356547895345438626e+00 3.000000000000000000e+01 1.751253788473832534e-15 0.000000000000000000e+00 2.007062278584672299e+01 -1.994639248339443327e+01 -2.468275022479102887e+01 -1.510650772809093390e+01 0.000000000000000000e+00 -1.907631296107913954e+01 -3.000000000000000000e+01 -1.395098524942354956e+01 -2.118965861697576614e+01 -1.464372358131191376e+01
-3.000000000000000000e+01 -3.000000000000000000e+01 -3.000000000000000000e+01 0.000000000000000000e+00 0.000000000000000000e+00 -2.544013535086920541e+01 -3.000000000000000000e+01 -3.000000000000000000e+01 0.000000000000000000e+00 0.000000000000000000e+00 8.335466580420595406e+00 -1.728869829000411329e+01 1.736579833933925343e+01 -1.497882561791287870e+00 0.000000000000000000e+00 2.623009575156488804e+00 3.000000000000000000e+01 3.000000000000000000e+01 -3.000000000000000000e+01 0.000000000000000000e+00 -2.680681812263753017e+01 -3.000000000000000000e+01 -2.498533380699947060e+01 -3.000000000000000000e+01 -3.000000000000000000e+01
3.000000000000000000e+01 3.000000000000000000e+01 3.000000000000000000e+01 -1.437838777334540295e-06 0.000000000000000000e+00 3.000000000000000000e+01 2.980701275033445086e+01 3.000000000000000000e+01 -4.081919715496770219e-11 0.000000000000000000e+00 3.927365200894869623e+00 -3.000000000000000000e+01 8.230120556387390707e+00 -1.369895433117416061e+01 0.000000000000000000e+00 -7.334592098436787388e+00 1.975802599740019616e+01 1.951916509924834742e+01 3.000000000000000000e+01 0.000000000000000000e+00 3.000000000000000000e+01 3.000000000000000000e+01 2.384136030988501886e+01 3.000000000000000000e+01 3.000000000000000000e+01
3.000000000000000000e+01 2.913887342384960633e+01 3.000000000000000000e+01 0.000000000000000000e+00 0.000000000000000000e+00 2.282898657743494297e+01 2.150331158608209137e+01 3.000000000000000000e+01 -1.562673115630585695e-08 0.000000000000000000e+00 1.329305439270922840e+01 3.000000000000000000e+01 1.479793386779905573e+00 -1.844666788200764529e+01 0.000000000000000000e+00 -1.692565411642947737e+01 -8.274545083222092146e+00 3.087164134738161536e+00 1.866609884486921089e+01 0.000000000000000000e+00 2.696223817815527823e+01 3.000000000000000000e+01 1.486654845691434446e+01 2.581095013395361448e+01 2.380109615763221242e+01
2.526493457687611865e+01 1.938970576981536453e+01 1.770357541073317975e+01 0.000000000000000000e+00 0.000000000000000000e+00 1.675570325461905341e+01 -2.566022174048555371e+00 2.175017915113188494e+01 -3.389078793700566418e-08 0.000000000000000000e+00 -7.210312522805518043e+00 3.000000000000000000e+01 -3.005351326744464537e-10 -3.000000000000000000e+01 0.000000000000000000e+00 -2.233481851671036011e+01 -2.479446861920215639e+01 7.696774639496377565e-07 3.024562044106445580e+00 0.000000000000000000e+00 3.000000000000000000e+01 3.000000000000000000e+01 -1.148886293233606537e+01 1.848197400755672248e+01 1.220260513254124746e+01
1.806712871119682617e+01 4.020798940407454225e+00 1.069842610005850680e+01 0.000000000000000000e+00 0.000000000000000000e+00 1.262081856330484975e+01 3.000000000000000000e+01 2.192143232513660678e+01 -4.502099942142099314e-08 0.000000000000000000e+00 1.628094763303421288e+01 3.000000000000000000e+01 -9.038791225954000419e-01 3.000000000000000000e+01 0.000000000000000000e+00 -3.000000000000000000e+01 1.725800477001786604e+01 -2.735283547538653881e+00 -3.600314818769692060e-01 0.000000000000000000e+00 2.307506077658582555e+01 3.000000000000000000e+01 2.146961210846964008e+01 2.254098217971413121e+01 -2.122485802876870054e+00
5.166093399057716695e+00 0.000000000000000000e+00 8.042846198334444807e+00 0.000000000000000000e+00 0.000000000000000000e+00 5.672678947407952421e+00 3.000000000000000000e+01 8.976652147566992923e+00 4.807646538291386203e-10 0.000000000000000000e+00 -9.479526161920048821e+00 1.311002388657539086e+01 -1.337391543642786118e+01 1.671515620845428174e+01 -1.296577244224531958e-13 -3.000000000000000000e+01 -9.569849293516776711e+00 -1.526636034806654152e+01 -9.491886490209688887e+00 0.000000000000000000e+00 1.384771154866907050e+00 2.760892579069128416e+01 4.802027973720300880e-01 -4.083095463159164495e+00 -1.631820246770740113e+01
9.553701498980561313e-01 0.000000000000000000e+00 3.852471838954076855e-01 0.000000000000000000e+00 0.000000000000000000e+00 3.933463835703187182e-16 2.661079515789506189e+01 1.315448424820739204e+00 1.173906088949562644e-08 0.000000000000000000e+00 -1.901907488151248415e+01 -1.665073451611582200e+01 -2.855382580253379743e+01 3.694587474716321207e+00 0.000000000000000000e+00 2.696986303984457223e+01 2.432834153585351444e+01 -3.000000000000000000e+01 -2.649859008684601491e+01 0.000000000000000000e+00 -1.400457706985160122e+01 1.193189639905543942e+01 -1.283373836460049233e+01 -1.829921422581031720e+01 -2.420008886703298501e+01
0.000000000000000000e+00 0.000000000000000000e+00 0.000000000000000000e+00 0.000000000000000000e+00 0.000000000000000000e+00 0.000000000000000000e+00 1.494095079559840222e+01 0.000000000000000000e+00 -2.991259046232297005e-08 0.000000000000000000e+00 1.226914613019016720e+01 3.000000000000000000e+01 3.000000000000000000e+01 -1.559934114631157520e+01 0.000000000000000000e+00 2.033867866289399728e+01 1.386946648163779106e+00 -3.000000000000000000e+01 3.000000000000000000e+01 0.000000000000000000e+00 3.000000000000000000e+01 -7.056526176869277744e-01 -2.598919265478452090e+01 3.000000000000000000e+01 2.224589388601248885e+01
0.000000000000000000e+00 0.000000000000000000e+00 0.000000000000000000e+00 0.000000000000000000e+00 0.000000000000000000e+00 0.000000000000000000e+00 -4.487381541733284074e+00 0.000000000000000000e+00 -7.861404740325323296e-10 0.000000000000000000e+00 -1.366888096979804068e+01 -1.793327846973028628e+01 1.294123433927228817e+01 -2.910882376811249372e+01 -2.053143865646298913e-15 2.754039140295399335e+01 -9.431045899555975609e+00 -2.633704644404785356e+01 1.878070072246027067e+01 0.000000000000000000e+00 2.466131859451283503e+01 -1.080966921286387006e+01 -3.000000000000000000e+01 1.954601447383265977e+01 1.343576341846426736e+01
0.000000000000000000e+00 0.000000000000000000e+00 0.000000000000000000e+00 0.000000000000000000e+00 0.000000000000000000e+00 0.000000000000000000e+00 -1.930689517869066663e+01 -2.112495301325833671e-09 8.065984060212787133e-11 0.000000000000000000e+00 1.098719883777959616e+01 -2.404122372381057460e+01 -2.261370231708752598e+01 3.000000000000000000e+01 0.000000000000000000e+00 1.184244358150972154e+01 -1.969659638126013590e+01 -3.000000000000000000e+01 3.527151485507795670e-01 0.000000000000000000e+00 4.935254409763143890e+00 -2.325909298925082780e+01 2.875779404711900256e+01 2.241144064174637407e+01 -7.362247872931740211e+00
0.000000000000000000e+00 0.000000000000000000e+00 0.000000000000000000e+00 0.000000000000000000e+00 0.000000000000000000e+00 0.000000000000000000e+00 -2.675485429780544422e+01 0.000000000000000000e+00 2.400661036478262041e-10 0.000000000000000000e+00 -1.421353439677729824e+01 2.518700572310287100e+01 -3.000000000000000000e+01 2.382602948072516114e+01 -1.769150425397908231e-15 -1.376865430837511006e+01 2.268813384069992978e+01 3.000000000000000000e+01 -1.426040229942392834e+01 0.000000000000000000e+00 2.787125563401241735e+00 3.000000000000000000e+01 1.897108542231005046e+01 6.840001278525247308e+00 -2.114887598898017984e+01
0.000000000000000000e+00 0.000000000000000000e+00 0.000000000000000000e+00 0.000000000000000000e+00 0.000000000000000000e+00 0.000000000000000000e+00 3.000000000000000000e+01 0.000000000000000000e+00 1.786729817829349773e-11 0.000000000000000000e+00 -2.421439113308663948e+01 1.852108616635773686e+01 2.860907299894269329e+01 1.020130308364088467e+00 2.451303006673679948e-18 9.764728750913377553e+00 2.742151354014802367e-01 3.000000000000000000e+01 2.400664767073329031e+01 0.000000000000000000e+00 -1.796850820243690805e+01 3.000000000000000000e+01 2.060339796330725193e+01 -1.386124760743433981e+01 2.092187661623914607e+01
0.000000000000000000e+00 0.000000000000000000e+00 0.000000000000000000e+00 0.000000000000000000e+00 0.000000000000000000e+00 0.000000000000000000e+00 3.000000000000000000e+01 0.000000000000000000e+00 -2.051942661934356599e-08 0.000000000000000000e+00 2.136816656687605231e+01 9.666574324534877860e+00 1.949148817446522841e+01 -2.024785218191031078e+01 -1.027543183625463789e-10 -1.545636846830226174e+00 3.000000000000000000e+01 3.000000000000000000e+01 -4.515963515712051901e+00 0.000000000000000000e+00 -1.771994585360161878e+01 3.000000000000000000e+01 -1.089838267182394915e+01 -2.728950442779948915e+01 5.299394187723073024e+00
0.000000000000000000e+00 0.000000000000000000e+00 0.000000000000000000e+00 0.000000000000000000e+00 0.000000000000000000e+00 3.660611905912232610e-12 1.926213480598699945e+01 0.000000000000000000e+00 -1.029899468574915655e+00 0.000000000000000000e+00 -4.533133238431553913e+00 2.023848430270457771e-02 1.383217011789180617e+01 2.601011575496061212e+01 -1.661790775095626107e-10 -1.987822273258023742e+01 1.673296804794201265e+01 2.051764923496778437e+01 1.958677311000341703e+01 -5.895959283214230240e+00 2.230994666313882746e+01 1.899622422807912514e+01 2.707769498109232131e+01 2.577983782220655584e+01 2.436711849395859275e+01
0.000000000000000000e+00 0.000000000000000000e+00 0.000000000000000000e+00 0.000000000000000000e+00 0.000000000000000000e+00 0.000000000000000000e+00 1.469603234690315041e+01 0.000000000000000000e+00 -3.865851500701788179e+00 -1.815243005236319984e-01 3.000000000000000000e+01 -5.584246247984607336e+00 1.171750139329056362e+00 3.270709155587781858e+00 -7.373977818451193933e+00 2.400079470425853856e+01 1.568134735671346258e-02 2.870126413683472322e+01 -1.294964684308021141e+01 -1.105829801559455028e+01 8.239956112175153891e+00 1.611348981926869328e+01 2.343814316576743106e+00 1.904866942635406346e+01 1.629435748068794965e+01
0.000000000000000000e+00 0.000000000000000000e+00 0.000000000000000000e+00 0.000000000000000000e+00 -2.155880100176393199e+00 0.000000000000000000e+00 3.825268575376536528e+00 0.000000000000000000e+00 -1.169536840757424478e+01 -1.035090579885661199e+01 1.093266794460332569e+01 -1.252327005463413556e+01 -3.834090336335872849e-03 -1.346565272052489881e+01 -1.549280259340803667e+01 -2.129999782700570066e+01 -4.644809625315200030e+00 1.293753355348717449e+01 -1.200991071084995632e+01 -1.460325398009833897e+01 1.431546585557927109e+01 -9.952109379333656136e+00 1.669649827730193081e+01 1.329447453153139591e+01 -1.096044848738731048e+01
0.000000000000000000e+00 0.000000000000000000e+00 0.000000000000000000e+00 0.000000000000000000e+00 -1.587574219659787822e+01 0.000000000000000000e+00 -4.878308272710947691e+00 0.000000000000000000e+00 -2.162415349166813172e+01 -1.822037801187612516e+01 -1.028090922546204311e+01 -1.832455186603716513e+01 -2.242296229814032316e+00 3.000000000000000000e+01 -2.375676532106288974e+01 -3.000000000000000000e+01 -2.774912234185588389e+01 -1.927972171681038560e+01 -2.572733374376895910e+01 -1.694269374848729015e+01 1.874948205435586823e+00 -2.170880394519371848e+01 2.308801047951733465e-02 -6.841273508383368451e+00 -8.556652380798963620e+00
0.000000000000000000e+00 0.000000000000000000e+00 0.000000000000000000e+00 0.000000000000000000e+00 -2.982104428112936745e+01 0.000000000000000000e+00 -1.379233909070501340e+01 0.000000000000000000e+00 -2.685162739619167382e+01 -2.631666848843970641e+01 -2.315670881013131321e+01 -2.595259444714163166e+01 -1.169591962010434116e+01 1.507695325493844329e+01 -3.000000000000000000e+01 -2.428194740025173104e+01 2.324975474838171507e+01 3.000000000000000000e+01 3.000000000000000000e+01 -2.000175060017183171e+01 -1.651020445862908304e+01 2.813401357464832842e+01 -4.331143966641262999e+00 -1.239861540853822852e+01 -2.642969035807462674e+01
0.000000000000000000e+00 0.000000000000000000e+00 0.000000000000000000e+00 0.000000000000000000e+00 -3.000000000000000000e+01 0.000000000000000000e+00 -2.231871247950127213e+01 0.000000000000000000e+00 -3.000000000000000000e+01 -3.000000000000000000e+01 -3.000000000000000000e+01 -3.000000000000000000e+01 -1.364214886373626356e+01 -9.997989539881761090e+00 -3.000000000000000000e+01 -3.000000000000000000e+01 -1.255167613072177701e+01 2.361020185838558305e+01 -3.000000000000000000e+01 -2.731268144608603521e+01 -2.173709450576797408e+01 2.174129344429562138e+01 -2.413456488150150747e+01 -1.604821702070160683e+01 -3.000000000000000000e+01
