# yaw
0.000000000000000000e+00 0.000000000000000000e+00 0.000000000000000000e+00 0.000000000000000000e+00 0.000000000000000000e+00 0.000000000000000000e+00 3.000000000000000000e+01 0.000000000000000000e+00 -1.272392844813058055e+01 3.000000000000000000e+01 3.000000000000000000e+01 2.771274937612630396e+01 -1.563755689956112427e+01 3.000000000000000000e+01 3.000000000000000000e+01 3.000000000000000000e+01 -2.537733497451107567e+01 5.449798568492038309e-02 -2.845448993706620744e-01 3.000000000000000000e+01 3.000000000000000000e+01 -1.371112715775402968e+01 -2.682051235175571868e+00 -2.621170217230989863e+01 3.000000000000000000e+01
0.000000000000000000e+00 0.000000000000000000e+00 0.000000000000000000e+00 0.000000000000000000e+00 0.000000000000000000e+00 3.000000000000000000e+01 3.000000000000000000e+01 0.000000000000000000e+00 -2.449922086003054389e+01 2.447614490600101078e+01 2.472116482141322180e+01 8.202419858145100662e+00 -2.048195149142849303e+01 3.000000000000000000e+01 3.000000000000000000e+01 2.729452315943288454e+01 3.000000000000000000e+01 -3.148462283455310207e+00 -2.212821625537877779e+01 3.000000000000000000e+01 2.171413061121842247e+01 -3.000000000000000000e+01 -1.802440795617132352e+01 -2.540264022971760838e+01 3.000000000000000000e+01
0.000000000000000000e+00 0.000000000000000000e+00 0.000000000000000000e+00 0.000000000000000000e+00 0.000000000000000000e+00 2.874885778248856028e+01 2.039030822746918759e+01 0.000000000000000000e+00 -2.733199492079943838e+01 5.280116662294399354e+00 1.691542752607410804e+01 -1.582384828974666036e+01 0.000000000000000000e+00 3.000000000000000000e+01 3.000000000000000000e+01 1.929427899015150416e+01 -2.663740841298979944e+01 -1.939073955734521704e+01 3.000000000000000000e+01 3.000000000000000000e+01 1.530824236199513599e+01 -3.000000000000000000e+01 3.000000000000000000e+01 2.921518706819721700e+01 1.812000895335433626e+01
0.000000000000000000e+00 0.000000000000000000e+00 0.000000000000000000e+00 0.000000000000000000e+00 0.000000000000000000e+00 1.558791715395859967e+01 1.254596819758879178e+01 0.000000000000000000e+00 3.000000000000000000e+01 -1.148189334884906820e+01 3.766351665037411589e+00 -3.000000000000000000e+01 2.031496626817632745e+01 3.000000000000000000e+01 2.265009637007772625e+01 5.623500357163654151e+00 -3.000000000000000000e+01 1.893244396987234524e+01 1.142185371029852625e+01 2.006816088467156689e+01 1.415528658840425891e+01 3.000000000000000000e+01 1.840209025499357054e+01 2.432267568457230666e+01 1.309232196351968902e+01
0.000000000000000000e+00 0.000000000000000000e+00 0.000000000000000000e+00 0.000000000000000000e+00 0.000000000000000000e+00 1.785978049914164245e+01 9.338623819835223827e+00 0.000000000000000000e+00 2.252067581104045502e+01 -2.566868993810107469e+01 0.000000000000000000e+00 3.000000000000000000e+01 1.649572898123955866e+01 3.000000000000000000e+01 9.836484461776864308e+00 0.000000000000000000e+00 3.000000000000000000e+01 -1.207338927521072591e+01 -9.702861226614138968e-01 1.457116050076838221e+01 1.022641447504109102e+01 3.000000000000000000e+01 2.132771102050401879e+01 2.811488378905678687e+01 -5.425315955724860473e+00
0.000000000000000000e+00 0.000000000000000000e+00 0.000000000000000000e+00 0.000000000000000000e+00 0.000000000000000000e+00 2.869226585514026873e+00 8.501079746583213748e+00 0.000000000000000000e+00 2.286707570789049626e+01 3.000000000000000000e+01 0.000000000000000000e+00 3.000000000000000000e+01 1.091468856020940770e+01 1.611815392324917084e+01 4.245288296919890847e+00 0.000000000000000000e+00 3.250744864163764625e+00 2.008458976479066393e+01 1.823189336165368957e+01 4.711416328518932772e+00 4.841971780638137268e+00 3.000000000000000000e+01 5.743068434093965280e+00 1.545819313471272416e+01 1.446079454446244839e+01
0.000000000000000000e+00 0.000000000000000000e+00 0.000000000000000000e+00 0.000000000000000000e+00 0.000000000000000000e+00 1.743417637098866739e-08 3.004429638737155656e-02 0.000000000000000000e+00 2.179792951822942371e+01 3.000000000000000000e+01 0.000000000000000000e+00 3.000000000000000000e+01 5.771351202903166389e+00 6.814477792711641335e+00 -1.405335939692673186e+01 0.000000000000000000e+00 -2.463227821684924024e+01 -1.041472356852210801e+01 6.907937805161607159e+00 2.144780677309480410e+01 0.000000000000000000e+00 2.480706973926898584e+01 1.117215926119102676e+01 1.275474403802673962e+01 -5.509056416980310900e+00
0.000000000000000000e+00 0.000000000000000000e+00 0.000000000000000000e+00 0.000000000000000000e+00 0.000000000000000000e+00 0.000000000000000000e+00 1.889897638214277430e-11 0.000000000000000000e+00 1.566205313046545378e+01 2.797376364225217316e+01 0.000000000000000000e+00 1.793999684400619543e+01 0.000000000000000000e+00 -1.615099161166212838e+01 2.951250074381547961e+01 0.000000000000000000e+00 3.000000000000000000e+01 7.534135878522141283e+00 1.383788978261417313e+01 -4.646822433677019859e+00 0.000000000000000000e+00 1.033526538560149888e+01 -7.896234363677697488e+00 -1.038594751763059776e+01 1.186421685834776518e+01
0.000000000000000000e+00 0.000000000000000000e+00 0.000000000000000000e+00 0.000000000000000000e+00 0.000000000000000000e+00 0.000000000000000000e+00 -1.676850134180623002e-13 0.000000000000000000e+00 7.316444590747697596e+00 2.354350097988402624e+01 0.000000000000000000e+00 8.379604155115957909e+00 4.059507700168297551e-12 2.391756000784501168e+01 1.120969478656577500e+01 0.000000000000000000e+00 2.245490354378222975e+01 2.344743651784405358e+01 -1.202396063315564412e+01 1.110388818923168230e+01 0.000000000000000000e+00 -4.093000548528181071e+00 2.641963572709896013e+01 -2.075327357580220067e+01 -7.069422940831101343e+00
0.000000000000000000e+00 0.000000000000000000e+00 0.000000000000000000e+00 0.000000000000000000e+00 0.000000000000000000e+00 0.000000000000000000e+00 1.783388613438883058e-12 0.000000000000000000e+00 0.000000000000000000e+00 3.000000000000000000e+01 0.000000000000000000e+00 0.000000000000000000e+00 -6.611533059756041775e-01 -2.231460205449808853e+01 2.038533294568519949e+01 0.000000000000000000e+00 8.625345507425887348e+00 -2.566797932159343887e+01 0.000000000000000000e+00 1.686614493187720498e+01 0.000000000000000000e+00 -1.586480373947690303e+01 -4.872873585867099067e+00 -2.713777706411208257e+01 -2.072621734311286090e+01
0.000000000000000000e+00 0.000000000000000000e+00 0.000000000000000000e+00 0.000000000000000000e+00 0.000000000000000000e+00 0.000000000000000000e+00 2.395806233913067383e-11 -5.212286737456148616e-11 -5.140964699689330786e+00 2.238241425763859027e+01 0.000000000000000000e+00 -2.685734184919563283e+00 -1.096631671063556723e+01 2.795849271200690467e+01 -5.182600803399376233e+00 0.000000000000000000e+00 3.807216873077677848e-03 1.866952698005119515e+01 7.285633491901485570e+00 1.215978852563399748e+01 0.000000000000000000e+00 -2.246755112258912135e+01 8.062603353380373150e+00 3.000000000000000000e+01 -2.527613826952416431e+01
0.000000000000000000e+00 0.000000000000000000e+00 0.000000000000000000e+00 0.000000000000000000e+00 0.000000000000000000e+00 0.000000000000000000e+00 -2.425852024394130516e-11 0.000000000000000000e+00 -1.181588287399679338e+01 -1.729319917859124311e+00 0.000000000000000000e+00 -1.303787011557415099e+01 -1.996879794663900043e+01 4.491235760434126867e+00 6.572069239435524679e+00 0.000000000000000000e+00 0.000000000000000000e+00 -1.184695385832420023e+01 2.755489295519787163e+01 -1.184717659732537243e+01 0.000000000000000000e+00 3.000000000000000000e+01 -4.973126704095466977e+00 3.000000000000000000e+01 3.000000000000000000e+01
0.000000000000000000e+00 -7.355432017355809649e-01 -1.065019900161836341e+00 0.000000000000000000e+00 -2.938139557490595521e+00 0.000000000000000000e+00 0.000000000000000000e+00 0.000000000000000000e+00 1.760597185191000946e+01 -1.954410969492375827e+01 0.000000000000000000e+00 -2.238276268958908588e+01 3.000000000000000000e+01 1.712941985227078590e+01 -3.017492499563161346e+00 0.000000000000000000e+00 0.000000000000000000e+00 -2.551375874539181865e+01 5.324383940267491511e+00 -3.992321842464624293e+00 0.000000000000000000e+00 2.239812248983345810e+01 -2.007729566624968953e+01 1.416803893455920615e+01 2.948286827872461302e+01
0.000000000000000000e+00 -8.835280808449018863e+00 -3.636512577488658415e+00 0.000000000000000000e+00 -7.945986890523175639e+00 0.000000000000000000e+00 0.000000000000000000e+00 0.000000000000000000e+00 1.306109839680417828e+01 3.000000000000000000e+01 0.000000000000000000e+00 -2.445931547631290215e+01 3.000000000000000000e+01 9.704429398238548998e+00 8.094974956283325085e+00 0.000000000000000000e+00 -3.063690297818141950e+00 3.000000000000000000e+01 -9.844246361477202001e+00 1.113732747129806100e+01 0.000000000000000000e+00 1.231707016705763991e+01 3.000000000000000000e+01 -9.556912509620145713e-01 2.482155689167281309e+01
0.000000000000000000e+00 -1.112700889791836012e+01 -9.384238066322700078e+00 -2.884469503903751786e+00 -1.093812897047109978e+01 0.000000000000000000e+00 0.000000000000000000e+00 -3.403935502885711145e-02 -1.488947158474547194e+01 2.108248835240312147e+01 0.000000000000000000e+00 -2.639072793719086363e+01 2.323001744401824453e+01 -1.455456274196308541e+01 -1.413401950085743053e+01 0.000000000000000000e+00 -6.524585378298330518e+00 1.626639032840290611e+01 2.771057273258189113e+01 -8.237466783447457530e+00 0.000000000000000000e+00 -4.542119313646833412e+00 2.366823884936848899e+01 -1.626263976541607903e+01 1.873034892880303559e+00
0.000000000000000000e+00 -1.806980345788936404e+01 -2.150428383779041397e+01 -1.970904075787547072e+01 -1.270136717077753197e+01 0.000000000000000000e+00 0.000000000000000000e+00 -3.085103465266872291e+00 -2.622422608108070818e+01 2.130056816621625604e+00 0.000000000000000000e+00 3.000000000000000000e+01 2.004506358996595949e+01 3.753644720578704685e+00 6.414599206319075542e+00 0.000000000000000000e+00 -1.364496623798669184e+01 7.392294065264558567e-01 -3.259288438187837755e+00 -2.838274137530865460e+01 0.000000000000000000e+00 -1.549143463241671093e+01 3.998780434529023875e+00 -3.000000000000000000e+01 -1.281840707500517951e+01
0.000000000000000000e+00 -3.000000000000000000e+01 -2.146717823991345853e+01 -3.000000000000000000e+01 -1.305005792462399761e+01 0.000000000000000000e+00 0.000000000000000000e+00 -1.768805289923562540e+01 -3.000000000000000000e+01 2.075645938964391490e+01 0.000000000000000000e+00 2.772271399054285368e+01 4.252883110623725038e+00 1.988789603601032141e+01 -3.928258645143769101e+00 0.000000000000000000e+00 -1.616334546602241318e+01 7.533810008142020311e-09 2.516892624394705535e+01 -2.764803940662311987e+01 0.000000000000000000e+00 -2.368951996067065124e+01 -1.581543696335647020e+01 -3.000000000000000000e+01 3.000000000000000000e+01
0.000000000000000000e+00 0.000000000000000000e+00 -3.000000000000000000e+01 -3.000000000000000000e+01 -2.079695786169185823e+01 0.000000000000000000e+00 0.000000000000000000e+00 -3.000000000000000000e+01 -2.459493308124166333e+01 -3.998141541895497308e+00 0.000000000000000000e+00 2.496976572047061538e+01 -1.702854509319523757e+01 2.095362042569926420e+00 2.078677936404617554e+01 0.000000000000000000e+00 0.000000000000000000e+00 -3.381800224021019652e+00 -2.138915871889158282e+01 -3.000000000000000000e+01 0.000000000000000000e+00 -3.000000000000000000e+01 -2.784833655702284361e+01 -3.000000000000000000e+01 -2.116056141385130474e+01
0.000000000000000000e+00 0.000000000000000000e+00 3.000000000000000000e+01 3.000000000000000000e+01 3.000000000000000000e+01 0.000000000000000000e+00 0.000000000000000000e+00 3.000000000000000000e+01 3.000000000000000000e+01 2.020220121100001975e+01 0.000000000000000000e+00 1.587309602886017323e+01 2.754962328743577160e+01 -7.199804348216212624e+00 7.260890186871271190e+00 0.000000000000000000e+00 2.742020961266574020e+01 -1.307902864795312503e+01 3.000000000000000000e+01 2.917808270765331002e+01 0.000000000000000000e+00 3.000000000000000000e+01 3.000000000000000000e+01 3.000000000000000000e+01 3.000000000000000000e+01
0.000000000000000000e+00 3.000000000000000000e+01 2.688972455037804110e+01 3.000000000000000000e+01 2.028122553079093038e+01 0.000000000000000000e+00 0.000000000000000000e+00 2.928177549752976105e+01 3.000000000000000000e+01 1.860118218535394552e-01 0.000000000000000000e+00 1.205108567523224572e+01 6.922655217143821815e+00 2.742485773372630931e+01 -7.664097452303202829e+00 0.000000000000000000e+00 1.665460445506460729e+01 -3.000000000000000000e+01 1.777066234365402053e+01 2.011397916704727606e+01 0.000000000000000000e+00 2.723685364428871125e+01 2.029835733714007162e+01 2.983568159870686642e+01 1.992968598806067604e+01
0.000000000000000000e+00 3.000000000000000000e+01 1.664298610234467191e+01 3.000000000000000000e+01 1.639160089673126208e+01 0.000000000000000000e+00 -3.406150085746727816e-13 2.827049314769320176e+01 2.754769395534538745e+01 -1.410405804306030220e+01 0.000000000000000000e+00 1.109752299008246901e+00 -1.175015167483279122e+01 1.480360004107325622e+01 -2.669467034838537245e+01 0.000000000000000000e+00 1.681606435350505890e+01 3.000000000000000000e+01 -1.148530116825011405e+01 3.000000000000000000e+01 0.000000000000000000e+00 1.705957341220896240e+01 7.104125651833368416e+00 2.103119374623927484e+01 1.464624626295146825e+01
0.000000000000000000e+00 2.689568076099354599e+01 1.387518175965417555e+01 1.854385706217355434e+01 -1.831870931631466348e+01 0.000000000000000000e+00 0.000000000000000000e+00 2.787208689088265956e+01 9.296787526445649874e+00 3.000000000000000000e+01 0.000000000000000000e+00 1.098449543158128150e-02 3.000000000000000000e+01 -1.417051180793255583e+01 3.000000000000000000e+01 0.000000000000000000e+00 1.190036747314547583e+01 3.000000000000000000e+01 3.000000000000000000e+01 -3.000000000000000000e+01 0.000000000000000000e+00 8.369462048277782173e+00 0.000000000000000000e+00 1.331912876528669720e+01 1.069517026241847013e+01
0.000000000000000000e+00 1.637078862205213170e+01 0.000000000000000000e+00 0.000000000000000000e+00 3.000000000000000000e+01 0.000000000000000000e+00 0.000000000000000000e+00 7.272033104894719102e+00 -1.218802347284265508e+01 1.983318959178278362e+01 0.000000000000000000e+00 0.000000000000000000e+00 9.844032855555456152e+00 0.000000000000000000e+00 -3.000000000000000000e+01 0.000000000000000000e+00 0.000000000000000000e+00 3.000000000000000000e+01 0.000000000000000000e+00 -3.000000000000000000e+01 0.000000000000000000e+00 0.000000000000000000e+00 0.000000000000000000e+00 0.000000000000000000e+00 0.000000000000000000e+00
0.000000000000000000e+00 0.000000000000000000e+00 0.000000000000000000e+00 0.000000000000000000e+00 0.000000000000000000e+00 0.000000000000000000e+00 0.000000000000000000e+00 0.000000000000000000e+00 0.000000000000000000e+00 0.000000000000000000e+00 0.000000000000000000e+00 0.000000000000000000e+00 0.000000000000000000e+00 0.000000000000000000e+00 0.000000000000000000e+00 0.000000000000000000e+00 0.000000000000000000e+00 0.000000000000000000e+00 0.000000000000000000e+00 0.000000000000000000e+00 0.000000000000000000e+00 0.000000000000000000e+00 0.000000000000000000e+00 0.000000000000000000e+00 0.000000000000000000e+00
0.000000000000000000e+00 0.000000000000000000e+00 0.000000000000000000e+00 0.000000000000000000e+00 0.000000000000000000e+00 0.000000000000000000e+00 0.000000000000000000e+00 0.000000000000000000e+00 0.000000000000000000e+00 0.000000000000000000e+00 0.000000000000000000e+00 0.000000000000000000e+00 0.000000000000000000e+00 0.000000000000000000e+00 0.000000000000000000e+00 0.000000000000000000e+00 0.000000000000000000e+00 0.000000000000000000e+00 0.000000000000000000e+00 0.000000000000000000e+00 0.000000000000000000e+00 0.000000000000000000e+00 0.000000000000000000e+00 0.000000000000000000e+00 0.000000000000000000e+00
0.000000000000000000e+00 0.000000000000000000e+00 0.000000000000000000e+00 0.000000000000000000e+00 0.000000000000000000e+00 0.000000000000000000e+00 0.000000000000000000e+00 0.000000000000000000e+00 0.000000000000000000e+00 0.000000000000000000e+00 0.000000000000000000e+00 0.000000000000000000e+00 0.000000000000000000e+00 0.000000000000000000e+00 0.000000000000000000e+00 0.000000000000000000e+00 0.000000000000000000e+00 0.000000000000000000e+00 0.000000000000000000e+00 0.000000000000000000e+00 0.000000000000000000e+00 0.000000000000000000e+00 0.000000000000000000e+00 0.000000000000000000e+00 0.000000000000000000e+00
0.000000000000000000e+00 0.000000000000000000e+00 0.000000000000000000e+00 0.000000000000000000e+00 0.000000000000000000e+00 0.000000000000000000e+00 0.000000000000000000e+00 0.000000000000000000e+00 0.000000000000000000e+00 0.000000000000000000e+00 0.000000000000000000e+00 0.000000000000000000e+00 0.000000000000000000e+00 0.000000000000000000e+00 0.000000000000000000e+00 0.000000000000000000e+00 0.000000000000000000e+00 0.000000000000000000e+00 0.000000000000000000e+00 0.000000000000000000e+00 0.000000000000000000e+00 0.000000000000000000e+00 0.000000000000000000e+00 0.000000000000000000e+00 0.000000000000000000e+00
0.000000000000000000e+00 0.000000000000000000e+00 3.000000000000000000e+01 2.413912427722447873e+01 -2.936238275124983232e+01 0.000000000000000000e+00 0.000000000000000000e+00 1.757214796476277385e+01 2.161419573249465387e+01 1.933533119222950702e+01 0.000000000000000000e+00 -1.937694196646787859e+01 2.407652522386612759e+01 -2.212261674784010168e+01 -5.635714939688853953e+00 0.000000000000000000e+00 2.600939573791086445e+01 2.394106340093611252e+01 3.000000000000000000e+01 1.361485702479137139e+01 0.000000000000000000e+00 0.000000000000000000e+00 0.000000000000000000e+00 0.000000000000000000e+00 0.000000000000000000e+00
0.000000000000000000e+00 2.972769480669321140e+01 1.697852407475603442e+01 2.419331798488663310e+01 -3.000000000000000000e+01 0.000000000000000000e+00 -2.337168536500430446e-07 -1.122573387849933013e+01 -1.649583737059678157e+01 3.078666039875414651e+00 0.000000000000000000e+00 -3.000000000000000000e+01 -4.050404933315714828e+00 2.818316682303147758e+01 -1.878112897139624238e+01 0.000000000000000000e+00 1.621958627926776586e+01 7.490975068238718393e+00 2.702209966762469051e+01 9.289055685899615389e-01 0.000000000000000000e+00 0.000000000000000000e+00 0.000000000000000000e+00 0.000000000000000000e+00 0.000000000000000000e+00
0.000000000000000000e+00 3.000000000000000000e+01 -1.467846587605537323e+01 4.500221295516110942e+00 3.000000000000000000e+01 0.000000000000000000e+00 5.905423606118522489e-15 2.432377751365567065e+01 -1.320677137514615751e+01 -1.761819108226759667e+01 0.000000000000000000e+00 3.000000000000000000e+01 2.222521134530144948e+01 1.806379244387837701e+01 1.780089818059695617e+01 0.000000000000000000e+00 6.666463086619031309e+00 4.888392274054107183e-04 9.891180814769523266e+00 3.979371751480016691e-13 0.000000000000000000e+00 0.000000000000000000e+00 0.000000000000000000e+00 0.000000000000000000e+00 0.000000000000000000e+00
-6.026044559150016688e-01 3.000000000000000000e+01 2.115698505477056557e+01 1.287934279555693173e+01 2.393253967112159586e+01 0.000000000000000000e+00 -2.953505369856941307e-10 8.912897022610730247e+00 1.917953200315036710e+01 1.706668367791817786e+01 0.000000000000000000e+00 3.000000000000000000e+01 1.056359785219078695e+01 -1.318544286573387225e+01 3.579086942874388999e+00 0.000000000000000000e+00 0.000000000000000000e+00 -6.077424017496698606e-08 3.242948335606040899e+00 -3.571987813117676769e+00 0.000000000000000000e+00 0.000000000000000000e+00 0.000000000000000000e+00 0.000000000000000000e+00 0.000000000000000000e+00
-7.007879954255199273e+00 2.792759528881719078e+01 -9.354378615021722299e-01 -1.566816180747299114e+01 2.514562516588494034e+01 -1.933356077862191214e+00 -1.631263731581497289e+00 1.628029449351596725e+01 -1.165360058988846781e+01 1.671175630028315595e+01 0.000000000000000000e+00 2.663154062086345419e+01 1.127319437501508403e+01 -2.696981942616967487e+01 -7.409905567540501004e+00 -3.664713487683150639e+00 0.000000000000000000e+00 -1.842327609707195195e-08 -2.954500999406437724e-11 -1.086271435488675685e+01 0.000000000000000000e+00 0.000000000000000000e+00 0.000000000000000000e+00 0.000000000000000000e+00 0.000000000000000000e+00
-9.895782853627190789e+00 2.534859279985017011e+01 -1.899815934099384407e+01 1.185388694174490531e+01 2.195292292662998790e+01 -1.193864002967223215e+01 -6.819162738424746628e+00 8.992308542463466337e-01 1.074906444348540369e+01 -2.165372247554196861e+01 0.000000000000000000e+00 1.624845864721650557e+01 1.879995884179110899e-01 -8.677486133330567952e+00 -1.215873493458206944e+01 -9.444830512995881833e+00 0.000000000000000000e+00 -6.237176000613743096e-17 -1.161204173693870245e-01 -1.637010535315376458e+01 0.000000000000000000e+00 0.000000000000000000e+00 0.000000000000000000e+00 0.000000000000000000e+00 0.000000000000000000e+00
-1.119428790965332432e+01 1.273876713804096283e+01 1.128305589823936117e+01 1.316176012310872778e+01 4.829439655649034435e+00 -2.015861667768563237e+01 -1.544166853905672987e+01 -4.254336360565692310e+00 -1.731281616666003487e+01 -6.480100256355068034e+00 -3.680084429908869303e+00 5.266846603425193507e+00 -1.295553343835484661e+01 -2.316120932216646011e+01 -1.433717471586202663e+01 -2.154274908033082880e+01 -2.786440850504381395e-01 -8.139217034956415173e-03 -2.835650339251717167e+00 -2.322592947344592318e+01 0.000000000000000000e+00 0.000000000000000000e+00 0.000000000000000000e+00 0.000000000000000000e+00 0.000000000000000000e+00
-1.424932457506617745e+01 1.259352910534470027e+01 8.522932536386722546e+00 -1.186995469912998757e+01 -9.431224462184047752e+00 -2.501355981784638161e+01 -2.744629958518917690e+01 -1.554864429862117881e+01 1.811008484742865576e+01 -2.069330038836979213e+01 -1.322782754709380981e+01 -2.294562879323126303e+00 -1.609158019612822343e+01 -2.917785182562115409e+01 -2.123884517653007720e+01 -2.365308777153794040e+01 -6.213125614075065251e+00 -7.690255469723046744e+00 -7.962676563522760098e+00 -2.957711172893458595e+01 0.000000000000000000e+00 0.000000000000000000e+00 0.000000000000000000e+00 0.000000000000000000e+00 0.000000000000000000e+00
-2.216378164948259766e+01 -1.460187717388822293e+01 9.526073893617615695e+00 2.412455409633916759e+01 -1.646133533814940009e+01 -3.000000000000000000e+01 -3.000000000000000000e+01 -3.000000000000000000e+01 2.400759326049568543e+00 -3.000000000000000000e+01 -3.000000000000000000e+01 -1.853339003622427583e+01 1.722117278445784194e+01 -3.000000000000000000e+01 -3.000000000000000000e+01 -3.000000000000000000e+01 -7.319698255276758658e+00 -1.243519881991521636e+01 -1.181651272625487614e+01 -3.000000000000000000e+01 0.000000000000000000e+00 0.000000000000000000e+00 0.000000000000000000e+00 0.000000000000000000e+00 0.000000000000000000e+00
3.000000000000000000e+01 2.923590564049349894e+01 0.000000000000000000e+00 -1.363118875073779002e+01 2.567206618560219056e+01 3.000000000000000000e+01 3.000000000000000000e+01 -8.180928513096507260e+00 -4.261602709832728805e-03 -3.000000000000000000e+01 3.000000000000000000e+01 -2.120964207132844237e+01 -1.122400948332676618e-01 3.000000000000000000e+01 3.000000000000000000e+01 3.000000000000000000e+01 -1.713718545010114624e+01 -1.797734017828228659e+01 -1.358178317523066170e+01 3.000000000000000000e+01 0.000000000000000000e+00 0.000000000000000000e+00 0.000000000000000000e+00 0.000000000000000000e+00 0.000000000000000000e+00
2.392593608440309794e+01 1.346499623922079891e+01 -6.345579750339882530e-01 -1.885402099534253750e+01 1.211410771389908980e+01 2.771089794874440670e+01 2.738988160893670099e+01 -2.015835135674710088e+01 -1.266752748557614616e+01 3.000000000000000000e+01 2.107885451781745445e+01 -2.711227679207468810e+01 -2.053913988889943454e+01 3.000000000000000000e+01 2.647157944006145414e+01 2.851695018418689287e+01 -1.919563835798920692e+01 -2.256625084217939303e+01 -8.629462931170079898e+00 2.765018171174155981e+01 0.000000000000000000e+00 0.000000000000000000e+00 0.000000000000000000e+00 0.000000000000000000e+00 0.000000000000000000e+00
2.843023614214040862e+01 0.000000000000000000e+00 -1.437179067078110606e+01 -2.843138119723663593e+01 4.101201901714648379e+00 3.000000000000000000e+01 1.698103797166303863e+01 2.933573344763983215e+01 -3.000000000000000000e+01 2.218689604175457220e+01 1.172276360190254252e+01 3.000000000000000000e+01 2.637203822589448521e+01 2.288777337806563850e+01 1.410851313607748025e+01 2.149300106773201335e+01 -1.512681843957829741e+01 2.739154530237011897e+01 2.046809809413997883e+01 1.951763128636934042e+01 0.000000000000000000e+00 0.000000000000000000e+00 0.000000000000000000e+00 0.000000000000000000e+00 0.000000000000000000e+00
1.807833892294042855e+01 -2.007888019893952491e-02 1.055818120595174037e+01 -3.000000000000000000e+01 0.000000000000000000e+00 3.000000000000000000e+01 -7.950995589011932152e-01 2.260779270565175736e+01 3.000000000000000000e+01 1.653225425577916496e+01 4.405805735972378123e+00 2.043794204639171141e+01 1.071321986987166852e+01 1.426832652441329330e+01 1.105885026579168340e+01 1.591803852905894701e+01 2.209420036040721769e+01 2.352228697764377330e+01 1.566361017684607404e+01 1.912227252872985872e+01 0.000000000000000000e+00 0.000000000000000000e+00 0.000000000000000000e+00 0.000000000000000000e+00 0.000000000000000000e+00
8.708525240074209250e+00 -1.823662320257921365e+01 -4.340745418706952741e+00 3.000000000000000000e+01 0.000000000000000000e+00 2.542495107319151515e+01 3.000000000000000000e+01 2.937835784779738901e+01 2.517090698467994869e+01 1.628857768266219352e+01 -1.618122103286173452e+00 1.044454343278207098e+01 -6.679713841860071888e+00 1.458006821080677184e+01 7.929888646688972642e+00 1.141935898986722187e+01 2.071401367736172361e+01 1.359254119581774845e+01 1.190684613669652769e+01 7.029451220073727136e+00 0.000000000000000000e+00 0.000000000000000000e+00 0.000000000000000000e+00 0.000000000000000000e+00 0.000000000000000000e+00
7.737092945788954790e-01 1.615305451269583514e+01 1.649374933465490045e+01 2.771786908932107707e+01 0.000000000000000000e+00 1.087045983274359351e+01 1.561051305414379442e+01 2.732803694994883514e+01 2.273096729440406705e+01 1.493490274496686254e+01 -1.741957382384449460e+01 2.231510299912559336e+00 2.209499323685172811e+01 2.050695605534895272e+00 4.638925156016824314e-01 5.186533614531827929e+00 1.362199828763284515e+01 7.671216385057809006e+00 1.061016646009869646e+01 1.482976776135966235e+00 0.000000000000000000e+00 0.000000000000000000e+00 0.000000000000000000e+00 0.000000000000000000e+00 0.000000000000000000e+00
7.615891069086504039e+00 -2.687121343941202056e+00 3.325580393991765860e+00 1.901894525714313033e+01 0.000000000000000000e+00 -3.926275730825739441e+00 1.710738617900008052e+01 2.162566819799408435e+01 1.551946438227494873e+01 5.936816025688266052e+00 -3.000000000000000000e+01 -4.332213254461228955e-14 7.612190104423947723e+00 8.285684114089967013e-09 -5.435140035476970499e-10 0.000000000000000000e+00 9.359186323877544567e+00 8.083886114697083625e-02 7.056293018607691092e-01 6.680772721492565649e-16 0.000000000000000000e+00 0.000000000000000000e+00 0.000000000000000000e+00 0.000000000000000000e+00 0.000000000000000000e+00
3.851824667633079624e+00 1.614428209912202306e+01 1.079992469879339367e+01 1.220614293149742124e+01 0.000000000000000000e+00 -3.462453381361842553e+00 1.830787974004405072e+01 -5.322568252400438737e+00 1.788199426093695266e+01 0.000000000000000000e+00 2.577337420950695090e+01 -5.309200890884315793e-01 1.548043230403829185e+01 -1.998007749378777141e-10 2.786941786372214823e-12 -6.725895822865115420e-03 1.360434890877038505e+01 -3.593358932421503393e+00 2.014239654086994682e-08 -7.573052369213387025e-14 0.000000000000000000e+00 0.000000000000000000e+00 0.000000000000000000e+00 0.000000000000000000e+00 0.000000000000000000e+00
-1.164060026888694033e+01 1.154753378758115900e+01 6.734968456431700723e+00 6.632768942691022573e+00 0.000000000000000000e+00 2.292169646613491096e+01 1.497127582722530192e+01 1.705668062157054976e+01 1.330975444780771966e+01 0.000000000000000000e+00 1.913360901251617463e+01 -1.326025126372895890e+01 1.274095137953046830e+01 8.182422370925752386e-10 4.282895001405895155e-14 -8.334022233042915673e+00 3.752508171597034980e+00 -1.447871083926426294e+01 -2.117885043787139931e+00 -4.395151840100238288e-15 0.000000000000000000e+00 0.000000000000000000e+00 0.000000000000000000e+00 0.000000000000000000e+00 0.000000000000000000e+00
6.817372630465755812e+00 5.342129635052661918e+00 -2.823965274616840215e+00 1.205048056365326699e-02 0.000000000000000000e+00 -5.124032827918322930e+00 -1.027855639238806340e+01 -1.335560047349330581e+01 6.264645575863492688e+00 0.000000000000000000e+00 5.331644884440790655e+00 1.913854811111930587e+01 -1.201818220976529261e+01 -2.806647144538064421e-10 0.000000000000000000e+00 -1.688653602908815543e+01 8.185426518638889959e-05 -2.529792175423544265e+01 -1.228808430415411479e+01 0.000000000000000000e+00 0.000000000000000000e+00 0.000000000000000000e+00 0.000000000000000000e+00 0.000000000000000000e+00 0.000000000000000000e+00
5.536615614021216381e+00 -1.128185413201124376e+01 -1.454361025347311553e+01 -1.787327675585087495e-13 0.000000000000000000e+00 1.271658080192145235e+01 1.118806378033438165e+01 -2.807696040936948734e+01 1.115181758322930428e+00 0.000000000000000000e+00 -1.874293899380904449e+01 2.366679295838448049e-01 1.569991658267752221e+01 -1.528434917151345828e-11 3.721576671237835397e-15 -2.183071358964884467e+01 -8.149168567385839737e-03 2.899614455261399115e+01 -2.139428455580583943e+01 0.000000000000000000e+00 0.000000000000000000e+00 0.000000000000000000e+00 0.000000000000000000e+00 0.000000000000000000e+00 0.000000000000000000e+00
4.875924431283673144e+00 -1.480187807617824758e+00 -2.599379595723532077e+01 -9.556553849566386065e-14 0.000000000000000000e+00 -1.058403122938036489e+01 1.224025049242641039e+01 2.603907830490761199e+01 0.000000000000000000e+00 0.000000000000000000e+00 5.736739814486876199e+00 -2.692653472908720502e+01 -6.322522539769701133e+00 0.000000000000000000e+00 0.000000000000000000e+00 2.859966965118166371e+01 -8.109804376297581996e+00 1.494382387837616477e+01 3.000000000000000000e+01 0.000000000000000000e+00 0.000000000000000000e+00 0.000000000000000000e+00 0.000000000000000000e+00 0.000000000000000000e+00 0.000000000000000000e+00
-2.128831584503349639e+00 9.201285978976388336e+00 -2.577333836176979531e+01 -3.503908023078543099e+00 0.000000000000000000e+00 -5.318168974828012985e+00 5.185922896143044802e+00 2.583534794821509095e+01 0.000000000000000000e+00 0.000000000000000000e+00 -1.942513539738395423e+01 3.000000000000000000e+01 -2.373422574778624394e+01 -1.966630197185559781e-15 0.000000000000000000e+00 1.991862724848192912e+01 -2.021052569707303803e+01 -3.380728791264958843e+00 1.926344497531459510e+01 0.000000000000000000e+00 0.000000000000000000e+00 0.000000000000000000e+00 0.000000000000000000e+00 0.000000000000000000e+00 0.000000000000000000e+00
3.655413917205513896e-01 -1.830607493430644439e+01 1.984286013651547620e+01 -1.033487582069704835e+01 0.000000000000000000e+00 1.116691280488912597e+01 7.884820296434050135e+00 1.494810875053667942e+01 0.000000000000000000e+00 0.000000000000000000e+00 -2.605465979699236811e+01 3.000000000000000000e+01 2.271014631315031096e+01 -1.262313509890686736e-12 0.000000000000000000e+00 9.154301079690824849e+00 3.000000000000000000e+01 -2.531053019617143107e+01 7.952269282193932476e+00 0.000000000000000000e+00 0.000000000000000000e+00 0.000000000000000000e+00 0.000000000000000000e+00 0.000000000000000000e+00 0.000000000000000000e+00
-1.440957448541707642e+01 -3.000000000000000000e+01 -1.266137448027042645e+01 -1.538498015329071045e+01 0.000000000000000000e+00 -1.450155131391399266e+01 -1.411173137757898921e+01 -3.424887506183392105e+00 0.000000000000000000e+00 0.000000000000000000e+00 2.846990699289481341e+01 3.000000000000000000e+01 1.051089818198602543e+01 7.827815210917536163e-11 0.000000000000000000e+00 -2.038729959684192750e+01 2.332849705533815055e+01 2.501652950434041855e+01 -4.808115469270758391e-01 0.000000000000000000e+00 -9.279009268232840668e-01 0.000000000000000000e+00 -2.643809295088497713e+00 -3.685975476804907114e+00 0.000000000000000000e+00
-2.721191650979606891e+01 -3.000000000000000000e+01 2.074068248644385548e+01 -2.050439995115635483e+01 0.000000000000000000e+00 4.774049312432517844e+00 5.602710082371485711e+00 -1.620167434786064575e+01 0.000000000000000000e+00 0.000000000000000000e+00 1.900442938959596262e+01 2.309746676684182276e+01 -6.136581249500479451e+00 -2.114273614726096133e-14 0.000000000000000000e+00 -3.000000000000000000e+01 -6.481133944626970234e+00 -2.092390633950113710e+01 -1.148439758771804442e+01 0.000000000000000000e+00 -1.056088759853917836e+01 -1.397409736438777639e+00 -6.317883142654713069e+00 -1.316061528773943046e+01 0.000000000000000000e+00
3.000000000000000000e+01 -3.000000000000000000e+01 -1.928373378234043400e+01 -3.000000000000000000e+01 0.000000000000000000e+00 9.000074176895269673e+00 1.011849540304851658e+01 -2.080161677190459457e+01 0.000000000000000000e+00 0.000000000000000000e+00 -5.731606881840771273e+00 -3.286069057167970264e+00 -1.382379945417495826e+01 5.133998775634874201e-11 0.000000000000000000e+00 3.000000000000000000e+01 1.732811675879413471e+01 -3.000000000000000000e+01 -2.185855020302058094e+01 0.000000000000000000e+00 -1.295447448575560223e+01 -2.043232248801554007e+01 -1.529484014294259531e+01 -2.107673602085499809e+01 0.000000000000000000e+00
-2.484707875347434225e+01 -3.000000000000000000e+01 -2.675975473565296525e+01 -3.000000000000000000e+01 0.000000000000000000e+00 -8.716197559677214102e+00 6.229637612428393645e-01 -3.000000000000000000e+01 0.000000000000000000e+00 0.000000000000000000e+00 1.953896491532351831e+01 2.395229925742700772e+01 -2.722230805001969145e+01 -3.536948020424396017e-11 0.000000000000000000e+00 -2.504757964694501737e+01 -1.006990470239303725e+01 2.685596701097280103e+01 -2.017509327805305830e+01 0.000000000000000000e+00 -1.958434477390938255e+01 -2.910620054698551940e+01 -2.762830510997841671e+01 -3.000000000000000000e+01 0.000000000000000000e+00
3.000000000000000000e+01 3.000000000000000000e+01 3.000000000000000000e+01 3.000000000000000000e+01 0.000000000000000000e+00 2.378667498834822780e+01 1.297683547950724225e+01 3.000000000000000000e+01 0.000000000000000000e+00 0.000000000000000000e+00 1.144846170304741406e+01 9.680200354906016713e+00 3.000000000000000000e+01 -1.050756120903735152e-10 0.000000000000000000e+00 -3.000000000000000000e+01 -3.000000000000000000e+01 1.228041707864498910e+01 2.162310826537079578e+01 0.000000000000000000e+00 3.000000000000000000e+01 3.000000000000000000e+01 3.000000000000000000e+01 3.000000000000000000e+01 0.000000000000000000e+00
2.230493565514843013e+01 3.000000000000000000e+01 2.174543148380551116e+01 3.000000000000000000e+01 0.000000000000000000e+00 8.719862742856815174e+00 5.799487052789860375e-02 2.735663347772252507e+01 0.000000000000000000e+00 0.000000000000000000e+00 1.131586904038946884e+01 -1.643527113318880595e+01 2.443785584509891251e+01 -9.657343449906175522e-11 0.000000000000000000e+00 3.000000000000000000e+01 3.000000000000000000e+01 1.313442936695210728e+00 1.479111709589142798e+01 0.000000000000000000e+00 1.779810928184017271e+01 2.507249081827603376e+01 2.216396720187726999e+01 2.834057167515809539e+01 0.000000000000000000e+00
1.436841306210430602e+01 2.626492852911152198e+01 1.448574365951738763e+01 2.248821105148310551e+01 0.000000000000000000e+00 -2.253378281642827474e+01 -2.146605374154090740e+01 1.448118658742098397e+01 0.000000000000000000e+00 0.000000000000000000e+00 -2.712454417785870486e+00 1.306184442178463279e+01 1.206636300274801599e+01 -7.604108521913217979e-11 0.000000000000000000e+00 2.110588753117316330e+01 -2.674792702222123353e+01 -2.508785266713464779e+01 4.100127459216516002e+00 0.000000000000000000e+00 2.379752790119895423e+01 2.555997943678212891e+01 1.234082487265618511e+01 2.040359164397550629e+01 0.000000000000000000e+00
1.225540527368235644e+01 1.501354555779563249e+01 1.877434174718122017e+00 1.003531685941266538e+01 0.000000000000000000e+00 3.000000000000000000e+01 2.834944779342462340e+01 1.276637919683965983e+01 0.000000000000000000e+00 0.000000000000000000e+00 5.330969787858377273e+00 -1.169157655524788986e+01 3.806452644703030685e+00 6.666169097701256337e-13 0.000000000000000000e+00 8.674497386699020041e+00 1.703844516977505563e+01 2.021021200518589112e+01 -3.874145671053117024e+00 0.000000000000000000e+00 1.497544125518214386e+01 -9.940962273721114517e-01 8.300970675732962434e+00 1.023621697178030843e+01 0.000000000000000000e+00
8.548647478024820501e+00 3.222421576540456911e+00 -2.249878877777717313e-09 4.240803366772059491e+00 0.000000000000000000e+00 2.388785493809578497e+01 1.823164028605238940e+01 6.349702473153177873e-02 0.000000000000000000e+00 0.000000000000000000e+00 -7.934563127756980805e+00 1.571101654097200395e+01 -1.914983611224067062e+01 1.046183899389339565e-07 0.000000000000000000e+00 8.483353376409162649e+00 -3.890185596207913488e-01 1.895138992254982613e+00 -1.207253666268464976e+01 0.000000000000000000e+00 -1.075785860156388196e+01 2.617309660703858043e+01 1.559713039600550744e+01 -2.033618138030259370e+00 0.000000000000000000e+00
4.142641840638008333e+00 0.000000000000000000e+00 -1.802176392420235731e-10 0.000000000000000000e+00 0.000000000000000000e+00 -2.310295411612888472e+01 -6.507929972476448555e+00 -1.754027762787069104e-11 0.000000000000000000e+00 0.000000000000000000e+00 1.480560027831351988e+01 -3.047914190462643336e-01 3.000000000000000000e+01 2.591926602534450107e-07 0.000000000000000000e+00 -1.333042816975430611e+01 6.870227352541526500e+00 -1.865966741787245908e+01 -2.263727229639308192e+01 0.000000000000000000e+00 -2.249568031267065749e+01 1.207328443486155756e+01 9.117082663458624392e-01 -1.450702130902358356e+01 0.000000000000000000e+00
0.000000000000000000e+00 0.000000000000000000e+00 0.000000000000000000e+00 0.000000000000000000e+00 0.000000000000000000e+00 3.000000000000000000e+01 1.594844700936012494e+01 0.000000000000000000e+00 -1.782164207866180572e+00 0.000000000000000000e+00 -2.538684219758883742e+01 -1.717742298379560140e+01 1.761654652597819748e+01 5.014460963038580944e-08 0.000000000000000000e+00 3.913767653941284674e+00 -1.338936689635909083e+01 2.676137507004249727e+01 3.000000000000000000e+01 0.000000000000000000e+00 -1.815359189414727581e+01 -1.444028344897199290e+01 -1.460627579394679465e+01 -2.392035808177202938e+01 0.000000000000000000e+00
0.000000000000000000e+00 0.000000000000000000e+00 0.000000000000000000e+00 0.000000000000000000e+00 0.000000000000000000e+00 1.875254992903195417e+00 2.760330653981910576e+00 0.000000000000000000e+00 -7.866440918973495400e+00 0.000000000000000000e+00 1.519120557726839316e+01 1.048082281041235220e+01 -1.371406563510301346e+01 4.759216826379616076e-07 0.000000000000000000e+00 -1.068577917943744815e+01 8.152920806061487724e+00 6.069680183651471772e+00 1.944146346573972650e+01 0.000000000000000000e+00 -3.000000000000000000e+01 -3.000000000000000000e+01 -3.000000000000000000e+01 2.953360645956188080e+01 0.000000000000000000e+00
0.000000000000000000e+00 0.000000000000000000e+00 0.000000000000000000e+00 0.000000000000000000e+00 0.000000000000000000e+00 -2.374067262556849300e+01 -1.755346661973310773e+01 0.000000000000000000e+00 -1.595610558753617880e+01 0.000000000000000000e+00 -1.020273270982214697e+01 -2.070464567130079558e+01 1.898623900462446912e+01 1.073741636832692796e-07 -1.211907485524239521e-12 -1.209716512621179874e+01 -6.003047020147718627e+00 -2.141512153054438983e+01 1.703680055377674307e+01 0.000000000000000000e+00 3.000000000000000000e+01 3.000000000000000000e+01 3.000000000000000000e+01 2.142834620683477453e+01 0.000000000000000000e+00
0.000000000000000000e+00 0.000000000000000000e+00 0.000000000000000000e+00 0.000000000000000000e+00 0.000000000000000000e+00 3.000000000000000000e+01 2.713366009793594102e+01 0.000000000000000000e+00 -2.183857578908844843e+01 0.000000000000000000e+00 1.224890981000720380e+01 1.969023095134934209e+01 1.486347631009887849e+01 2.321721800017705508e-07 1.258683856310002309e-11 -2.648598481085982215e+01 2.329495802982536645e+01 2.158003922763360194e+01 -1.281055741263501169e+01 0.000000000000000000e+00 2.257359773665794833e+01 1.817049175477433209e+01 3.000000000000000000e+01 8.935114223538278111e+00 0.000000000000000000e+00
0.000000000000000000e+00 0.000000000000000000e+00 0.000000000000000000e+00 0.000000000000000000e+00 0.000000000000000000e+00 2.372582729797674972e+01 1.723482692729472632e+01 0.000000000000000000e+00 -2.992702031426049558e+01 0.000000000000000000e+00 -2.077654241264193305e-02 -1.548628719848156265e+01 7.856058291858008857e+00 -6.720233223168553173e-07 1.725711448911113854e-11 -2.710873511781790057e+01 -4.410757775584222884e+00 1.291037031775697841e+00 2.328870444886370095e+01 0.000000000000000000e+00 2.282637900331246072e+01 1.051825085131547510e+01 2.052447808293889864e+01 -1.005495230873117762e+01 0.000000000000000000e+00
0.000000000000000000e+00 0.000000000000000000e+00 0.000000000000000000e+00 0.000000000000000000e+00 0.000000000000000000e+00 1.613364504690255430e+01 -3.394006726265592633e+00 0.000000000000000000e+00 3.000000000000000000e+01 0.000000000000000000e+00 -1.564345357814976012e+01 2.654528286009013627e+01 3.307253794501024413e-01 4.506570819101395085e-08 3.068702488653144888e-11 2.889838011824840791e+01 -1.581216698710093560e+01 -1.318386483439971002e+01 1.189522263260829149e+01 0.000000000000000000e+00 1.078262191637316469e+01 4.208705673011039039e+00 2.074353161531276868e+01 2.675794575125742369e+01 0.000000000000000000e+00
0.000000000000000000e+00 0.000000000000000000e+00 0.000000000000000000e+00 0.000000000000000000e+00 0.000000000000000000e+00 1.945270513100882726e+00 -1.366660990368727191e+01 0.000000000000000000e+00 2.794620790059702387e+01 0.000000000000000000e+00 2.125271448497594307e+01 2.333124132844620391e+00 -1.042396499487664734e-10 -7.857405091445232928e-03 -1.587464820348633288e-01 1.899637912437687604e+01 1.157604009907474030e+01 1.712308411200086056e+01 -1.201582974646133195e+01 -1.803720112292453992e+00 -3.314738842585377210e+00 1.463793647341236515e+01 5.473353891990933917e+00 3.000000000000000000e+01 -2.989144723438446949e+00
0.000000000000000000e+00 0.000000000000000000e+00 0.000000000000000000e+00 0.000000000000000000e+00 0.000000000000000000e+00 -8.895572719103652659e+00 -1.232922879357013812e+01 0.000000000000000000e+00 1.648757234112643744e+01 0.000000000000000000e+00 -2.148444396426553382e+00 -8.555208915169448813e-02 0.000000000000000000e+00 -2.350458289355268793e+00 -3.038377629425568660e+00 -1.230978140001575794e+00 1.194638109102031720e+01 -1.474441857397646949e+01 1.189017458042465414e+01 -1.106901338027623360e+01 -1.643255263736891081e+01 1.807795989895257804e+01 -1.694611217444791151e+01 2.549142951791473877e+01 -7.714097520111762307e+00
0.000000000000000000e+00 0.000000000000000000e+00 0.000000000000000000e+00 0.000000000000000000e+00 0.000000000000000000e+00 -1.805095942175427837e+01 6.512010240807859063e+00 0.000000000000000000e+00 9.880951009636696369e+00 -3.843748768533072513e-10 -1.788674224250508615e+01 -1.582930698654130630e+01 0.000000000000000000e+00 -5.046017600755082988e+00 -1.188284895263026542e+01 7.128742550250641408e+00 0.000000000000000000e+00 7.225279381526156897e+00 -1.363170256330943886e+01 -1.793383527926488341e+01 -2.656758072735679832e+01 9.759365432898238879e+00 1.401507549727422841e+01 7.926136415806174007e+00 -1.078212160523622742e+01
0.000000000000000000e+00 0.000000000000000000e+00 0.000000000000000000e+00 0.000000000000000000e+00 0.000000000000000000e+00 -2.430395569446923787e+01 -1.133909421869429579e+01 0.000000000000000000e+00 2.157230536967267742e+00 -4.080627371919882229e+00 -2.776644933385401970e+01 2.211791728987647332e+01 -8.132999299678520089e+00 -1.561349198655826243e+01 -1.784093131336269522e+01 -1.701560874184098182e+01 -2.622732666508632349e+00 -1.725060721085206339e+01 -2.803541429022855525e+01 -2.572770321966488893e+01 6.900044543929114482e+00 -1.059698383299507995e-01 8.983038055536923139e+00 -1.042145751226300909e+01 -1.213744083744620283e+01
0.000000000000000000e+00 0.000000000000000000e+00 0.000000000000000000e+00 0.000000000000000000e+00 0.000000000000000000e+00 -3.000000000000000000e+01 -2.349177985526570467e+01 0.000000000000000000e+00 -1.600647066299265564e+00 -2.106602549477210573e+01 -2.453327676271337410e+01 0.000000000000000000e+00 -8.680418232492984387e+00 -3.000000000000000000e+01 -2.094237813602434173e+01 -3.000000000000000000e+01 -2.121756659718241877e+01 3.000000000000000000e+01 2.068774350035251075e+01 -3.000000000000000000e+01 -1.669010398170259180e+01 -9.352648584077847715e+00 -1.148394792990245605e+01 -2.609467921481568098e+01 -1.800573873664678004e+01
0.000000000000000000e+00 0.000000000000000000e+00 0.000000000000000000e+00 0.000000000000000000e+00 0.000000000000000000e+00 -3.000000000000000000e+01 -3.000000000000000000e+01 0.000000000000000000e+00 -5.860546548510618514e+00 -3.000000000000000000e+01 -3.000000000000000000e+01 -1.838439523952599330e+01 -1.527641549087206485e+01 -3.000000000000000000e+01 -2.897966987107729153e+01 -3.000000000000000000e+01 -9.418495827037631329e+00 1.338681389292379187e+01 1.245567014133271755e+01 -3.000000000000000000e+01 -2.333226281675458935e+01 -2.322009951419148521e+01 -2.354627293836603741e+01 3.000000000000000000e+01 -2.484566145290973083e+01
