# yaw
0.000000000000000000e+00 0.000000000000000000e+00 0.000000000000000000e+00 0.000000000000000000e+00 0.000000000000000000e+00 3.000000000000000000e+01 -1.806197383176042592e+01 0.000000000000000000e+00 -2.491527860606399969e+01 3.000000000000000000e+01 3.000000000000000000e+01 -3.000000000000000000e+01 -3.000000000000000000e+01 3.000000000000000000e+01 3.000000000000000000e+01 3.000000000000000000e+01 2.659965929062739676e+01 -3.590355039212504540e+00 3.000000000000000000e+01 3.000000000000000000e+01 3.000000000000000000e+01 -3.000000000000000000e+01 -1.452492803913143504e+01 -3.000000000000000000e+01 2.720115038563888987e+01
0.000000000000000000e+00 0.000000000000000000e+00 0.000000000000000000e+00 0.000000000000000000e+00 0.000000000000000000e+00 3.000000000000000000e+01 -1.969966475456508803e+01 0.000000000000000000e+00 -2.298084505225892826e+01 3.000000000000000000e+01 2.141385819100190346e+01 3.000000000000000000e+01 3.000000000000000000e+01 2.569015356269346739e+01 2.256723318717860138e+01 2.301833700054238108e+01 1.492471598524011966e+01 -2.391052528640178920e+01 3.000000000000000000e+01 2.863985511934385286e+01 2.030925897947857806e+01 3.000000000000000000e+01 -1.100030889322484207e+01 3.000000000000000000e+01 1.684065017605523451e+01
0.000000000000000000e+00 0.000000000000000000e+00 0.000000000000000000e+00 0.000000000000000000e+00 0.000000000000000000e+00 1.903943966194832171e+01 2.468471468569897098e+01 0.000000000000000000e+00 -2.727043672038588085e+01 2.404707917367522896e+01 1.137361780883482965e+01 1.820194311484882732e+01 2.118485390252519451e+01 1.526546012941610009e+01 1.137769195367968678e+01 8.423921628781359416e+00 -5.052583946423144567e+00 9.574167043429097745e+00 3.000000000000000000e+01 1.953987137266967267e+01 1.711226241046040641e+01 3.000000000000000000e+01 2.787096028473829890e+01 3.000000000000000000e+01 1.138313723586270143e+01
0.000000000000000000e+00 0.000000000000000000e+00 0.000000000000000000e+00 0.000000000000000000e+00 0.000000000000000000e+00 1.739836761212601601e+01 1.565526784272067395e+01 0.000000000000000000e+00 2.890520693626528725e+01 1.825352958814702831e+01 0.000000000000000000e+00 6.933182692432043659e+00 8.260776396879711214e+00 2.736909751213888686e+00 -3.133447184749841963e+00 0.000000000000000000e+00 3.000000000000000000e+01 -2.395449223574311759e+01 2.830323130744422144e+01 6.177005311608594340e+00 1.461241050211600090e+01 3.000000000000000000e+01 -1.325101034862730920e+01 2.651159502420349412e+01 -2.523304655753091197e+01
0.000000000000000000e+00 0.000000000000000000e+00 0.000000000000000000e+00 0.000000000000000000e+00 0.000000000000000000e+00 5.483063216833407694e+00 1.276258791469821574e+01 0.000000000000000000e+00 2.265496479335702418e+01 1.278983773862557172e+01 0.000000000000000000e+00 -2.187633229069012586e+01 2.448781397575164220e+00 -6.405424288263574795e-01 -1.732964657502057548e+01 0.000000000000000000e+00 1.464837649822456456e+01 3.000000000000000000e+01 8.185738450387635368e+00 3.000000000000000000e+01 1.045481099095565902e+01 3.000000000000000000e+01 3.000000000000000000e+01 2.522349396659095433e+01 2.519501296448430594e+01
0.000000000000000000e+00 0.000000000000000000e+00 0.000000000000000000e+00 0.000000000000000000e+00 0.000000000000000000e+00 0.000000000000000000e+00 -2.375124922557218188e+00 0.000000000000000000e+00 1.434295395898312897e+01 5.762373445427062535e+00 0.000000000000000000e+00 -3.000000000000000000e+01 -4.257681998889251140e+00 -1.454092645126047501e+01 7.873298281030045587e+00 0.000000000000000000e+00 -2.898457871499000404e+01 -3.000000000000000000e+01 -1.650993021106964065e+01 1.956719749340267711e+01 4.928308924728331597e+00 2.077532201636642739e+01 3.000000000000000000e+01 1.415102216165601590e+01 -1.629366514080279771e+01
0.000000000000000000e+00 0.000000000000000000e+00 0.000000000000000000e+00 0.000000000000000000e+00 0.000000000000000000e+00 0.000000000000000000e+00 -1.511331406319747828e+01 0.000000000000000000e+00 7.235258932759425221e+00 0.000000000000000000e+00 0.000000000000000000e+00 -3.000000000000000000e+01 -2.131002909032313397e+01 -3.000000000000000000e+01 -2.128377841626626932e+01 0.000000000000000000e+00 2.557253668794100676e+01 -3.000000000000000000e+01 5.511609429451435282e+00 -2.449375133748280930e+01 0.000000000000000000e+00 1.332738889312237518e+01 2.742167307904070128e+01 1.419958575117800237e+01 -2.406272788756488268e+01
0.000000000000000000e+00 0.000000000000000000e+00 0.000000000000000000e+00 0.000000000000000000e+00 0.000000000000000000e+00 0.000000000000000000e+00 -3.000000000000000000e+01 0.000000000000000000e+00 1.186052580053702421e+01 6.781901602316043360e-08 0.000000000000000000e+00 3.000000000000000000e+01 2.385286485230892595e+01 3.000000000000000000e+01 2.309346998216539504e+01 0.000000000000000000e+00 9.729401866567204848e+00 2.797502161306473312e+01 1.449446953073485389e+01 2.479375997484387995e+01 0.000000000000000000e+00 3.588372563503945400e+00 1.077656700411301571e+01 -1.189246690620663394e+01 2.340478019274599575e+01
0.000000000000000000e+00 0.000000000000000000e+00 0.000000000000000000e+00 0.000000000000000000e+00 0.000000000000000000e+00 0.000000000000000000e+00 2.559906513942483741e+01 0.000000000000000000e+00 2.456529023354390606e+00 -6.975978773986006853e-01 0.000000000000000000e+00 1.800202722739059524e+01 4.718825890040291959e+00 2.683225254967135243e+01 -9.117334406643861300e+00 0.000000000000000000e+00 0.000000000000000000e+00 9.691425326504234050e+00 -1.234268058019106462e+01 2.118309974869066536e+01 0.000000000000000000e+00 -1.074378060466080242e+01 2.673125969247656997e+01 7.665102936089792429e+00 9.557184423216508407e+00
0.000000000000000000e+00 0.000000000000000000e+00 0.000000000000000000e+00 0.000000000000000000e+00 0.000000000000000000e+00 0.000000000000000000e+00 1.092732337622639704e+01 0.000000000000000000e+00 -2.972812720802359365e+00 -1.200573667228377417e+01 0.000000000000000000e+00 3.392346064648283033e+00 -2.014062489790777377e+01 2.612593815201516989e+01 8.452581810796210959e+00 0.000000000000000000e+00 0.000000000000000000e+00 -1.664120977030894366e+01 2.686540181969515473e+01 -2.968710468557681281e+00 0.000000000000000000e+00 -2.022993265872607793e+01 8.621739525967358375e+00 -2.516375697673717937e+01 -2.096697355189022005e+01
0.000000000000000000e+00 0.000000000000000000e+00 0.000000000000000000e+00 0.000000000000000000e+00 0.000000000000000000e+00 0.000000000000000000e+00 -8.274414492206616956e+00 -4.732111312862847287e-11 -1.003335632157967794e+01 -1.844342031158504369e+01 0.000000000000000000e+00 1.477535563064185805e-10 1.809837114696874494e+01 -3.716557712777136757e+00 2.180444775980608263e+00 0.000000000000000000e+00 0.000000000000000000e+00 1.657685734327576554e+01 1.127264190494929430e+01 -6.818774794282830953e+00 0.000000000000000000e+00 -2.328892465547664870e+01 -1.224600927482223156e+01 1.002025319449355756e+01 -3.000000000000000000e+01
0.000000000000000000e+00 0.000000000000000000e+00 0.000000000000000000e+00 0.000000000000000000e+00 0.000000000000000000e+00 0.000000000000000000e+00 -1.939671838286919936e+01 7.734785998080271678e-11 -1.548845778202573875e+01 -2.425825161569316890e+01 0.000000000000000000e+00 -9.058214046818370557e-02 -9.176908537070863403e+00 -2.366557914367630389e+01 -1.970634843161393945e+01 0.000000000000000000e+00 0.000000000000000000e+00 7.941360391998050217e-01 -1.625251254593963068e+01 -2.094434330440405390e+01 0.000000000000000000e+00 2.850738289788238689e+01 -2.003713953438719031e+01 -2.158340650146543638e+01 3.000000000000000000e+01
0.000000000000000000e+00 0.000000000000000000e+00 -1.490962136408936489e-01 0.000000000000000000e+00 0.000000000000000000e+00 0.000000000000000000e+00 -2.079970689508719772e+01 -3.694733168883691299e+00 -1.218920905675242139e+01 2.616028796759606223e+01 0.000000000000000000e+00 -4.626011438558932376e+00 -1.416187008911122369e+01 -2.765740690404176405e+01 2.202655002494162062e+01 0.000000000000000000e+00 0.000000000000000000e+00 0.000000000000000000e+00 2.836810517665157150e+01 -3.000000000000000000e+01 0.000000000000000000e+00 2.141907893935550078e+01 3.000000000000000000e+01 -2.175140459216661526e+01 2.281586097364936450e+01
0.000000000000000000e+00 -4.169809624640122614e+00 -1.060872828795355716e+01 0.000000000000000000e+00 0.000000000000000000e+00 0.000000000000000000e+00 1.868840211380723204e+01 -8.550846772180854316e+00 -2.370968285197601944e+01 1.906718445975971932e+01 0.000000000000000000e+00 -1.315815826803060773e+01 1.941053737706025473e+01 3.000000000000000000e+01 8.233230297354317884e+00 0.000000000000000000e+00 -2.890520408108727679e-01 -1.134113878391531782e-03 1.275929321293922136e+01 2.734356433242920659e+01 0.000000000000000000e+00 8.790321655530151546e+00 2.643452054392579242e+01 2.813912310305783393e+01 1.134544244966348003e+01
0.000000000000000000e+00 -1.684731416997651365e+01 -1.065039754864555555e+01 -1.146357707195822417e+00 -7.876326772123753983e-02 0.000000000000000000e+00 1.341551213661927022e+01 -1.783731063611726597e+01 2.930261246724056079e+01 6.003001933846840998e+00 0.000000000000000000e+00 -2.455688125409839984e+01 -5.921584779737591120e+00 -1.452352711127763207e+00 -4.866984638893158355e+00 0.000000000000000000e+00 -3.247549144479198624e+00 -2.402391555210799279e+00 0.000000000000000000e+00 3.000000000000000000e+01 0.000000000000000000e+00 -6.158005908435955078e+00 9.486264081477742138e+00 1.820256084622518600e+01 -8.277476704434700849e+00
0.000000000000000000e+00 -1.853587701490722850e+01 -1.706884971145367658e+01 -7.563218223218604486e+00 -8.319703238085175201e+00 0.000000000000000000e+00 6.377560259970242562e+00 -2.563756436753515544e+01 2.440808185904084127e+01 -3.000000000000000000e+01 0.000000000000000000e+00 -2.870158184080864316e+01 -2.231896357416848176e+01 3.000000000000000000e+01 2.610235585137871084e+01 0.000000000000000000e+00 -1.249855997053211532e+01 -1.235538263706115458e+01 0.000000000000000000e+00 1.535484350707269918e+01 0.000000000000000000e+00 -1.640768641752935864e+01 -8.484070273629767955e-01 -2.567883568459665256e+01 -2.094291030157102540e+01
0.000000000000000000e+00 -3.000000000000000000e+01 -2.200885256697549508e+01 -2.199958552565389880e+01 -1.444457731335563899e+01 0.000000000000000000e+00 3.235487394159253238e+00 -2.993582441019991691e+01 1.278304365763085748e+01 -3.000000000000000000e+01 0.000000000000000000e+00 3.000000000000000000e+01 2.907902542885650377e+01 1.534214111603023056e+01 1.546404642330353774e+01 0.000000000000000000e+00 -1.835251476782955748e+01 -1.677280774260330887e+01 -7.998776487929045054e+00 2.631932464242980885e+00 0.000000000000000000e+00 -2.503073808312650073e+01 -1.575532608937165335e+01 -3.000000000000000000e+01 7.238686068217052849e+00
0.000000000000000000e+00 -3.000000000000000000e+01 -3.000000000000000000e+01 -3.000000000000000000e+01 -1.927740407459399918e+01 0.000000000000000000e+00 -2.528386679739046322e-11 -3.000000000000000000e+01 -7.925231552483582576e+00 -2.723953807313741038e+01 0.000000000000000000e+00 2.230901184129132631e+01 1.519143810079361678e+01 -1.843717025597344961e+00 2.331542738532191017e-01 0.000000000000000000e+00 -2.905285052231862508e+01 -3.000000000000000000e+01 -1.637410167247451298e+01 -3.196832925498208519e-09 0.000000000000000000e+00 -3.000000000000000000e+01 -2.828757251648823257e+01 -3.000000000000000000e+01 -2.230824294700517996e+01
0.000000000000000000e+00 3.000000000000000000e+01 3.000000000000000000e+01 3.000000000000000000e+01 3.000000000000000000e+01 0.000000000000000000e+00 9.075672397484934693e-10 3.000000000000000000e+01 -2.032002529688119452e+01 3.000000000000000000e+01 0.000000000000000000e+00 1.641676925387908170e+01 -9.001959585122433438e+00 2.566577585545048024e+01 0.000000000000000000e+00 0.000000000000000000e+00 3.000000000000000000e+01 3.000000000000000000e+01 -3.000000000000000000e+01 -2.771233748051529222e+00 0.000000000000000000e+00 3.000000000000000000e+01 3.000000000000000000e+01 3.000000000000000000e+01 3.000000000000000000e+01
0.000000000000000000e+00 3.000000000000000000e+01 2.950291946113100749e+01 3.000000000000000000e+01 1.713237966755750463e+01 0.000000000000000000e+00 2.342978046414824595e-09 3.000000000000000000e+01 4.034678251484084655e+00 3.000000000000000000e+01 0.000000000000000000e+00 6.425017048284917820e+00 3.000000000000000000e+01 5.770039244098175146e+00 0.000000000000000000e+00 0.000000000000000000e+00 2.195895163272908945e+01 2.518240435721663317e+01 2.061360803871600567e+01 -2.457732597540336172e+01 0.000000000000000000e+00 2.903401848108548577e+01 2.166872385951648639e+01 2.706716884984230731e+01 1.977747186083098185e+01
0.000000000000000000e+00 2.923969361820281776e+01 1.993084861172071243e+01 3.000000000000000000e+01 1.725015982280563165e+01 0.000000000000000000e+00 3.531338496342378088e-08 2.792164954706633750e+01 -2.135718376340843605e+01 2.332772956112125584e+01 0.000000000000000000e+00 6.310534056229445687e-02 2.201827588550685277e+01 -1.579182932664557004e+00 -1.600405981838376901e+00 0.000000000000000000e+00 2.039763156881529937e+01 1.593501580615678748e+01 -1.044143108123307151e+01 -3.000000000000000000e+01 0.000000000000000000e+00 1.352393141662661336e+01 1.488536679705227961e+01 1.841634954645056865e+01 1.573701165515531208e+01
0.000000000000000000e+00 2.468409869787904398e+01 1.793043998483481971e+01 2.182892686757424272e+01 3.946671293708606809e-01 0.000000000000000000e+00 -1.930509964761330410e+00 3.000000000000000000e+01 3.000000000000000000e+01 2.145046064225608973e+01 0.000000000000000000e+00 0.000000000000000000e+00 1.278595079004212387e+01 -1.371203572046735530e+01 -2.414375285879174982e+01 0.000000000000000000e+00 9.961624729567335024e+00 1.032718592538702751e+01 3.000000000000000000e+01 3.000000000000000000e+01 0.000000000000000000e+00 0.000000000000000000e+00 0.000000000000000000e+00 4.219592116609934607e+00 1.288338375617780862e+01
0.000000000000000000e+00 1.368170382061556367e+01 9.946252843232072038e+00 7.766536093039461797e+00 -2.402589260778641034e+01 0.000000000000000000e+00 -1.389281049329702888e+01 2.168314855300361899e+01 2.457677452695838483e+01 -1.751880719630647931e+01 0.000000000000000000e+00 -2.187152700498196345e-06 6.179248477229556252e-03 -3.000000000000000000e+01 3.000000000000000000e+01 0.000000000000000000e+00 0.000000000000000000e+00 3.000000000000000000e+01 -3.000000000000000000e+01 0.000000000000000000e+00 0.000000000000000000e+00 0.000000000000000000e+00 0.000000000000000000e+00 0.000000000000000000e+00 0.000000000000000000e+00
0.000000000000000000e+00 0.000000000000000000e+00 0.000000000000000000e+00 0.000000000000000000e+00 0.000000000000000000e+00 0.000000000000000000e+00 0.000000000000000000e+00 0.000000000000000000e+00 0.000000000000000000e+00 0.000000000000000000e+00 0.000000000000000000e+00 0.000000000000000000e+00 0.000000000000000000e+00 0.000000000000000000e+00 0.000000000000000000e+00 0.000000000000000000e+00 0.000000000000000000e+00 0.000000000000000000e+00 0.000000000000000000e+00 0.000000000000000000e+00 0.000000000000000000e+00 0.000000000000000000e+00 0.000000000000000000e+00 0.000000000000000000e+00 0.000000000000000000e+00
0.000000000000000000e+00 0.000000000000000000e+00 0.000000000000000000e+00 0.000000000000000000e+00 0.000000000000000000e+00 0.000000000000000000e+00 0.000000000000000000e+00 0.000000000000000000e+00 0.000000000000000000e+00 0.000000000000000000e+00 0.000000000000000000e+00 0.000000000000000000e+00 0.000000000000000000e+00 0.000000000000000000e+00 0.000000000000000000e+00 0.000000000000000000e+00 0.000000000000000000e+00 0.000000000000000000e+00 0.000000000000000000e+00 0.000000000000000000e+00 0.000000000000000000e+00 0.000000000000000000e+00 0.000000000000000000e+00 0.000000000000000000e+00 0.000000000000000000e+00
0.000000000000000000e+00 0.000000000000000000e+00 0.000000000000000000e+00 0.000000000000000000e+00 0.000000000000000000e+00 0.000000000000000000e+00 0.000000000000000000e+00 0.000000000000000000e+00 0.000000000000000000e+00 0.000000000000000000e+00 0.000000000000000000e+00 0.000000000000000000e+00 0.000000000000000000e+00 0.000000000000000000e+00 0.000000000000000000e+00 0.000000000000000000e+00 0.000000000000000000e+00 0.000000000000000000e+00 0.000000000000000000e+00 0.000000000000000000e+00 0.000000000000000000e+00 0.000000000000000000e+00 0.000000000000000000e+00 0.000000000000000000e+00 0.000000000000000000e+00
0.000000000000000000e+00 0.000000000000000000e+00 0.000000000000000000e+00 0.000000000000000000e+00 0.000000000000000000e+00 0.000000000000000000e+00 0.000000000000000000e+00 0.000000000000000000e+00 0.000000000000000000e+00 0.000000000000000000e+00 0.000000000000000000e+00 0.000000000000000000e+00 0.000000000000000000e+00 0.000000000000000000e+00 0.000000000000000000e+00 0.000000000000000000e+00 0.000000000000000000e+00 0.000000000000000000e+00 0.000000000000000000e+00 0.000000000000000000e+00 0.000000000000000000e+00 0.000000000000000000e+00 0.000000000000000000e+00 0.000000000000000000e+00 0.000000000000000000e+00
0.000000000000000000e+00 3.000000000000000000e+01 -8.648127239126690569e+00 2.618440068277956811e+01 2.454338008237268909e+01 0.000000000000000000e+00 1.691847355680104670e+01 2.730435035200800797e+01 -7.106535971647671701e+00 -2.621979944589245193e+01 0.000000000000000000e+00 -1.829571268142009766e+00 -1.192289282306214737e+01 -1.724983997099649713e+01 5.219326485933934556e+00 0.000000000000000000e+00 2.462466214062902736e+01 2.256827673851506333e+01 9.166257335980757759e+00 -2.554011974652583561e+01 0.000000000000000000e+00 0.000000000000000000e+00 0.000000000000000000e+00 0.000000000000000000e+00 0.000000000000000000e+00
0.000000000000000000e+00 2.749624584106777547e+01 -2.418081177169699103e+01 1.197055389911420775e+01 3.543061316562644558e-01 0.000000000000000000e+00 1.218071281643801962e+00 2.089447233558088968e+01 2.195106869625895385e+01 2.347852173096313422e+01 0.000000000000000000e+00 -1.717537422883802023e+01 2.563507711303682512e+01 -3.000000000000000000e+01 -1.232191372032312060e+01 0.000000000000000000e+00 1.846744981104837890e+01 1.779965101175642772e+01 0.000000000000000000e+00 3.000000000000000000e+01 0.000000000000000000e+00 0.000000000000000000e+00 0.000000000000000000e+00 0.000000000000000000e+00 0.000000000000000000e+00
0.000000000000000000e+00 1.909590216505367266e+01 2.432714517249474184e+01 2.175501029020139043e+01 -2.056389563946483889e+01 0.000000000000000000e+00 -9.971417210754699904e-07 -1.633263384572470756e+01 -6.254404197690988987e+00 -7.244301881801828991e+00 0.000000000000000000e+00 -3.000000000000000000e+01 1.681672678075881322e+01 2.622176887299810488e+01 3.000000000000000000e+01 0.000000000000000000e+00 6.906121011868840753e+00 3.197866840246258668e+00 0.000000000000000000e+00 2.061431464674728176e+01 0.000000000000000000e+00 0.000000000000000000e+00 0.000000000000000000e+00 0.000000000000000000e+00 0.000000000000000000e+00
-1.593066554918748726e-02 4.590596623803597787e+00 -1.557839164766017781e+01 8.500286214952028629e+00 -6.400119485860239266e+00 0.000000000000000000e+00 -3.329180492891210985e+00 2.521276830870627705e+01 -4.481655491849393158e+00 2.432035911710846676e+01 0.000000000000000000e+00 3.000000000000000000e+01 -5.952754070172398215e+00 1.356177695992376542e+01 2.186141417564006417e+01 0.000000000000000000e+00 0.000000000000000000e+00 0.000000000000000000e+00 0.000000000000000000e+00 3.582289743294310380e+00 0.000000000000000000e+00 0.000000000000000000e+00 0.000000000000000000e+00 0.000000000000000000e+00 0.000000000000000000e+00
-4.620657440706879449e+00 -1.611772001492359863e+01 -2.308765567766691262e+01 1.176040672513941843e+01 3.000000000000000000e+01 0.000000000000000000e+00 -2.368219488921617355e+01 6.928664656467788063e+00 1.181125227382958442e+01 -8.609267266590293621e-01 0.000000000000000000e+00 2.319159503283898260e+01 -2.068852802565304927e+01 -2.050538758124789851e+01 3.267481296622955611e+00 -3.853473890590764839e+00 0.000000000000000000e+00 0.000000000000000000e+00 0.000000000000000000e+00 2.028317800017277679e-05 0.000000000000000000e+00 0.000000000000000000e+00 0.000000000000000000e+00 0.000000000000000000e+00 0.000000000000000000e+00
-1.041695457218530052e+01 2.078991048151312881e+01 3.000000000000000000e+01 5.550112703904104272e+00 -4.900533952434214524e-01 -4.653163409652333327e-02 -2.689845575884595519e+01 1.827234745057978671e+01 -1.249589936927661427e+01 1.358078478301474590e+01 0.000000000000000000e+00 1.196907751645843376e+01 1.359873538154006356e+00 8.655900192166766871e+00 -5.905834704249118161e+00 -1.048000775889868841e+01 -4.098238709905383664e-02 2.051272859139982597e-14 -6.656255703006779267e-01 -2.055183835020240490e+00 0.000000000000000000e+00 0.000000000000000000e+00 0.000000000000000000e+00 0.000000000000000000e+00 0.000000000000000000e+00
-1.269645702797029507e+01 2.039328096297869930e+00 2.574879627027413775e+01 -3.279663269669207182e+00 -2.242857398677992009e+01 -9.057337921135978576e+00 7.710381774463895610e+00 1.568118273309113775e+01 -4.723413244867967542e+00 -1.448742658067879141e+01 0.000000000000000000e+00 -6.161912046502297180e+00 -2.386207564841753737e+01 -1.217982502477697437e+01 -1.253822951377268424e+01 -1.853460191745161723e+01 -2.400131750233381212e+00 0.000000000000000000e+00 -4.056604504571027725e+00 -1.187713518906441656e+01 0.000000000000000000e+00 0.000000000000000000e+00 0.000000000000000000e+00 0.000000000000000000e+00 0.000000000000000000e+00
-1.326641183540507463e+01 1.445549897212918111e+01 1.938847943003166208e+01 -1.840475150311906782e+00 -7.799683688831724915e+00 -2.385687332490700285e+01 -1.483491914136559053e+01 -9.150818530170024445e+00 -1.848449434929614554e+01 -2.360266460676113454e+01 -5.966992212482782776e+00 -1.727728593016439973e+01 -2.961202583740844929e+01 -1.879680056078379735e+01 -3.000000000000000000e+01 -2.071959334609588055e+01 -1.041281548626145970e+01 1.551516159017592628e-09 -1.205370015855932486e+01 -2.159351256940757580e+01 0.000000000000000000e+00 0.000000000000000000e+00 0.000000000000000000e+00 0.000000000000000000e+00 0.000000000000000000e+00
-2.177742864891625629e+01 -8.117711624432056183e+00 6.194746555113551878e+00 -1.261369426304154118e+01 -1.619439741608817229e+01 -2.781476445069402814e+01 -2.625907757910099605e+01 -1.142513624495042279e+01 -3.000000000000000000e+01 -3.000000000000000000e+01 -2.256691435387257272e+01 -2.786514615194590050e+01 3.000000000000000000e+01 -3.000000000000000000e+01 -2.755937608392822114e+01 -2.902676456365297497e+01 -1.698122032718902474e+01 -3.197335185327203178e+00 -2.494619643739239478e+01 -3.000000000000000000e+01 0.000000000000000000e+00 0.000000000000000000e+00 0.000000000000000000e+00 0.000000000000000000e+00 0.000000000000000000e+00
3.000000000000000000e+01 -2.409831379805160267e+01 -3.658627362471889466e+00 -2.570527188832508614e+01 2.735418534775098820e+01 3.000000000000000000e+01 2.559903705332873614e+01 1.419857721605287004e+01 3.000000000000000000e+01 3.000000000000000000e+01 3.000000000000000000e+01 3.000000000000000000e+01 2.952019557064331323e+01 3.000000000000000000e+01 3.000000000000000000e+01 3.000000000000000000e+01 -1.255503730422898379e+01 -5.507806190458301998e+00 -2.430473978776583266e+01 3.000000000000000000e+01 0.000000000000000000e+00 0.000000000000000000e+00 0.000000000000000000e+00 0.000000000000000000e+00 0.000000000000000000e+00
2.017320234856591199e+01 3.000000000000000000e+01 -1.208388315317759698e+01 3.000000000000000000e+01 1.615303975112884061e+01 2.484005369241464223e+01 1.664281492029351384e+01 0.000000000000000000e+00 2.818515735221205887e+01 2.632216266311728958e+01 1.675888680019085442e+01 2.068160184737627105e+01 1.967462853831650449e+01 2.419607324744938026e+01 3.000000000000000000e+01 2.613825032468381693e+01 -1.303965855481929026e+01 -1.816947599680850089e+01 2.808758504243551002e+01 2.646204469854080088e+01 0.000000000000000000e+00 0.000000000000000000e+00 0.000000000000000000e+00 0.000000000000000000e+00 0.000000000000000000e+00
5.119738263211783824e+00 2.566115386796577980e+01 1.129318041330730438e+01 3.000000000000000000e+01 1.353134659830279141e+01 1.870298222419409129e+01 1.569844427278818877e+01 -7.165473708577178025e-01 2.880777858597038232e+01 1.590054191753683277e+01 5.646508202006192079e+00 9.568874119535201173e-01 1.001782155004883457e+01 1.642270022001904195e+01 1.922056624427639449e+01 1.941270593172061254e+01 2.237113316494423287e+01 -1.540957250228155573e+01 2.384045444724005236e+01 1.309611285958799165e+01 0.000000000000000000e+00 0.000000000000000000e+00 0.000000000000000000e+00 0.000000000000000000e+00 0.000000000000000000e+00
1.543085650638392181e+01 2.815796170550240873e+01 0.000000000000000000e+00 3.000000000000000000e+01 1.223404302306862057e+01 2.488195375999673686e+01 2.562556489397938009e-01 -1.800006621447566602e+01 2.967971087686290943e+01 2.569185936789433189e+00 -6.398710600625969747e-01 -9.416844060747416138e-14 -7.197220803143771661e+00 3.269101314708570349e+00 1.044851594363277059e+01 1.542118268164126960e+01 1.924398537619746463e+01 -2.534294929682697628e+01 1.478054862097760314e+01 1.505415640713828163e+00 0.000000000000000000e+00 0.000000000000000000e+00 0.000000000000000000e+00 0.000000000000000000e+00 0.000000000000000000e+00
4.469914134091310665e+00 1.232468311068002720e+01 -2.457900203429178809e+00 3.000000000000000000e+01 9.033001505703261103e+00 1.046285315980782116e+01 -1.964674794580123063e+01 2.181117101391276236e+01 1.661697403936888406e+01 0.000000000000000000e+00 -1.649045058743149283e+01 -1.178942140531544780e+00 2.290504654284883301e+01 8.098326313232119199e-19 9.500545957662813734e+00 1.117897428376611657e+01 1.438693058986214623e+01 3.000000000000000000e+01 1.213676228004570135e+01 -2.119220407589573337e-14 0.000000000000000000e+00 0.000000000000000000e+00 0.000000000000000000e+00 0.000000000000000000e+00 0.000000000000000000e+00
-1.328827314851872465e+01 4.173950543816149494e-01 1.665720919785129084e+01 3.000000000000000000e+01 4.201983307154280922e+00 -4.727066662298413213e+00 7.460416205288862734e+00 8.598956354186887197e+00 6.749228481210113095e+00 0.000000000000000000e+00 2.995277272710272598e+01 -1.892592274472326963e+01 -2.751247681571509673e+00 1.879849274511721961e-19 -6.963151328331360190e+00 5.100303597572755088e+00 1.716905165378280174e+01 2.574795963351491679e+01 9.977623698373378147e+00 3.533799209220417526e-18 0.000000000000000000e+00 0.000000000000000000e+00 0.000000000000000000e+00 0.000000000000000000e+00 0.000000000000000000e+00
-1.586438457243031763e+01 1.256960806199403091e+00 -4.483501810140498200e+00 2.455260131932840650e+01 9.536916142608543187e-15 -2.028308828554266796e+01 1.304209773832866893e-03 -1.765278180117705631e+01 -1.004886510796001886e+01 0.000000000000000000e+00 2.060820539378730487e+01 3.000000000000000000e+01 -1.865725884500765375e+01 -7.210112251800841231e-19 -2.534972220108423713e+01 0.000000000000000000e+00 1.199909595702908405e+01 2.473560765490007540e+01 5.956877664672592942e-01 0.000000000000000000e+00 0.000000000000000000e+00 0.000000000000000000e+00 0.000000000000000000e+00 0.000000000000000000e+00 0.000000000000000000e+00
-2.259816921666046596e+01 1.590219420325906086e+01 1.720784373505676967e+01 1.065636146877098511e+01 0.000000000000000000e+00 2.590952822280770818e+01 -1.414412813425616022e+01 2.433836469310043782e+01 1.669207145093838918e+01 0.000000000000000000e+00 9.703354931553239027e+00 2.434815044971227493e+01 1.908942580273941303e+01 -2.650406244645245203e-16 2.432847972043268214e+01 -4.742868021345580942e-01 5.270549864760617709e+00 1.999608753471133227e+01 -9.882085475411125919e-03 0.000000000000000000e+00 0.000000000000000000e+00 0.000000000000000000e+00 0.000000000000000000e+00 0.000000000000000000e+00 0.000000000000000000e+00
2.876676961592635351e+01 -1.635066709665322193e+01 -8.272738984948631469e+00 1.374041595657890191e+00 0.000000000000000000e+00 1.939305142279961913e+01 -3.201662784013481922e+00 9.834666639036369062e+00 1.224926730298152755e+01 0.000000000000000000e+00 -1.340750253720975493e+01 1.201030407501915853e+01 5.096256910625226233e+00 -3.032615981893964428e-11 7.055812048559204186e+00 -1.143629762960107321e+01 4.310761804912153751e-05 6.352012178609654391e+00 -5.382404961006328925e+00 0.000000000000000000e+00 0.000000000000000000e+00 0.000000000000000000e+00 0.000000000000000000e+00 0.000000000000000000e+00 0.000000000000000000e+00
1.475743271844653925e+01 1.134573836197004226e+01 -1.884852754017058629e+01 -1.067417319324442815e+01 0.000000000000000000e+00 7.446042870703393213e+00 -1.306289005832364403e+01 -2.179425057597057247e+01 1.756241687583343758e+00 0.000000000000000000e+00 2.264158543618049535e+01 -1.479282735143115701e+01 6.812038834619712178e-03 -8.351918022795828114e-17 -2.622735732606495257e-02 -1.797783892703379394e+01 -1.754590764801032265e-01 5.421227819714247609e+00 -1.962041647359740537e+01 0.000000000000000000e+00 0.000000000000000000e+00 0.000000000000000000e+00 0.000000000000000000e+00 0.000000000000000000e+00 0.000000000000000000e+00
2.877135305487171113e+00 7.308052866317356511e+00 2.104094499049921652e+01 -1.828823355133324569e+01 0.000000000000000000e+00 -2.160388782685681619e+01 3.535822814127655533e+00 -1.498167925199986783e+01 -1.181915336422976100e-07 0.000000000000000000e+00 1.465663764216900589e+01 1.279248192978697141e+01 -1.079600010445565195e+00 -7.023750481109055115e-16 -6.917954672582402154e+00 -2.264319476958738164e+01 -1.298003983334198352e+01 -1.682738346392115003e-01 -2.548507796473923648e+01 0.000000000000000000e+00 0.000000000000000000e+00 0.000000000000000000e+00 0.000000000000000000e+00 0.000000000000000000e+00 0.000000000000000000e+00
3.796987607895635275e+00 -1.684847555906790717e+01 9.614683540628545799e+00 -2.327577990647825246e+01 0.000000000000000000e+00 -1.713172872289895565e+01 -2.147461739892620614e+01 -2.128674613554193584e+01 0.000000000000000000e+00 0.000000000000000000e+00 6.335254158844976224e+00 -1.714893405761639755e+01 -8.904208816220357647e+00 -9.862857327003240808e-17 -1.485596048303161432e+01 2.733508267034578054e+01 -1.983620547807274193e+01 -8.702514193820478638e+00 2.951888127917878890e+01 0.000000000000000000e+00 0.000000000000000000e+00 0.000000000000000000e+00 0.000000000000000000e+00 0.000000000000000000e+00 0.000000000000000000e+00
-1.035273727038381786e+01 1.025341971798028240e+01 -6.015181037578662959e+00 2.505473357668404688e+01 0.000000000000000000e+00 3.000000000000000000e+01 2.527272585712840325e+01 2.283864417778033840e+01 0.000000000000000000e+00 0.000000000000000000e+00 -1.719376072708630332e+01 1.560939627238658112e+01 -1.269071911282371090e+01 0.000000000000000000e+00 -1.746930240158187431e+01 2.031737319723043100e+01 2.968465875631670059e+01 -2.105300474322489634e+01 1.887532387868699857e+01 0.000000000000000000e+00 0.000000000000000000e+00 0.000000000000000000e+00 0.000000000000000000e+00 0.000000000000000000e+00 0.000000000000000000e+00
1.447511956412720302e+01 -1.014686210288308388e+01 -1.866562283770824493e+01 1.319501527081139614e+01 0.000000000000000000e+00 2.352375236245151413e+01 8.230381790304827305e+00 -8.172014653755454994e-01 0.000000000000000000e+00 0.000000000000000000e+00 2.019141315008374704e+01 1.495660779705705989e+00 -1.746118334560537733e+01 0.000000000000000000e+00 1.860456654753502193e+01 6.111293400261097908e+00 1.676441449268167005e+01 2.880860991229885215e+01 1.216845146748827133e+01 0.000000000000000000e+00 0.000000000000000000e+00 0.000000000000000000e+00 0.000000000000000000e+00 0.000000000000000000e+00 0.000000000000000000e+00
-1.004590832175445669e+01 -1.572548508003350776e+01 -3.000000000000000000e+01 1.179739631426345525e+00 0.000000000000000000e+00 2.797241366462244017e+01 -2.209006846558518311e-01 -2.636985394002228844e+01 -2.917807378186584533e+00 0.000000000000000000e+00 -9.568390471646031514e+00 -2.187363238240307695e+01 1.978492825492969587e+01 0.000000000000000000e+00 1.369388456026547907e+01 -1.487480033061236107e+01 -1.110395109637078725e+01 2.517993839547887092e+01 5.391626657934497913e-02 0.000000000000000000e+00 -1.946094205099653474e+00 0.000000000000000000e+00 0.000000000000000000e+00 -2.282410941749101418e+00 0.000000000000000000e+00
-1.676197988583587417e+01 -3.000000000000000000e+01 1.582771846715554531e+01 -1.115817635219485204e+01 0.000000000000000000e+00 2.094617455349707313e+01 -1.633287784428069145e+01 -3.000000000000000000e+01 -5.820942437793437563e+00 0.000000000000000000e+00 3.000000000000000000e+01 3.000000000000000000e+01 1.567537144950307848e+01 0.000000000000000000e+00 1.196502632951876954e+01 -2.609632983567721709e+01 -2.395640048127115307e+01 1.409327804571222664e+01 -6.281255581977245187e-16 0.000000000000000000e+00 -1.117653978833977035e+01 -3.778803206010934002e+00 -3.392882179030367595e+00 -1.124396390535074808e+01 0.000000000000000000e+00
-2.936815585476519530e+01 -3.000000000000000000e+01 -1.732905368095083531e+01 -2.180245535346988817e+01 0.000000000000000000e+00 2.873999528338780696e+00 2.470981847737228065e+01 -3.000000000000000000e+01 -1.464386350901972556e+01 0.000000000000000000e+00 2.166793800524756008e+01 2.011314402572426019e+01 1.586374181890886881e+01 0.000000000000000000e+00 2.080669569194423030e+00 -3.000000000000000000e+01 -3.000000000000000000e+01 -1.043133655806458648e+01 5.985359363767005289e-16 0.000000000000000000e+00 -1.339707513100814040e+01 -2.132988381242970988e+01 -9.909954038268024235e+00 -1.959398105738942419e+01 0.000000000000000000e+00
-2.458406965821284729e+01 -3.000000000000000000e+01 -3.000000000000000000e+01 -3.000000000000000000e+01 0.000000000000000000e+00 -3.879191418526890534e+00 1.376313119097623883e+01 -3.000000000000000000e+01 -1.701067510900604063e+01 0.000000000000000000e+00 2.207869793364872280e+01 -1.909116501365984431e-01 1.846428482742666466e+00 0.000000000000000000e+00 -7.456197704085722887e-12 -2.734233177532894032e+01 -2.530623834932208283e+01 -2.654035064969976787e+01 0.000000000000000000e+00 0.000000000000000000e+00 -2.064319016643764826e+01 -2.949781546167722013e+01 -2.647541280529635443e+01 -3.000000000000000000e+01 0.000000000000000000e+00
3.000000000000000000e+01 3.000000000000000000e+01 3.000000000000000000e+01 3.000000000000000000e+01 0.000000000000000000e+00 2.577200856599747425e+01 1.096676153788828448e-02 3.000000000000000000e+01 2.330083712678263197e+01 0.000000000000000000e+00 1.690942447105259561e+01 2.611457536181202954e+01 -1.051348079776846091e-08 0.000000000000000000e+00 -8.267720917890463668e-15 3.000000000000000000e+01 3.000000000000000000e+01 -2.804479257241230172e+01 -1.517098883875009907e+00 0.000000000000000000e+00 3.000000000000000000e+01 3.000000000000000000e+01 3.000000000000000000e+01 3.000000000000000000e+01 0.000000000000000000e+00
2.250915807799253798e+01 3.000000000000000000e+01 2.369732493220390168e+01 2.755680290957572254e+01 0.000000000000000000e+00 8.899458156993880209e+00 -6.193586627455598403e+00 3.000000000000000000e+01 1.712056567426746767e+01 0.000000000000000000e+00 1.608336162320507157e+01 5.803913726705085985e+00 0.000000000000000000e+00 0.000000000000000000e+00 6.274374945948857013e-15 2.624887195722172706e+01 2.717080758299689691e+01 3.000000000000000000e+01 -4.845329747682144195e+00 0.000000000000000000e+00 1.838771797532142926e+01 2.553568211154213330e+01 2.077150342766721991e+01 2.773287179688611914e+01 0.000000000000000000e+00
1.460993050676350791e+01 2.589169309112555339e+01 1.765816294379860096e+01 1.109705888897008741e+01 0.000000000000000000e+00 -1.794551614844264265e+01 -2.645531218010131269e+01 2.268303127733573632e+01 9.404162291375264715e+00 0.000000000000000000e+00 1.218371807448214605e+00 2.403869988900746435e+01 0.000000000000000000e+00 0.000000000000000000e+00 -1.111880160152486585e+00 1.835781941529179662e+01 1.494347334834163377e+01 2.320746429916761855e+01 -1.463738422653248605e+01 0.000000000000000000e+00 -4.031494287804713750e+00 1.848965927915402929e+01 1.250534620582856071e+01 1.939934961265633007e+01 0.000000000000000000e+00
1.198491071986292411e+01 1.717561889079864201e+01 7.177978027276710193e+00 2.224912362021792323e+00 0.000000000000000000e+00 3.000000000000000000e+01 2.628932643690966131e+01 1.630158635524963628e+01 2.171517430955316463e+00 0.000000000000000000e+00 -1.144934315667467928e+01 1.246649190423075559e+01 0.000000000000000000e+00 0.000000000000000000e+00 -7.368415503320632887e+00 2.687788244817017613e+01 -5.644215488952237791e+00 7.079729447742487025e+00 -2.231175980043112972e+01 0.000000000000000000e+00 1.941341766964431059e+01 -8.616670697242948762e+00 4.883115418825311416e+00 1.100228001380677334e+01 0.000000000000000000e+00
8.064582216288817662e+00 4.945438943132687726e+00 4.910979308201480542e+00 0.000000000000000000e+00 0.000000000000000000e+00 3.000000000000000000e+01 9.727320744971349242e+00 6.974005749882667970e+00 -4.738138578969855352e+00 0.000000000000000000e+00 -2.417527540721032864e+01 -1.453114230642781557e+01 0.000000000000000000e+00 0.000000000000000000e+00 -1.719777966457315443e+01 1.179555173579009164e+01 7.567788950396280301e-01 -9.632348014403801931e-04 2.138777477519300163e+01 0.000000000000000000e+00 -5.861429993260985682e+00 2.209025937816394958e+01 -3.384601387152544216e+00 2.033299557876262043e+00 0.000000000000000000e+00
2.152990585530189516e-01 0.000000000000000000e+00 2.706080104631442662e+00 0.000000000000000000e+00 0.000000000000000000e+00 3.000000000000000000e+01 -1.136856627876466597e+01 4.260992641894762036e-12 -1.603603844192871719e+01 0.000000000000000000e+00 -2.442033221854712721e+01 1.076941560478062243e+01 0.000000000000000000e+00 0.000000000000000000e+00 -2.009787248042552221e+01 -8.090279637336989182e+00 1.442841996053541109e+01 -7.449354094000064208e+00 1.514409255271001165e+01 0.000000000000000000e+00 -2.246086367318999066e+01 -2.555696008181834955e+00 -1.966044045022432130e+01 3.208199229760450837e-16 0.000000000000000000e+00
0.000000000000000000e+00 0.000000000000000000e+00 0.000000000000000000e+00 0.000000000000000000e+00 0.000000000000000000e+00 -2.491073197358219105e+01 2.529147650123029223e+01 -2.573200393028189570e-09 -2.636237201140050246e+01 0.000000000000000000e+00 -2.639597210175802289e+01 2.511887536757302186e+01 -2.819188497522358006e+00 0.000000000000000000e+00 2.371489978578043178e+01 2.183663785263959056e+01 -5.790194913316736303e-01 -2.467416483729629206e+01 1.523751261174450988e+01 0.000000000000000000e+00 -2.487689173210458549e+01 -1.810951489411305104e+01 3.000000000000000000e+01 2.307160038005770354e-11 0.000000000000000000e+00
0.000000000000000000e+00 0.000000000000000000e+00 0.000000000000000000e+00 0.000000000000000000e+00 0.000000000000000000e+00 1.117639030411253742e+01 6.029440765948722358e+00 -1.898667517718604578e-10 3.000000000000000000e+01 0.000000000000000000e+00 3.000000000000000000e+01 9.800310434238564739e+00 -1.222112318273869036e+01 0.000000000000000000e+00 1.567850990094723507e+01 7.954736237272808097e+00 -2.527052567797312221e+01 3.000000000000000000e+01 3.875536364255138366e+00 0.000000000000000000e+00 -2.219484018153313087e+01 -3.000000000000000000e+01 2.934403643708849785e+01 -5.942583169259237685e+00 0.000000000000000000e+00
0.000000000000000000e+00 0.000000000000000000e+00 0.000000000000000000e+00 0.000000000000000000e+00 0.000000000000000000e+00 -1.980567710751684629e+01 -1.434171181639740844e+01 -6.456091391662910471e-11 2.437982530262210190e+01 0.000000000000000000e+00 2.665713735654183836e+01 -1.611590735705532040e+01 -1.711177545230324171e+01 -4.013797287307169852e-13 8.459957061261269118e+00 1.691542955355319933e+01 2.289762159683598242e+01 2.319490708549470170e+01 -1.894165953833864808e-11 0.000000000000000000e+00 2.826764373586929224e+01 2.638611568496535398e+01 2.246943518142889218e+01 -1.627116271598664454e+01 0.000000000000000000e+00
0.000000000000000000e+00 0.000000000000000000e+00 0.000000000000000000e+00 0.000000000000000000e+00 0.000000000000000000e+00 3.000000000000000000e+01 2.240610697472001434e+01 0.000000000000000000e+00 1.135891801502820186e+01 0.000000000000000000e+00 7.340032082991155171e+00 1.847542873397866003e+01 2.077532106543778312e+01 0.000000000000000000e+00 4.571211592081680236e-02 -4.478884471159001457e+00 -1.380817862430590282e+01 3.360062021176736802e-01 -2.843105515274154893e+00 0.000000000000000000e+00 3.000000000000000000e+01 3.000000000000000000e+01 2.220265332318809826e+01 -2.265196863121553861e+01 0.000000000000000000e+00
0.000000000000000000e+00 0.000000000000000000e+00 0.000000000000000000e+00 0.000000000000000000e+00 0.000000000000000000e+00 2.323193766261616844e+01 1.416522371909730538e+01 0.000000000000000000e+00 2.360368199702564507e+00 0.000000000000000000e+00 2.046074783330499613e+01 -1.055233219227394992e+00 2.233892183500596040e+00 0.000000000000000000e+00 -1.569908194945722479e-02 -2.201482008299638693e+01 2.094983616446291208e+01 -2.619838025841361784e+01 -1.266505120929618577e+01 0.000000000000000000e+00 1.554932975311891141e+01 2.083176980590411276e+01 -4.230134892121892420e+00 2.697103171084287254e+01 0.000000000000000000e+00
0.000000000000000000e+00 0.000000000000000000e+00 0.000000000000000000e+00 0.000000000000000000e+00 0.000000000000000000e+00 1.816065821924598467e+01 -4.299419177521599522e+00 0.000000000000000000e+00 -9.753819457686601444e-10 0.000000000000000000e+00 1.714525206140334035e+01 -2.480883217569233778e+01 -1.738486162848832706e+01 0.000000000000000000e+00 -1.125767262072073116e+01 -2.239342828544330644e+01 -6.487410132324560763e+00 2.355223955868957120e+01 1.888901725232626205e+01 0.000000000000000000e+00 1.049392833056390195e+01 6.252072408298611883e+00 -2.247124178898549829e+01 1.967088169237175777e+01 0.000000000000000000e+00
0.000000000000000000e+00 0.000000000000000000e+00 0.000000000000000000e+00 0.000000000000000000e+00 0.000000000000000000e+00 6.288785951642962502e+00 -2.093787627983453348e+01 0.000000000000000000e+00 -1.795915185168366003e-11 0.000000000000000000e+00 -4.298334548388455190e+00 2.502799244035232817e+01 2.950283286337677779e+01 -1.151322424408703926e-11 -1.777009656709235941e+01 2.762599941823912175e+01 5.728059830012906417e+00 -8.456702512556217854e+00 8.453192121497732359e+00 0.000000000000000000e+00 -5.408640614732216356e+00 8.311563715678591535e-01 3.000000000000000000e+01 3.564502002970672212e+00 0.000000000000000000e+00
0.000000000000000000e+00 0.000000000000000000e+00 0.000000000000000000e+00 0.000000000000000000e+00 0.000000000000000000e+00 -7.695325146701243568e+00 3.000000000000000000e+01 0.000000000000000000e+00 0.000000000000000000e+00 -4.622465634045904714e+00 -1.530860943892456127e+01 4.104122273436254353e+00 1.263452537057222713e+01 6.422648120664040428e-11 -1.491450537800293930e+01 -1.005797347106376627e+01 -2.404400429989585586e+00 1.656120607006148404e+01 -4.860605714528822396e+00 0.000000000000000000e+00 -1.475973119754635299e+01 1.067546200839215764e+01 2.516167787895028241e+01 -1.797723950247802094e+01 0.000000000000000000e+00
0.000000000000000000e+00 0.000000000000000000e+00 0.000000000000000000e+00 0.000000000000000000e+00 0.000000000000000000e+00 -1.448099185349326312e+01 2.814913862452105064e+01 0.000000000000000000e+00 0.000000000000000000e+00 -1.477623466190941670e+01 1.411202657505476665e+01 -1.613964023685177196e+01 -2.368307034174734760e+00 0.000000000000000000e+00 1.612034512674950548e+01 1.349527417721479061e+01 1.338254834183987541e+01 2.111996301847381474e+01 -2.074334919564038415e+01 0.000000000000000000e+00 -2.938195500858349263e+01 -3.322121240895679506e+00 -1.256384452856427814e+01 1.431915770312518710e+01 -1.605609359515018042e+00
0.000000000000000000e+00 0.000000000000000000e+00 0.000000000000000000e+00 0.000000000000000000e+00 0.000000000000000000e+00 -2.063397025641278404e+01 1.566225650899639277e+01 0.000000000000000000e+00 -8.549490645535607891e-01 -1.894505055053532416e+01 -2.779692340521632499e+00 -2.868584447480204958e+01 -1.710458571507107806e+01 -2.276302125634323215e+00 -2.423599314066760968e+01 -1.714478907417869635e+01 -7.568290657721957082e+00 1.928579130230540395e+00 -2.303580187097762177e+01 -1.239452668055119844e+01 8.727669358247084119e+00 -1.352283088069500216e+01 1.188728145671270298e+01 -1.770111891429399265e+01 -9.807866701680191923e+00
0.000000000000000000e+00 0.000000000000000000e+00 0.000000000000000000e+00 0.000000000000000000e+00 0.000000000000000000e+00 -2.895912282488275125e+01 5.884431591168298503e+00 0.000000000000000000e+00 -1.000368288323304000e+01 -2.577340004252063466e+01 -1.378609817137341942e+01 3.000000000000000000e+01 -3.000000000000000000e+01 -1.886756611914143988e+01 -3.000000000000000000e+01 -2.818171199079148437e+01 -3.000000000000000000e+01 -1.041422838046464072e+01 -2.423182709132108670e+01 -2.396387733826130528e+01 -2.003045393825609821e+01 -1.251586308476160880e+01 5.699358027713648411e+00 -1.207910049128881802e+01 -1.395345068605535488e+01
0.000000000000000000e+00 0.000000000000000000e+00 0.000000000000000000e+00 0.000000000000000000e+00 0.000000000000000000e+00 -3.000000000000000000e+01 -8.806514060913309905e+00 0.000000000000000000e+00 -1.955421043400607317e+01 -3.000000000000000000e+01 -2.611615432934049608e+01 -3.000000000000000000e+01 -2.887783141846391999e+01 -3.000000000000000000e+01 3.000000000000000000e+01 -2.621921392123097405e+01 -3.000000000000000000e+01 2.087901637139457378e+01 -3.000000000000000000e+01 -3.000000000000000000e+01 -2.023441786251531127e+01 -2.383596308670067287e+01 -3.711935470266431558e+00 -1.893562589601062740e+01 -1.642201096526389037e+01
