# yaw
0.000000000000000000e+00 0.000000000000000000e+00 0.000000000000000000e+00 0.000000000000000000e+00 0.000000000000000000e+00 2.501409910957380234e+01 -5.569352709269502100e+00 2.968509294074100952e-12 3.000000000000000000e+01 3.000000000000000000e+01 2.530829206063954118e+01 -1.589869351792594543e+01 -1.019999899403019050e+01 -2.015176951105641123e+01 2.901013929524633994e+01 3.000000000000000000e+01 -1.301614062310310871e+01 -1.968989499862403392e+01 -1.522528448885429775e+01 2.807996051291796391e+01 2.968446515432474442e+01 -1.646583543821896756e+00 -1.918997495852785376e-12 0.000000000000000000e+00 2.702282003711093594e+01
0.000000000000000000e+00 0.000000000000000000e+00 0.000000000000000000e+00 0.000000000000000000e+00 0.000000000000000000e+00 8.643133919734156123e+00 -2.274460691328305373e+01 -9.651865493492950421e+00 2.552303757624892100e+01 1.932514211355574929e+01 5.622101803733512426e+00 2.835050643212539612e+01 -2.159282300679239341e+01 2.867138617588084060e+01 1.287086519073813662e+01 1.898032322912747105e+01 3.000000000000000000e+01 2.635266659408904033e+01 1.026485883353340611e+01 1.086847759454300544e+01 1.821998667751853063e+01 -1.665261655250273876e+01 -2.820064569091492501e+00 -3.477033939518740617e-03 1.376689642171426975e+01
0.000000000000000000e+00 0.000000000000000000e+00 0.000000000000000000e+00 0.000000000000000000e+00 0.000000000000000000e+00 1.795673809859755020e-11 1.443325224299912080e+01 -2.420577066485239470e+01 6.283428868846863580e+00 4.535772165284152280e+00 0.000000000000000000e+00 8.646158070141225949e+00 2.681123484456546180e+01 1.531751901614177669e+01 7.536327780475066129e-01 2.216510621108759516e+00 2.368968696475162972e+01 3.532842955139567476e+00 5.512880262772675305e-10 0.000000000000000000e+00 6.775793264140705929e+00 2.854636646110964193e+01 -2.540106227106300452e+01 -1.069181793445820761e+00 1.180577871873982110e+00
0.000000000000000000e+00 0.000000000000000000e+00 0.000000000000000000e+00 0.000000000000000000e+00 0.000000000000000000e+00 0.000000000000000000e+00 7.562203244670723246e-01 1.950819666344914083e+01 -1.106870902651199892e-10 -4.056087518875787428e-09 0.000000000000000000e+00 -3.739858860791903387e-11 9.950766243702583225e+00 2.141364327723994432e+00 -4.733278287550200597e-11 -1.277948712901502013e-10 6.256460563089005333e+00 1.453987133707019941e-09 0.000000000000000000e+00 0.000000000000000000e+00 -1.183129813503654395e-10 1.978854101591735315e+01 1.915568304025180169e+01 4.934538594776605613e+00 -1.457013119911797716e+00
0.000000000000000000e+00 0.000000000000000000e+00 0.000000000000000000e+00 0.000000000000000000e+00 0.000000000000000000e+00 0.000000000000000000e+00 0.000000000000000000e+00 4.608430187605488393e-01 5.308230431925368996e-10 0.000000000000000000e+00 0.000000000000000000e+00 -8.016538480444616255e+00 3.441963957220208611e-10 1.217621539936146738e-10 5.693093490641476388e-12 1.929430368279113259e-11 1.600031164003234974e+00 0.000000000000000000e+00 -5.012731086037899964e+00 -2.323260954911989362e+00 5.946381979660775699e-12 -7.530948718994314728e-01 -5.851689403485661467e-01 -4.706396150551091395e+00 -2.140724326059040727e+00
0.000000000000000000e+00 0.000000000000000000e+00 0.000000000000000000e+00 0.000000000000000000e+00 0.000000000000000000e+00 0.000000000000000000e+00 3.876939368818114352e-09 0.000000000000000000e+00 0.000000000000000000e+00 0.000000000000000000e+00 0.000000000000000000e+00 3.080724281644467322e+00 -4.306551535676148698e-09 -5.037117121741281018e-09 0.000000000000000000e+00 0.000000000000000000e+00 -9.555366161384725388e+00 3.170728480203432120e+00 8.687287011569624795e+00 6.847811277205473779e+00 0.000000000000000000e+00 1.400829731362167596e+00 -3.429489843893950285e-01 -2.210128845662848818e+01 -3.527279752181634809e+00
0.000000000000000000e+00 0.000000000000000000e+00 0.000000000000000000e+00 0.000000000000000000e+00 0.000000000000000000e+00 0.000000000000000000e+00 -7.431973366788848345e+00 0.000000000000000000e+00 0.000000000000000000e+00 0.000000000000000000e+00 0.000000000000000000e+00 -3.095982830680734516e-02 -3.263958161851163164e-01 0.000000000000000000e+00 -7.206607956556133621e-01 0.000000000000000000e+00 6.516029396169205512e+00 0.000000000000000000e+00 -2.850894257220891514e+00 6.896748751021688939e+00 0.000000000000000000e+00 0.000000000000000000e+00 1.004679739036629371e+01 2.944671349119568404e+01 8.113380290234456282e+00
0.000000000000000000e+00 0.000000000000000000e+00 0.000000000000000000e+00 0.000000000000000000e+00 0.000000000000000000e+00 0.000000000000000000e+00 2.205730442164999516e+01 0.000000000000000000e+00 0.000000000000000000e+00 0.000000000000000000e+00 0.000000000000000000e+00 -1.436165935190817677e+01 9.760320483958128790e+00 -1.015174901496962079e+01 7.836409344155724099e+00 0.000000000000000000e+00 0.000000000000000000e+00 -1.132276708733207826e+01 2.266814017943294246e+01 5.260853440691571903e-01 0.000000000000000000e+00 -3.937586126966582611e+00 -5.189145230312941504e-01 1.213079092646580115e+01 -1.357907215050190575e-01
0.000000000000000000e+00 0.000000000000000000e+00 0.000000000000000000e+00 0.000000000000000000e+00 0.000000000000000000e+00 0.000000000000000000e+00 1.330790989215019815e+00 -4.221359488861640857e-10 0.000000000000000000e+00 0.000000000000000000e+00 0.000000000000000000e+00 1.375092508231989896e+01 0.000000000000000000e+00 6.525444725133974444e+00 8.883372243571939775e-01 0.000000000000000000e+00 0.000000000000000000e+00 8.816917743416739839e+00 3.917006421821723983e+00 -1.426020758895144702e+01 0.000000000000000000e+00 1.724390838442493390e+01 1.270045385127201421e+01 5.578232232420016201e-01 4.300009040681946004e+00
0.000000000000000000e+00 0.000000000000000000e+00 0.000000000000000000e+00 0.000000000000000000e+00 0.000000000000000000e+00 0.000000000000000000e+00 0.000000000000000000e+00 -3.870004014571817752e+00 3.101960074598974806e-11 0.000000000000000000e+00 0.000000000000000000e+00 0.000000000000000000e+00 -5.725143422656090664e+00 0.000000000000000000e+00 0.000000000000000000e+00 0.000000000000000000e+00 0.000000000000000000e+00 -3.562372925252937483e-03 -4.056798523993384364e+00 1.462161405448186358e+01 0.000000000000000000e+00 8.500638374427627042e-01 7.540424677538282161e-01 -7.126439903360640926e+00 -5.672775895998026563e+00
0.000000000000000000e+00 0.000000000000000000e+00 0.000000000000000000e+00 0.000000000000000000e+00 0.000000000000000000e+00 0.000000000000000000e+00 0.000000000000000000e+00 1.177503012136316407e+01 -9.364957685480662875e+00 -3.259483551466895723e-01 0.000000000000000000e+00 0.000000000000000000e+00 5.127237406172500123e+00 -3.498556973111877771e-02 -8.955772780903672015e+00 0.000000000000000000e+00 -2.660977269940780800e-04 3.247203149398915745e+00 1.868565819742508571e+00 3.799090515608499086e+00 0.000000000000000000e+00 2.602704209341564529e-12 -2.233349035875435984e-01 1.507500826673621397e+01 4.488665147746747408e+00
0.000000000000000000e+00 0.000000000000000000e+00 0.000000000000000000e+00 0.000000000000000000e+00 0.000000000000000000e+00 0.000000000000000000e+00 0.000000000000000000e+00 2.816840476266609716e+00 2.088561901526307807e+01 -1.115002732235362259e+01 0.000000000000000000e+00 0.000000000000000000e+00 -3.159194076617958036e+00 -1.889944519781310461e+01 1.949566833377003405e+01 0.000000000000000000e+00 -1.222645058463505308e+01 1.743205098647139517e-02 1.756280130447795962e+00 1.102222897794202794e+00 0.000000000000000000e+00 -6.878559915239653044e+00 -1.075135706787210310e+01 -3.802679766926770899e+00 7.383248772951137573e-01
0.000000000000000000e+00 0.000000000000000000e+00 0.000000000000000000e+00 0.000000000000000000e+00 0.000000000000000000e+00 0.000000000000000000e+00 0.000000000000000000e+00 -6.849382456865701130e+00 3.019977047723243047e+00 1.724098481897841495e+01 0.000000000000000000e+00 0.000000000000000000e+00 1.191337200589264711e+01 2.006377277005501725e+01 3.666001968607517814e+00 0.000000000000000000e+00 2.256964275565236022e+01 -3.917014963624084078e+00 -7.512324854610570313e+00 -4.488004612316094932e-01 0.000000000000000000e+00 1.122363692723835271e+01 1.341840021700079788e+01 1.463445690234093099e-01 -6.146404482368249766e+00
0.000000000000000000e+00 0.000000000000000000e+00 0.000000000000000000e+00 0.000000000000000000e+00 0.000000000000000000e+00 0.000000000000000000e+00 0.000000000000000000e+00 7.943692349867903069e+00 -1.598498985043049991e+00 1.037661699383886749e+00 0.000000000000000000e+00 0.000000000000000000e+00 1.070192020949701295e+01 1.273390934809511599e+00 4.289714232520401183e+00 0.000000000000000000e+00 6.228954100043083031e+00 2.775443960584842529e+01 -2.256784087371271852e+01 1.004704678632208115e+01 0.000000000000000000e+00 7.890954565566378420e+00 4.287355003182578561e-01 -1.874176462786804276e+00 -1.884844817223951807e+01
0.000000000000000000e+00 -2.758245606505194078e-13 0.000000000000000000e+00 0.000000000000000000e+00 -1.297712353290618862e-12 0.000000000000000000e+00 -1.149282036516004614e-11 0.000000000000000000e+00 8.807369600885872174e+00 -5.730983605879972131e+00 0.000000000000000000e+00 0.000000000000000000e+00 4.236072609340720163e+00 -3.048029021701685052e-11 -5.601324362702151838e+00 0.000000000000000000e+00 -9.045883628971579974e-12 1.439291092287234619e+01 2.082254476145120492e+01 8.161388857068758718e-01 0.000000000000000000e+00 1.026390970030368089e-10 -1.834104305139318436e+00 3.549695264506757653e+00 1.402144058633981238e+01
0.000000000000000000e+00 2.051305855771949788e-13 0.000000000000000000e+00 0.000000000000000000e+00 1.950782587802041397e-14 0.000000000000000000e+00 -6.268441742655702420e+00 1.278008726830522411e-15 7.692945148142773526e+00 4.894341822847874113e+00 0.000000000000000000e+00 0.000000000000000000e+00 2.151984915072830962e-01 -4.332139416643881802e+00 7.651798735691876630e+00 0.000000000000000000e+00 0.000000000000000000e+00 5.988519993224025173e-01 6.393773739979454973e+00 0.000000000000000000e+00 0.000000000000000000e+00 0.000000000000000000e+00 1.024677973957714983e+01 5.630581445813883645e-01 2.658111275247725835e+00
0.000000000000000000e+00 -7.746023107595952695e+00 -3.471472158182901113e-01 0.000000000000000000e+00 1.165120313625433083e-05 0.000000000000000000e+00 -2.006750828604336689e+01 2.379963542549433406e-11 0.000000000000000000e+00 5.994026185921736527e+00 0.000000000000000000e+00 0.000000000000000000e+00 0.000000000000000000e+00 1.462275349320261775e+01 -3.065735750760933964e+00 0.000000000000000000e+00 0.000000000000000000e+00 -6.996393997689929201e+00 3.759906984725196022e+00 -5.122440090500346876e+00 0.000000000000000000e+00 0.000000000000000000e+00 -9.412253060041810004e-02 5.868350027820171455e+00 -6.290229183417388903e+00
0.000000000000000000e+00 -2.424880481108269237e+01 -1.630060352365064702e+01 -1.392348230987665048e+01 -1.243912606044193758e+01 0.000000000000000000e+00 2.718462330979411234e+01 -2.533842363720586510e-10 0.000000000000000000e+00 -3.839171685044882767e-10 0.000000000000000000e+00 0.000000000000000000e+00 0.000000000000000000e+00 1.277825354464282720e-02 -1.902946806961210413e+01 0.000000000000000000e+00 0.000000000000000000e+00 9.549257493177513823e+00 -4.827548414675232102e+00 3.386274903881959730e+00 0.000000000000000000e+00 -1.350324510922605725e+01 -1.391929983433183615e+01 -1.377367956720795483e+01 2.200803971143483029e+00
0.000000000000000000e+00 3.000000000000000000e+01 2.896904802383580346e+01 2.782785475416910259e+01 2.497085638075309078e+01 0.000000000000000000e+00 1.274519031285043091e+01 -2.017200914211665808e+00 -4.818196044301804370e+00 -1.089545162845187853e+01 0.000000000000000000e+00 3.457087277233697651e-12 0.000000000000000000e+00 0.000000000000000000e+00 2.132765575418524762e+01 0.000000000000000000e+00 -3.344388659280811193e+00 1.091664575679172764e-10 -8.010310411278011244e+00 -8.373578275279125904e+00 0.000000000000000000e+00 2.694956401753718822e+01 2.752873981878384413e+01 2.579487197977184110e+01 2.398677468608310676e-03
0.000000000000000000e+00 1.953717761582920787e+01 1.188779293232314771e+01 1.011707290644674373e+01 9.284772951362876725e+00 0.000000000000000000e+00 2.740951230165827087e-03 -7.766733792776452816e+00 -2.573219859615203831e+01 -2.270060373243218521e+01 0.000000000000000000e+00 -5.942531391611889369e+00 0.000000000000000000e+00 -4.829257109854626084e-02 1.137157237709087809e+01 0.000000000000000000e+00 -2.027093764303040757e+01 7.218538038444493604e-15 9.547822102201715122e-01 8.196337361858331505e+00 0.000000000000000000e+00 5.507351035730915889e+00 7.527345539973743449e+00 1.089198168849273429e+01 -4.444577048701061628e+00
0.000000000000000000e+00 5.615504808155221461e+00 0.000000000000000000e+00 -6.433813362783879207e-11 1.593272218919425334e-11 0.000000000000000000e+00 -5.437004376257121478e-10 -2.098218379703742542e+01 2.777145437131586192e+01 1.318789745672623859e+01 0.000000000000000000e+00 -2.172720656090746161e+01 5.842281941380886198e-12 -1.748260421523007935e+01 -1.677053643085309576e+00 0.000000000000000000e+00 2.151484562103425091e+01 -3.602350890826401475e+00 0.000000000000000000e+00 7.234205754518796105e+00 0.000000000000000000e+00 3.447830777536417582e-11 0.000000000000000000e+00 1.833315895958130591e-10 -7.961700893249330058e+00
0.000000000000000000e+00 7.066482086764524786e-07 0.000000000000000000e+00 3.514995326505782432e-06 4.500451202057971223e+00 0.000000000000000000e+00 0.000000000000000000e+00 2.365047353073998693e+01 1.118540860067642484e+01 0.000000000000000000e+00 0.000000000000000000e+00 2.775036937181884511e+01 -1.876350843847674144e+00 3.000000000000000000e+01 6.768930967057050552e+00 0.000000000000000000e+00 5.289580829034042253e+00 3.000000000000000000e+01 9.124862061202993146e+00 -3.302801309230242843e+00 0.000000000000000000e+00 3.165608745738830082e-06 0.000000000000000000e+00 1.289256977255061298e-06 1.743243660144892004e+01
0.000000000000000000e+00 0.000000000000000000e+00 0.000000000000000000e+00 -9.310146228862736351e+00 -9.257088802784538828e+00 0.000000000000000000e+00 0.000000000000000000e+00 5.050242604346094621e-01 0.000000000000000000e+00 0.000000000000000000e+00 0.000000000000000000e+00 4.607860609360763249e+00 -2.081630715267490928e+01 2.271891873051319877e+01 0.000000000000000000e+00 0.000000000000000000e+00 3.581015868180732334e-06 2.252219424696252403e+01 -7.575201576223752120e+00 -2.037812564471744992e+01 0.000000000000000000e+00 5.031604608301384927e-07 0.000000000000000000e+00 7.504509181838470348e-06 -1.993609144873996986e+00
0.000000000000000000e+00 0.000000000000000000e+00 0.000000000000000000e+00 0.000000000000000000e+00 0.000000000000000000e+00 0.000000000000000000e+00 0.000000000000000000e+00 0.000000000000000000e+00 0.000000000000000000e+00 0.000000000000000000e+00 0.000000000000000000e+00 0.000000000000000000e+00 0.000000000000000000e+00 0.000000000000000000e+00 0.000000000000000000e+00 0.000000000000000000e+00 0.000000000000000000e+00 0.000000000000000000e+00 0.000000000000000000e+00 0.000000000000000000e+00 0.000000000000000000e+00 0.000000000000000000e+00 0.000000000000000000e+00 0.000000000000000000e+00 0.000000000000000000e+00
0.000000000000000000e+00 0.000000000000000000e+00 0.000000000000000000e+00 0.000000000000000000e+00 0.000000000000000000e+00 0.000000000000000000e+00 0.000000000000000000e+00 0.000000000000000000e+00 0.000000000000000000e+00 0.000000000000000000e+00 0.000000000000000000e+00 0.000000000000000000e+00 0.000000000000000000e+00 0.000000000000000000e+00 0.000000000000000000e+00 0.000000000000000000e+00 0.000000000000000000e+00 0.000000000000000000e+00 0.000000000000000000e+00 0.000000000000000000e+00 0.000000000000000000e+00 0.000000000000000000e+00 0.000000000000000000e+00 0.000000000000000000e+00 0.000000000000000000e+00
0.000000000000000000e+00 0.000000000000000000e+00 0.000000000000000000e+00 0.000000000000000000e+00 0.000000000000000000e+00 0.000000000000000000e+00 0.000000000000000000e+00 0.000000000000000000e+00 0.000000000000000000e+00 0.000000000000000000e+00 0.000000000000000000e+00 0.000000000000000000e+00 0.000000000000000000e+00 0.000000000000000000e+00 0.000000000000000000e+00 0.000000000000000000e+00 0.000000000000000000e+00 0.000000000000000000e+00 0.000000000000000000e+00 0.000000000000000000e+00 0.000000000000000000e+00 0.000000000000000000e+00 0.000000000000000000e+00 0.000000000000000000e+00 0.000000000000000000e+00
0.000000000000000000e+00 0.000000000000000000e+00 0.000000000000000000e+00 0.000000000000000000e+00 0.000000000000000000e+00 0.000000000000000000e+00 0.000000000000000000e+00 0.000000000000000000e+00 0.000000000000000000e+00 0.000000000000000000e+00 0.000000000000000000e+00 0.000000000000000000e+00 0.000000000000000000e+00 0.000000000000000000e+00 0.000000000000000000e+00 0.000000000000000000e+00 0.000000000000000000e+00 0.000000000000000000e+00 0.000000000000000000e+00 0.000000000000000000e+00 0.000000000000000000e+00 0.000000000000000000e+00 0.000000000000000000e+00 0.000000000000000000e+00 0.000000000000000000e+00
0.000000000000000000e+00 -7.770795078310609874e-06 1.498709967732736006e-06 1.246795844037552037e+01 7.055932823947355992e+00 0.000000000000000000e+00 0.000000000000000000e+00 2.347779401714318315e-01 -3.757793278242613333e+00 3.995089317167416443e+00 0.000000000000000000e+00 1.084711439650103593e+01 0.000000000000000000e+00 0.000000000000000000e+00 0.000000000000000000e+00 0.000000000000000000e+00 5.229597340178228360e-02 -8.931750590125215883e-01 -8.140210625948524736e+00 -1.295532684464385075e-06 0.000000000000000000e+00 0.000000000000000000e+00 0.000000000000000000e+00 0.000000000000000000e+00 2.327378576183460890e+00
0.000000000000000000e+00 -1.052483429744357490e+00 -7.712117872163456234e+00 1.867055722022324105e+01 -6.141005173861996402e-01 0.000000000000000000e+00 0.000000000000000000e+00 -7.850846765143333350e+00 3.000000000000000000e+01 7.414216053072588686e+00 0.000000000000000000e+00 7.285177619883284272e+00 -1.251628960409032665e+01 -4.784811912320033223e+00 -5.057552600850078184e-01 0.000000000000000000e+00 0.000000000000000000e+00 -1.668502766794842529e+01 -2.254437477815523394e+01 -1.477031563195817650e-07 0.000000000000000000e+00 0.000000000000000000e+00 0.000000000000000000e+00 0.000000000000000000e+00 0.000000000000000000e+00
0.000000000000000000e+00 -1.609245847272552510e+01 2.323019843762532588e+01 1.092869903346842531e+00 -1.546611474604469549e+01 0.000000000000000000e+00 -1.461829764452809322e+01 1.907485705263215081e+01 1.050970480186195566e+01 0.000000000000000000e+00 0.000000000000000000e+00 -8.504304424875776258e-02 1.346674344869562745e+01 2.449482350074675097e+01 -1.525466438350987097e+01 0.000000000000000000e+00 0.000000000000000000e+00 1.355303505028216371e+01 1.828519739236558195e+01 0.000000000000000000e+00 0.000000000000000000e+00 0.000000000000000000e+00 0.000000000000000000e+00 0.000000000000000000e+00 0.000000000000000000e+00
0.000000000000000000e+00 1.556659115783814684e+01 4.478753433762449276e+00 1.426425843963577522e+00 5.447350340165646898e+00 0.000000000000000000e+00 1.131367000548112323e+01 1.095834595818387047e+00 -3.411705061395557514e+00 -5.531717673974159699e-02 0.000000000000000000e+00 5.452392065580561997e+00 6.505340515838129345e-05 6.274591513451799329e+00 7.172630146388841332e+00 0.000000000000000000e+00 0.000000000000000000e+00 1.028201262190155943e-03 2.851099072853453542e+00 -6.282465487173695351e+00 0.000000000000000000e+00 0.000000000000000000e+00 0.000000000000000000e+00 0.000000000000000000e+00 0.000000000000000000e+00
6.624422825889012338e-13 8.437881866968305333e-01 -9.530187164297539981e-01 -1.018744581300423846e+01 -3.004038349166394950e-02 0.000000000000000000e+00 -5.220330037534357537e+00 -4.770020284143202893e+00 -4.035994931129421204e+00 2.065259878130002724e-01 0.000000000000000000e+00 1.905085793716591869e-01 -5.167126899651176331e+00 -4.667469001365912613e-13 -2.103874672158584385e-12 0.000000000000000000e+00 0.000000000000000000e+00 0.000000000000000000e+00 -1.643073193892118567e-12 1.019951097499485115e+01 0.000000000000000000e+00 0.000000000000000000e+00 0.000000000000000000e+00 0.000000000000000000e+00 0.000000000000000000e+00
4.203977895639180980e-12 -3.176071788005815910e-01 -6.393064740488441977e+00 6.321199448730832060e+00 -5.002554828566814216e-01 0.000000000000000000e+00 4.819054673550956736e+00 8.505786805081591240e+00 1.132352596415348600e+01 3.824046116222795444e+00 0.000000000000000000e+00 0.000000000000000000e+00 9.295701067446003663e+00 -1.541455914802882137e-06 -4.928989446394315352e-10 0.000000000000000000e+00 0.000000000000000000e+00 0.000000000000000000e+00 -4.846149755064722041e-12 8.342879766535395092e+00 0.000000000000000000e+00 0.000000000000000000e+00 0.000000000000000000e+00 0.000000000000000000e+00 0.000000000000000000e+00
-7.528163964197240492e-12 -9.525833668599954507e-01 3.240374819048806199e+00 2.453580982844560499e+00 2.190223939844198942e+00 -5.907866143580405299e-13 5.180331806371754944e+00 -4.722914956207189263e+00 5.546602597279706086e-05 0.000000000000000000e+00 0.000000000000000000e+00 0.000000000000000000e+00 4.686109226677488425e-12 -6.702897366763601816e+00 -7.222005285067799818e+00 0.000000000000000000e+00 0.000000000000000000e+00 0.000000000000000000e+00 1.202698428530786855e-11 2.270434475226001140e-11 0.000000000000000000e+00 0.000000000000000000e+00 0.000000000000000000e+00 0.000000000000000000e+00 0.000000000000000000e+00
-7.153902144231358839e-01 4.002281416691560345e+00 4.431673935299058620e+00 -4.679951602260090660e-01 -9.715256108259032075e+00 -9.110811942865748107e-12 2.387282239766489601e-13 2.388256411006936253e-01 2.089541006167519921e+00 4.236034274085765522e-02 -6.512143425894053372e+00 -5.058370098916794104e-12 0.000000000000000000e+00 4.550094189466474259e-01 -9.777116000769549287e-02 -7.993171198976541270e+00 0.000000000000000000e+00 0.000000000000000000e+00 0.000000000000000000e+00 -2.893330081772340190e+00 0.000000000000000000e+00 0.000000000000000000e+00 0.000000000000000000e+00 0.000000000000000000e+00 0.000000000000000000e+00
-1.311895049826267723e+01 -5.501203546233756058e-15 2.685380965269275055e+00 -1.008702582089291866e+01 -1.737800978698523124e+01 -8.307446413472851177e+00 -7.969583029141369401e-01 -1.273814633968832459e-13 -6.907138013617040606e+00 -1.901463174771399878e+01 -1.738576838151994153e+01 -9.883896523995663319e-01 -6.183857241491471868e+00 -6.665557481920919569e-01 -1.219125371806264546e+01 -2.384361400700294098e+01 -4.776397257417327545e-15 0.000000000000000000e+00 0.000000000000000000e+00 -1.790782840204380832e+01 0.000000000000000000e+00 0.000000000000000000e+00 0.000000000000000000e+00 0.000000000000000000e+00 0.000000000000000000e+00
2.198917026312188483e+01 -4.666950329808313924e+00 1.240475912247088768e-15 -1.992079831486305252e+01 2.749653826039410376e+01 2.270536962779537760e+01 -1.353491156680090768e+01 -7.374869331465921718e+00 -2.297444592134040064e+01 2.898572027029860720e+01 2.903747893775513944e+01 -1.370340594150749247e+01 -1.884772742150635949e+01 1.383932605953455486e+01 2.587918958920818469e+01 3.000000000000000000e+01 -1.623459082856792746e+00 0.000000000000000000e+00 0.000000000000000000e+00 2.773117889177470730e+01 0.000000000000000000e+00 0.000000000000000000e+00 0.000000000000000000e+00 0.000000000000000000e+00 0.000000000000000000e+00
7.573107249005548880e+00 -2.006504956111213289e+01 -7.800720760719775271e+00 1.971285450028501529e+01 1.627304879608243127e+01 4.704893510804711632e+00 2.533671883920319345e+01 -2.412554073746264294e+01 2.876698610192111261e+01 1.288480966133372263e+01 1.505019155421284438e+01 -2.384932647970792630e+01 2.147307896028312513e+01 1.187768488003120915e+01 9.414176572746859151e+00 1.899311612910356217e+01 -1.911027635334339791e+01 -1.277911110643731862e-01 -8.208610789616493487e-19 1.330226829080371331e+01 0.000000000000000000e+00 0.000000000000000000e+00 0.000000000000000000e+00 0.000000000000000000e+00 0.000000000000000000e+00
-2.106512397967402008e-15 1.294834055915002935e+01 -2.680927317147786937e+01 7.953380252637824555e+00 4.361676108979619215e+00 0.000000000000000000e+00 7.244706595106928049e+00 2.183676907721718408e+01 1.764899840705495038e+01 6.251567364041212826e-01 1.735985005443363649e+00 1.867798473184795327e+01 7.754700606802103380e+00 -5.545032258674298831e+00 0.000000000000000000e+00 6.271525367995903544e+00 2.876143632928416238e+01 -1.436969117191790346e+01 -2.769451586855182810e-13 9.572361442394564657e-01 0.000000000000000000e+00 0.000000000000000000e+00 0.000000000000000000e+00 0.000000000000000000e+00 0.000000000000000000e+00
-2.291302480559726629e+00 5.911680028524629593e-01 1.675728146184932754e+01 -1.202224595859789025e+00 4.170665662759541250e-09 -4.419374418484258036e-12 7.708008741858708349e-11 1.031378676653412541e+01 1.648115710997058336e+00 3.945203643569005445e-11 9.210531896377535516e-11 5.121188498464955607e+00 6.694355258889041439e-11 4.190832274068500674e+00 0.000000000000000000e+00 1.059853656765526971e-10 1.520987942788883096e+01 1.714101569640158118e+01 -1.175475062942703159e-11 5.995614300408012849e-11 0.000000000000000000e+00 0.000000000000000000e+00 0.000000000000000000e+00 0.000000000000000000e+00 0.000000000000000000e+00
1.549546301431926620e+00 -1.219868739493196186e+00 -7.319575400565772605e-02 -2.022384133110658233e+00 0.000000000000000000e+00 -3.635622647676699959e+00 -3.892341540939199823e-15 -1.306228752123731341e-03 -4.286991626124406984e+00 -3.216796862255580818e-15 -5.572459888280967023e-15 2.912690830508402958e-15 -9.348137660936925472e-16 -2.532716004709078150e-15 0.000000000000000000e+00 -4.188835663744000550e-15 4.295098355721815309e-01 7.902886215897884092e-01 -4.523960227602652928e+00 -2.651992517964130285e-13 0.000000000000000000e+00 0.000000000000000000e+00 0.000000000000000000e+00 0.000000000000000000e+00 0.000000000000000000e+00
2.632834110023440477e+00 2.241349389765264100e+00 6.128696543799921903e-01 5.462189522426422528e+00 0.000000000000000000e+00 -2.294731195295770299e+00 -2.489918568624795436e-01 1.190933830279653494e+00 5.133701834575388201e-01 0.000000000000000000e+00 0.000000000000000000e+00 0.000000000000000000e+00 0.000000000000000000e+00 -6.115637220748773473e+00 0.000000000000000000e+00 0.000000000000000000e+00 -7.003785390189299995e-16 1.512591784969083423e-16 -1.838847684063327392e+01 2.302204554835413033e-17 0.000000000000000000e+00 0.000000000000000000e+00 0.000000000000000000e+00 0.000000000000000000e+00 0.000000000000000000e+00
-8.324114862439312645e+00 -2.425293635157462629e-02 -3.523533003789455775e-01 -4.938555829088563942e-01 0.000000000000000000e+00 4.743625172971232651e+00 4.075225750342137410e+00 1.553086593231110257e-01 3.892449995970094001e+00 0.000000000000000000e+00 0.000000000000000000e+00 0.000000000000000000e+00 -4.359835435225097200e+00 7.296883668005144763e+00 0.000000000000000000e+00 0.000000000000000000e+00 0.000000000000000000e+00 -5.034603488228030231e-17 2.227360191649442456e+01 0.000000000000000000e+00 0.000000000000000000e+00 0.000000000000000000e+00 0.000000000000000000e+00 0.000000000000000000e+00 0.000000000000000000e+00
2.016152526686360247e+01 8.818173132307322248e+00 -6.678551654395548098e+00 4.702146690453090194e+00 0.000000000000000000e+00 -1.247822097536800534e+01 -8.328449893389931802e+00 -9.896220047271497844e-02 6.111918290565733214e-01 0.000000000000000000e+00 -3.430293890525321299e+00 -4.792143350140061764e-01 1.891572686295006633e+01 -9.117374245772222590e-04 0.000000000000000000e+00 0.000000000000000000e+00 0.000000000000000000e+00 0.000000000000000000e+00 9.210322680942143236e+00 0.000000000000000000e+00 0.000000000000000000e+00 0.000000000000000000e+00 0.000000000000000000e+00 0.000000000000000000e+00 0.000000000000000000e+00
3.814752326814616623e+00 2.163711435881093548e-01 9.516821065576877459e+00 7.217708129073254764e-01 0.000000000000000000e+00 1.312420455754289783e+01 7.399901003651341291e+00 4.841024912118521151e+00 -2.065446308023800468e-10 0.000000000000000000e+00 5.354946414233766383e+00 4.403915711320508741e+00 3.481760117091011075e+00 -9.505105227852762795e+00 0.000000000000000000e+00 -8.277359307615535428e-11 -9.415129874074279011e-11 5.259792670802651470e-11 -2.701502355254879569e-08 0.000000000000000000e+00 0.000000000000000000e+00 0.000000000000000000e+00 0.000000000000000000e+00 0.000000000000000000e+00 0.000000000000000000e+00
-4.125254400946108291e+00 -3.614358005720295086e+00 -2.138335347568355749e-11 1.866254143385109062e-13 0.000000000000000000e+00 2.561156457013421539e-01 -3.250660705107214277e+00 -7.533319939382912729e-03 -5.233205516541075275e-13 0.000000000000000000e+00 7.141194381113257217e-01 6.327875011974394281e-01 -5.000963789796343484e+00 1.348420946423119737e+01 0.000000000000000000e+00 0.000000000000000000e+00 0.000000000000000000e+00 -6.571103539891023360e+00 2.592771263495764343e-14 0.000000000000000000e+00 0.000000000000000000e+00 0.000000000000000000e+00 0.000000000000000000e+00 0.000000000000000000e+00 0.000000000000000000e+00
4.829602079808512194e+00 7.335435508173065777e+00 -8.558628809382724967e+00 -3.258927592688608543e-01 0.000000000000000000e+00 3.770104993234135282e+00 2.436375370587005484e+00 2.688958746518546050e+00 -9.665458484038737197e+00 0.000000000000000000e+00 -2.218626455252013514e-04 -6.547784158990180055e-15 5.827043068074348575e+00 2.914087514863255429e-03 0.000000000000000000e+00 -2.109769443355841178e-15 -2.249756251018514008e-01 1.439800659814978268e+01 1.285340488524099866e-14 0.000000000000000000e+00 0.000000000000000000e+00 0.000000000000000000e+00 0.000000000000000000e+00 0.000000000000000000e+00 0.000000000000000000e+00
1.089851427476177470e+00 8.850199090160829840e+00 1.890056190931090541e+01 -1.113275879782759326e+01 0.000000000000000000e+00 2.399551844036663883e+00 -2.331761671778689315e+00 -1.383666729318107613e+01 2.062598247045942301e+01 0.000000000000000000e+00 -1.037772622193646122e+01 -4.631183989271186796e+00 5.960666852511315477e-15 0.000000000000000000e+00 0.000000000000000000e+00 -6.814094802446761356e+00 -1.142635302259765240e+01 8.239865538827439995e-03 3.805937599705376749e-13 0.000000000000000000e+00 0.000000000000000000e+00 0.000000000000000000e+00 0.000000000000000000e+00 0.000000000000000000e+00 0.000000000000000000e+00
-8.803997375491768196e+00 -4.741563499551451621e-02 2.979495132257210965e+00 1.705887827527951828e+01 0.000000000000000000e+00 7.115387726659371248e-01 1.039614756382824723e+01 1.697840440811741658e+01 3.539852212414968502e+00 0.000000000000000000e+00 2.132532827875230907e+01 -3.744734666527636424e+00 -5.297791512964612481e-01 0.000000000000000000e+00 0.000000000000000000e+00 9.847683895122186115e+00 1.472804105717574430e+01 -7.162641797574242908e+00 -7.598490393928583053e+00 0.000000000000000000e+00 0.000000000000000000e+00 0.000000000000000000e+00 0.000000000000000000e+00 0.000000000000000000e+00 0.000000000000000000e+00
7.668970020104951324e+00 2.261734212336424243e-01 -1.180359803601821618e-11 1.015525156855330957e+00 0.000000000000000000e+00 -2.094873881462689172e-02 1.171825938062385752e+01 1.320300221746306235e+00 0.000000000000000000e+00 0.000000000000000000e+00 6.050434613957857977e+00 -1.668121473591508064e+01 4.501842818514765199e+00 0.000000000000000000e+00 0.000000000000000000e+00 7.797305215003273560e+00 4.395555873728824170e-01 -2.097963950648610876e+01 3.000000000000000000e+01 0.000000000000000000e+00 0.000000000000000000e+00 0.000000000000000000e+00 0.000000000000000000e+00 0.000000000000000000e+00 0.000000000000000000e+00
7.597157730863460245e-02 9.647177415744916829e+00 -5.725553128689974791e+00 2.379265908064046643e-14 0.000000000000000000e+00 7.266719215658351771e+00 -3.005187749802909128e-13 -7.130431266955486791e+00 0.000000000000000000e+00 0.000000000000000000e+00 5.275309564482693475e-02 1.239908690854400852e+01 4.589968331889993647e-01 0.000000000000000000e+00 0.000000000000000000e+00 -1.829546250434525678e+00 3.125832845821607808e+00 2.046983946221551065e+01 1.636557267319074782e+01 0.000000000000000000e+00 0.000000000000000000e+00 0.000000000000000000e+00 0.000000000000000000e+00 0.000000000000000000e+00 0.000000000000000000e+00
6.033133569027358867e+00 -1.002804785757120953e+00 6.310161198076337463e+00 -2.510604804069938407e-11 0.000000000000000000e+00 -5.738657842811806908e+00 -4.120862984367660076e+00 7.040385786444978145e+00 0.000000000000000000e+00 0.000000000000000000e+00 -6.334854311985974595e-01 5.220368440033292812e-01 0.000000000000000000e+00 0.000000000000000000e+00 0.000000000000000000e+00 9.345624048616020474e+00 4.027198474560851893e-01 5.765628957198762450e+00 0.000000000000000000e+00 0.000000000000000000e+00 0.000000000000000000e+00 -5.115727347400273660e-12 0.000000000000000000e+00 0.000000000000000000e+00 0.000000000000000000e+00
-1.112999125113927157e+01 1.946246221558177447e-01 0.000000000000000000e+00 -3.064984185092782228e-04 0.000000000000000000e+00 -2.079583009043057018e+01 1.386098410179537765e+01 0.000000000000000000e+00 9.099316035143271740e-13 0.000000000000000000e+00 -4.284215753821719042e-01 -4.371467465652790096e+00 0.000000000000000000e+00 -6.890316333763618628e-01 0.000000000000000000e+00 5.941724037741034081e+00 -4.908600572467809897e+00 -2.348661876856939424e-10 0.000000000000000000e+00 0.000000000000000000e+00 0.000000000000000000e+00 -8.759082692518646573e-02 0.000000000000000000e+00 -5.493916871397440715e-13 0.000000000000000000e+00
-1.906584737910810290e+01 -1.824948432619544292e+01 -1.294907671954420891e+01 -1.255840777416681497e+01 0.000000000000000000e+00 2.458941734686083791e+01 8.177662564263538103e-01 -2.129482494389970892e-16 -1.681495292511273482e-15 0.000000000000000000e+00 7.599235305649853167e+00 2.128885759189657279e+00 -1.003054532151181654e-16 -1.770968069656663602e+01 0.000000000000000000e+00 1.609187644097973546e+00 -4.389713520720121664e+00 -4.748318574493094622e-15 0.000000000000000000e+00 0.000000000000000000e+00 -1.081764484319096553e+01 -1.214920091132358770e+01 -1.386889425675733101e+01 -2.073704354917024609e-15 0.000000000000000000e+00
2.856028567097191484e+01 3.000000000000000000e+01 2.666261162135909402e+01 2.596652098898891836e+01 0.000000000000000000e+00 1.003312965795013412e+01 -3.435811037650530756e-15 -4.653922915823608619e+00 -1.021625208369624360e+01 0.000000000000000000e+00 3.191016684715269197e-02 0.000000000000000000e+00 0.000000000000000000e+00 2.050019884520714086e+01 0.000000000000000000e+00 -4.425509877092189015e+00 1.517242844160548465e+01 -9.600613594036634169e+00 3.217054735217981761e-17 0.000000000000000000e+00 2.336781272364232009e+01 2.616628377059388200e+01 2.695828752757116931e+01 3.622541501036661365e-13 0.000000000000000000e+00
1.720771979411998842e+01 1.251934137584834339e+01 9.578287514318285290e+00 8.970039996563357931e+00 0.000000000000000000e+00 1.687712782113260701e+01 -1.380150372833994332e+00 -1.847343137057411511e+01 2.878001073535463661e+01 0.000000000000000000e+00 -5.590263663191092469e+00 -2.778602546689480093e-17 -1.282538034039090213e+01 1.247848991119332229e+00 0.000000000000000000e+00 -1.837000002442294289e+01 -1.089473358224592348e+00 8.778929091816015884e+00 -6.748257356608815513e-17 0.000000000000000000e+00 9.885133811994331055e+00 7.870432927931384270e+00 1.045042317145169086e+01 5.796007337445583952e-16 0.000000000000000000e+00
5.297439298321897638e+00 3.291568912572528737e-14 -6.851463675608899681e-16 0.000000000000000000e+00 0.000000000000000000e+00 1.702029476021393872e-02 -2.449937202894833277e+01 2.260939655898081213e+01 1.058661517205050373e+01 0.000000000000000000e+00 -1.891679241939861100e+01 -1.419977153607912435e+00 -1.371254129103329866e+01 0.000000000000000000e+00 0.000000000000000000e+00 2.283845045249056227e+01 4.862906600505292332e+00 0.000000000000000000e+00 -7.518200907311845635e-16 0.000000000000000000e+00 -2.047238367953307658e-01 1.550673712666180704e+00 -9.458243166314007411e+00 -4.797904568350200057e-15 0.000000000000000000e+00
1.891324828542754484e-17 0.000000000000000000e+00 1.669757017201361898e-16 0.000000000000000000e+00 0.000000000000000000e+00 1.523458487582581178e+00 1.792296252164872072e+01 9.961400897202899785e+00 7.141862303512111744e-08 0.000000000000000000e+00 2.277518010743135690e+01 6.165976151031066443e+00 2.637386095961172927e+01 0.000000000000000000e+00 0.000000000000000000e+00 6.544332261753864621e+00 -1.662056734040517370e+01 0.000000000000000000e+00 -6.199052849504648188e-01 0.000000000000000000e+00 -1.057884439946418897e+00 0.000000000000000000e+00 1.171185429947373002e+01 -2.931401411434993314e-16 0.000000000000000000e+00
0.000000000000000000e+00 0.000000000000000000e+00 1.290102054847785338e-11 0.000000000000000000e+00 0.000000000000000000e+00 -4.922874985708975082e+00 3.846959484031438059e+00 -1.713116219089328568e-02 0.000000000000000000e+00 0.000000000000000000e+00 1.285364831378098316e+01 -1.355272572435299416e+01 8.652945316126531949e+00 0.000000000000000000e+00 0.000000000000000000e+00 6.700287374219154879e-02 1.818110927854153402e+01 0.000000000000000000e+00 -1.647667868602561470e+01 0.000000000000000000e+00 4.216616806786013284e-03 -4.491009113575089806e+00 2.947565306001183958e-11 -1.392636030520736812e+00 0.000000000000000000e+00
0.000000000000000000e+00 0.000000000000000000e+00 -1.689382793868637601e-14 0.000000000000000000e+00 0.000000000000000000e+00 3.973729728213765133e-01 3.619291872785685912e-03 3.767506441927117589e+00 4.402764467716293702e-13 0.000000000000000000e+00 1.202885688050307600e+00 1.967359958022226252e+01 9.329786235669337291e-01 0.000000000000000000e+00 0.000000000000000000e+00 5.540597220972008907e-01 8.069031235907538901e-01 0.000000000000000000e+00 2.078600261829093654e+01 0.000000000000000000e+00 -1.343548565500481295e+00 1.448271365088394447e+01 -2.202598158280344168e-12 -1.324263066914730480e+01 0.000000000000000000e+00
0.000000000000000000e+00 0.000000000000000000e+00 0.000000000000000000e+00 0.000000000000000000e+00 0.000000000000000000e+00 -6.281335345675141291e+00 -8.728277553633489561e+00 0.000000000000000000e+00 -5.511249688735175845e+00 0.000000000000000000e+00 -3.851476302670231000e+00 5.174294868063775255e+00 4.200958992000848546e+00 -2.846755849037646585e-15 0.000000000000000000e+00 2.028721622936194180e+00 3.440150274479462644e-01 -8.242801989765464299e+00 4.963312633651717931e+00 0.000000000000000000e+00 1.122397907863222599e+01 5.037035807762973993e-01 7.607063339311802422e-13 -2.197858042034207671e+01 0.000000000000000000e+00
0.000000000000000000e+00 0.000000000000000000e+00 0.000000000000000000e+00 0.000000000000000000e+00 0.000000000000000000e+00 1.119612341375338183e+01 3.726238442082613123e+00 0.000000000000000000e+00 1.260018483045115190e+01 0.000000000000000000e+00 -3.378097314194888345e-01 -5.287439386968633137e+00 0.000000000000000000e+00 -8.164133839123509873e+00 0.000000000000000000e+00 4.069968054639586441e+00 -4.503692522186805713e-01 5.562821522957628773e+00 -6.480852978359506510e-13 0.000000000000000000e+00 -1.388503696280347910e+01 -1.182419645983896939e-05 -7.948127569607674303e+00 2.475948468488174825e+01 0.000000000000000000e+00
0.000000000000000000e+00 0.000000000000000000e+00 0.000000000000000000e+00 0.000000000000000000e+00 0.000000000000000000e+00 1.027413216466088221e-02 6.295926077232420693e-12 -2.090720229808407105e+00 6.902729090614562857e+00 0.000000000000000000e+00 -1.829553372132477707e+00 5.199564298175334720e+00 -1.165559793492097151e+00 2.138398238378566774e+01 0.000000000000000000e+00 -6.312383181661253673e+00 1.153411248928952126e+01 -7.230124886528701934e-15 0.000000000000000000e+00 0.000000000000000000e+00 1.743084977727170681e+01 1.743820194507031962e+00 7.815475386886552300e+00 1.518621606590866335e+01 0.000000000000000000e+00
0.000000000000000000e+00 0.000000000000000000e+00 0.000000000000000000e+00 0.000000000000000000e+00 0.000000000000000000e+00 6.226223882914353751e-12 -2.386275775559552738e-12 1.144730469858023625e+01 0.000000000000000000e+00 0.000000000000000000e+00 2.995588052473484586e-01 -9.047526538635502585e-14 -2.645292700877230452e+00 4.046981107501281372e+00 0.000000000000000000e+00 1.105149839112930366e+01 -3.546103050295692505e-01 -3.071245077855205619e+00 0.000000000000000000e+00 0.000000000000000000e+00 -3.510157861116556699e+00 -6.571816129497012327e-01 -7.147026530055103244e+00 1.876620651249715888e+00 0.000000000000000000e+00
0.000000000000000000e+00 0.000000000000000000e+00 0.000000000000000000e+00 0.000000000000000000e+00 0.000000000000000000e+00 -7.367772414820887850e-01 -6.447329140658136559e+00 7.507265229840142773e+00 0.000000000000000000e+00 0.000000000000000000e+00 -3.788835165510318626e-01 -5.304313220741100565e+00 1.664669502298145431e+01 -2.047572575192296851e-01 0.000000000000000000e+00 1.425045476362316776e+01 -9.966165775016056827e+00 -3.591902165435346905e+00 -5.710755733789721900e-01 0.000000000000000000e+00 9.853963764094622602e-02 -1.558165169170495723e+01 -1.889334894175846458e+01 3.501267598316102396e-14 0.000000000000000000e+00
0.000000000000000000e+00 0.000000000000000000e+00 0.000000000000000000e+00 0.000000000000000000e+00 0.000000000000000000e+00 -1.512441278152490298e+01 2.211908673016500870e+01 -3.326448535819301566e-13 0.000000000000000000e+00 0.000000000000000000e+00 -1.286489836688673805e+01 1.746919290818207671e+01 1.103046248299365395e+01 -1.547036317300171504e+01 0.000000000000000000e+00 5.279242558522028068e-03 1.152370665600896515e+01 2.208761960269545810e+01 -1.329571509263043438e+01 0.000000000000000000e+00 1.365598190483411911e-01 1.313816290657551633e+01 2.011287330891780911e+01 -6.766175372931239763e-16 0.000000000000000000e+00
0.000000000000000000e+00 0.000000000000000000e+00 0.000000000000000000e+00 0.000000000000000000e+00 0.000000000000000000e+00 1.595567902697110085e+01 6.125869878260547630e+00 0.000000000000000000e+00 0.000000000000000000e+00 0.000000000000000000e+00 1.138772781517099553e+01 8.331108081213625116e-01 -1.776985412637640930e-04 5.728641947517390420e+00 0.000000000000000000e+00 -4.070437130042509066e-01 1.837114558472520365e+00 6.283548326993263267e+00 7.439546208892555690e+00 0.000000000000000000e+00 9.451100258221021733e+00 -3.072887425923175542e+00 2.866784065648690927e+00 -6.431772493091022724e+00 0.000000000000000000e+00
0.000000000000000000e+00 0.000000000000000000e+00 0.000000000000000000e+00 0.000000000000000000e+00 0.000000000000000000e+00 8.584946441563821029e-01 0.000000000000000000e+00 0.000000000000000000e+00 0.000000000000000000e+00 0.000000000000000000e+00 -5.963740254395465699e-14 -1.397382993484095788e-15 -1.069307274712982014e+01 0.000000000000000000e+00 0.000000000000000000e+00 -3.209185287483425686e+00 -4.839658757112291099e+00 -4.409440268474586588e+00 -3.374203937845840162e+00 0.000000000000000000e+00 -8.046774487817668353e-01 -3.966741104787991468e+00 2.394622531589173153e+00 1.108939363954590362e+01 0.000000000000000000e+00
0.000000000000000000e+00 0.000000000000000000e+00 0.000000000000000000e+00 0.000000000000000000e+00 0.000000000000000000e+00 -6.111127239981691333e-13 0.000000000000000000e+00 0.000000000000000000e+00 0.000000000000000000e+00 0.000000000000000000e+00 -3.460571476813159020e-01 -7.041352036578335749e+00 7.431976592769725443e+00 0.000000000000000000e+00 0.000000000000000000e+00 7.228470441346421360e+00 9.104799433963401967e+00 1.194229074711786964e+01 3.067312223577787211e+00 0.000000000000000000e+00 -1.791519716827692621e+00 9.530931811918824437e+00 3.121142113509535188e-01 8.643232561605952213e+00 0.000000000000000000e+00
0.000000000000000000e+00 0.000000000000000000e+00 0.000000000000000000e+00 0.000000000000000000e+00 0.000000000000000000e+00 5.509444288121325781e-12 8.243726355800002609e-12 0.000000000000000000e+00 0.000000000000000000e+00 0.000000000000000000e+00 3.372211751343444863e+00 5.177795826628492470e+00 -8.262328165841735503e-12 0.000000000000000000e+00 0.000000000000000000e+00 -2.076216582309467207e-01 -3.386947747900655448e-01 2.896735896694456525e+00 2.408378629380948599e+00 1.218413034670067209e-11 4.628707890287395266e+00 -5.597088957025474265e+00 -7.935002062714510807e+00 -8.064632774293592377e+00 0.000000000000000000e+00
0.000000000000000000e+00 0.000000000000000000e+00 0.000000000000000000e+00 0.000000000000000000e+00 0.000000000000000000e+00 -8.496516036408990891e-01 6.740848577483785206e-11 1.780346196892066040e-11 -2.875663652405704984e-01 -9.038563308522519435e+00 8.054719780389079319e-05 0.000000000000000000e+00 -3.747218887022072193e-12 0.000000000000000000e+00 -1.099590850569441142e-01 -7.705855985796627117e+00 6.263383096165953567e+00 1.234013362457955232e-01 0.000000000000000000e+00 -6.902845038242269582e-02 -1.265112872488573004e+01 3.829100315097820340e-01 5.633727442926823592e+00 4.028452649357700643e+00 -2.905014773562405672e+00
0.000000000000000000e+00 0.000000000000000000e+00 0.000000000000000000e+00 0.000000000000000000e+00 0.000000000000000000e+00 -1.424315410393377235e+01 -5.186943075305416113e-12 -4.333129910174589801e-12 -1.142256989609098206e+01 -2.279325261770966549e+01 -9.769525881374461207e+00 -8.764443867402267330e-01 -1.467486976210098786e-10 -6.610715294273497022e+00 -1.658570825168488838e+01 -2.411842934974333019e+01 -1.072337522371951790e+00 -6.451310436336705756e+00 -7.076449675651884652e-01 -1.393565411425909240e+01 -1.867592197866786918e+01 2.902376831126116219e+00 1.818616099120746732e+00 3.982964123850121427e-03 -1.696189767896317591e+01
