# yaw
0.000000000000000000e+00 0.000000000000000000e+00 0.000000000000000000e+00 0.000000000000000000e+00 0.000000000000000000e+00 3.000000000000000000e+01 -2.495877910750813911e+01 0.000000000000000000e+00 -1.262721788976733706e+01 3.000000000000000000e+01 3.000000000000000000e+01 -2.229687468988109345e+01 -1.698471908655755414e+01 3.000000000000000000e+01 3.000000000000000000e+01 3.000000000000000000e+01 3.000000000000000000e+01 -9.016483969572520962e+00 1.237603205068005963e+01 3.000000000000000000e+01 3.000000000000000000e+01 -3.000000000000000000e+01 6.504097372056540927e+00 3.000000000000000000e+01 3.000000000000000000e+01
0.000000000000000000e+00 0.000000000000000000e+00 0.000000000000000000e+00 0.000000000000000000e+00 0.000000000000000000e+00 2.968798937227340673e+01 2.888350689532700244e+01 0.000000000000000000e+00 -1.832167058427521056e+01 3.000000000000000000e+01 2.287898247383824213e+01 -3.000000000000000000e+01 -1.884652330495939054e+01 2.549518664785734856e+01 2.629249342908419607e+01 2.311280494507864347e+01 1.482397817818578112e+01 -2.423430505018499659e+01 2.229400641233536193e-02 3.000000000000000000e+01 2.051767459888203859e+01 3.000000000000000000e+01 -1.520605757368038624e+01 -2.788011854088486530e+01 2.506306819220869642e+01
0.000000000000000000e+00 0.000000000000000000e+00 0.000000000000000000e+00 0.000000000000000000e+00 0.000000000000000000e+00 1.461835776375398943e+01 2.497757523099522814e+01 0.000000000000000000e+00 -2.692892414611131713e+01 2.283406771668133928e+01 1.587597521921869514e+01 2.870699297464782518e+01 2.134997715710427357e+01 1.333509424699682633e+01 2.155303453392946977e+01 8.993426728334817710e+00 -1.060497833818368640e+01 7.207778158087952747e+00 -5.561222690210410491e+00 3.000000000000000000e+01 1.730518543861855107e+01 4.041055468613254043e+00 2.492403559815118896e+01 -1.038524751610367503e+01 2.813401160314934302e+01
0.000000000000000000e+00 0.000000000000000000e+00 0.000000000000000000e+00 0.000000000000000000e+00 0.000000000000000000e+00 7.616139245854800066e+00 1.465211060210646288e+01 0.000000000000000000e+00 2.903009580985582261e+01 1.797091451451158406e+01 4.988001435584907384e+00 2.005813208255601410e+01 1.675724006758983364e+01 2.480879724844818959e-02 -1.547535839943254032e+01 0.000000000000000000e+00 3.000000000000000000e+01 -2.091938923672562112e+01 -2.281611042903137587e+01 3.000000000000000000e+01 1.479987179911496753e+01 3.000000000000000000e+01 -1.721589518305989941e+01 3.000000000000000000e+01 1.555362444107709230e+01
0.000000000000000000e+00 0.000000000000000000e+00 0.000000000000000000e+00 0.000000000000000000e+00 0.000000000000000000e+00 0.000000000000000000e+00 2.128446017222813236e+00 0.000000000000000000e+00 2.334953010683907593e+01 1.267199044065172053e+01 2.819371121393275392e-01 -1.653074787530815826e+01 1.444200399354890862e+01 -1.522024440085887953e+01 3.000000000000000000e+01 0.000000000000000000e+00 -2.229589622161086382e+01 -3.000000000000000000e+01 2.806843263456327975e+01 1.146701161927950174e+01 1.056955713665851881e+01 3.000000000000000000e+01 -2.663893658782840745e+01 1.994752070810350375e+01 9.688334511391143877e+00
0.000000000000000000e+00 0.000000000000000000e+00 0.000000000000000000e+00 0.000000000000000000e+00 0.000000000000000000e+00 0.000000000000000000e+00 -1.019470429674543688e+01 0.000000000000000000e+00 1.477336546010460872e+01 5.722409928488465525e+00 0.000000000000000000e+00 2.437616694557194208e+01 -4.400057793038230969e+00 -3.000000000000000000e+01 1.379409231947939851e+01 0.000000000000000000e+00 -3.000000000000000000e+01 -3.000000000000000000e+01 2.307342247244506694e+01 1.945802983718667667e+00 4.971173407686642065e+00 2.226698205820428100e+01 3.000000000000000000e+01 9.334524165858287148e+00 -3.232673318189789313e+00
0.000000000000000000e+00 0.000000000000000000e+00 0.000000000000000000e+00 0.000000000000000000e+00 0.000000000000000000e+00 0.000000000000000000e+00 -1.931381182065618063e+01 0.000000000000000000e+00 1.925204197667531147e+01 0.000000000000000000e+00 0.000000000000000000e+00 -1.231576362048888917e+01 -2.477775826773856238e+01 2.659744013986234634e+01 9.675523272860279134e-01 0.000000000000000000e+00 2.679023722459353607e+01 3.000000000000000000e+01 6.370555175549053928e+00 2.276707866341864417e+01 0.000000000000000000e+00 1.391685257997677461e+01 2.698374935023498722e+01 1.071317453671433206e+01 -1.770023444161093806e+01
0.000000000000000000e+00 0.000000000000000000e+00 0.000000000000000000e+00 0.000000000000000000e+00 0.000000000000000000e+00 0.000000000000000000e+00 3.000000000000000000e+01 0.000000000000000000e+00 1.125574219288004585e+01 -7.022019006025224108e-01 0.000000000000000000e+00 -2.487350844007647055e+01 -3.000000000000000000e+01 1.827583129283924990e+01 -1.348853162159479879e+01 0.000000000000000000e+00 1.059192406540756259e+01 3.000000000000000000e+01 -1.284045975118617200e+01 -1.225383399364981329e+01 0.000000000000000000e+00 5.423246886970644276e+00 1.290341534102315180e+01 -1.041255312812998923e+01 -2.235388576260737725e+00
0.000000000000000000e+00 0.000000000000000000e+00 0.000000000000000000e+00 0.000000000000000000e+00 0.000000000000000000e+00 0.000000000000000000e+00 2.622432527940024727e+01 0.000000000000000000e+00 0.000000000000000000e+00 -1.371832529447494409e+01 0.000000000000000000e+00 3.000000000000000000e+01 2.696891116601052119e+01 -6.949244155919829247e-01 2.989931033332344334e+00 0.000000000000000000e+00 0.000000000000000000e+00 1.236105697403387182e+01 -3.411079893734592972e+00 1.655639432714024650e+01 0.000000000000000000e+00 -8.674162462335708312e+00 2.610138685728608721e+01 9.999733601590321541e+00 -2.196707362980175660e+01
0.000000000000000000e+00 0.000000000000000000e+00 0.000000000000000000e+00 0.000000000000000000e+00 0.000000000000000000e+00 0.000000000000000000e+00 1.629030866082357321e+01 0.000000000000000000e+00 0.000000000000000000e+00 -2.086269462285351395e+01 0.000000000000000000e+00 1.791134422356745404e+01 1.158318497803136715e+01 2.700574870603189126e+01 -2.755247090240080965e+01 0.000000000000000000e+00 0.000000000000000000e+00 -1.412690082864621566e+01 3.000000000000000000e+01 0.000000000000000000e+00 0.000000000000000000e+00 -1.972012921559263177e+01 8.040424096359737760e+00 -2.325735712897417073e+01 -2.731605284510346721e+01
0.000000000000000000e+00 0.000000000000000000e+00 1.415687726084697122e-13 0.000000000000000000e+00 0.000000000000000000e+00 0.000000000000000000e+00 1.704662883462799705e+00 -9.598908938189831125e-03 -3.200793180644859071e+00 -2.369623276097343378e+01 0.000000000000000000e+00 4.774703964805986800e+00 -1.040708661885851427e+01 1.687402403539032036e+01 2.579355803101603684e+01 0.000000000000000000e+00 0.000000000000000000e+00 1.782491424834673310e+01 1.297224277990684804e+01 -6.148016984178455324e+00 0.000000000000000000e+00 -2.297208425053898395e+01 -1.305888525359762298e+01 1.436748050823367606e+01 3.000000000000000000e+01
0.000000000000000000e+00 -3.368167706954871240e-14 1.832122665298110881e-12 0.000000000000000000e+00 0.000000000000000000e+00 0.000000000000000000e+00 8.729161612132069621e-09 -3.072699141574016135e+00 -1.295674550949437354e+01 2.781395929089378427e+01 0.000000000000000000e+00 -1.602695290785619120e+00 1.945336125388610071e+01 3.827417338322752549e+00 1.086578926263428180e+01 0.000000000000000000e+00 0.000000000000000000e+00 1.447179878372647499e+00 9.566003298071052541e+00 1.598614995385264237e+01 0.000000000000000000e+00 2.899784395557367489e+01 -2.021193620256690693e+01 -2.225641414883738634e+01 2.492502738596934719e+01
0.000000000000000000e+00 -7.374412778802970081e-01 1.005937094411628432e-06 0.000000000000000000e+00 0.000000000000000000e+00 0.000000000000000000e+00 -9.835018104597592625e-01 -1.850670949287060907e+01 -1.510286089715510904e+01 1.919700892435872319e+01 0.000000000000000000e+00 -1.113830920502489796e+01 -1.914610391953272028e+01 -2.358877025206938427e+01 -7.396399484196917840e+00 0.000000000000000000e+00 0.000000000000000000e+00 0.000000000000000000e+00 -1.490669321017473159e+01 9.091329372910248452e+00 0.000000000000000000e+00 2.173335479926490166e+01 3.000000000000000000e+01 -2.189982370720970906e+01 1.505338051479759542e+01
0.000000000000000000e+00 -4.119902844196473346e+00 -7.189153292809523421e+00 0.000000000000000000e+00 0.000000000000000000e+00 0.000000000000000000e+00 -7.442628847405111436e+00 -2.304732042817562743e+01 -2.392799232923425024e+01 7.015784869288502534e+00 0.000000000000000000e+00 -1.633389739515723349e+01 2.355962666561297425e+01 2.142588085555496491e+01 2.109807567551212060e+01 0.000000000000000000e+00 -6.128581024006972688e-01 0.000000000000000000e+00 2.032283244713791959e+01 -1.876466199964551507e+01 0.000000000000000000e+00 9.253109486135453920e+00 2.732429936444467344e+01 2.778812386527220468e+01 4.288890205661206045e-01
0.000000000000000000e+00 -1.597980358265647993e+01 -1.086847946120892239e+01 0.000000000000000000e+00 -2.246346328885750587e+00 0.000000000000000000e+00 -1.491336849416711274e+01 -2.041733177746859340e+01 2.608816079799176180e+01 -2.050987903840962190e+01 0.000000000000000000e+00 -2.212447523232436097e+01 4.329786238678996924e+00 5.788016529575562785e+00 2.732298448581162997e+00 0.000000000000000000e+00 -4.056936868321606937e+00 -1.543857724192302827e+00 3.563775945020556168e+00 3.000000000000000000e+01 0.000000000000000000e+00 -5.643975413778680839e+00 1.070580936729260202e+01 1.838997635079608983e+01 -1.271569819404488655e+01
0.000000000000000000e+00 -2.128681575646297119e+01 -1.613233807048840518e+01 -9.618331292701266799e-02 -1.244584706929084561e+01 0.000000000000000000e+00 -1.667631674770358785e+01 -2.865731439313818996e+01 2.949077363716004641e+01 3.000000000000000000e+01 0.000000000000000000e+00 2.891676379658509077e+01 -4.554497143989271635e+00 2.079933291603634515e+01 -8.771649145879653275e+00 0.000000000000000000e+00 -1.351837539048756298e+01 -1.082024406288909546e+01 0.000000000000000000e+00 -2.319283732831028644e+01 0.000000000000000000e+00 -1.612845660378072665e+01 -1.837127937381122011e+00 -2.534649710148098478e+01 -2.090733759367400779e+01
0.000000000000000000e+00 -3.000000000000000000e+01 -2.369834420882748915e+01 -1.379353760483369307e+01 -1.619398876204887117e+01 0.000000000000000000e+00 -2.507255125424382314e+01 -3.000000000000000000e+01 1.552233367444160628e+01 3.000000000000000000e+01 0.000000000000000000e+00 2.562446805677067019e+01 -1.791236855445108134e+01 8.751041576904931008e-01 1.941405450001257194e+01 0.000000000000000000e+00 -1.949236226287669282e+01 -1.514750740835127374e+01 -5.908463318918597409e-10 3.000000000000000000e+01 0.000000000000000000e+00 -2.484226798295585681e+01 -1.624413117872649792e+01 -3.000000000000000000e+01 9.109996633234487717e+00
0.000000000000000000e+00 -3.000000000000000000e+01 -2.990850900040890537e+01 -3.000000000000000000e+01 -1.777359744557912791e+01 0.000000000000000000e+00 3.000000000000000000e+01 3.000000000000000000e+01 2.018713113037488155e-02 -2.712677037476649744e+01 0.000000000000000000e+00 1.517185346061998530e+01 -2.857986444375730173e+01 -8.904371589200804848e+00 5.699435276675321127e+00 0.000000000000000000e+00 0.000000000000000000e+00 -3.000000000000000000e+01 -5.070305104560890896e+00 -3.000000000000000000e+01 0.000000000000000000e+00 -3.000000000000000000e+01 -2.864141451655321546e+01 -3.000000000000000000e+01 -2.222395738613423077e+01
0.000000000000000000e+00 3.000000000000000000e+01 3.000000000000000000e+01 -3.000000000000000000e+01 3.000000000000000000e+01 0.000000000000000000e+00 2.644865594497303363e+01 2.246381987942680780e+01 -5.781664360856193063e+00 -2.773496096842857739e+01 0.000000000000000000e+00 9.442826319293146753e+00 2.377591739413452032e+01 2.895365000866864591e+01 0.000000000000000000e+00 0.000000000000000000e+00 2.859872531821006802e+01 3.000000000000000000e+01 -1.351079150617747437e+01 3.000000000000000000e+01 0.000000000000000000e+00 3.000000000000000000e+01 3.000000000000000000e+01 3.000000000000000000e+01 3.000000000000000000e+01
0.000000000000000000e+00 3.000000000000000000e+01 2.552569711275207354e+01 3.000000000000000000e+01 2.102418525196469545e+01 0.000000000000000000e+00 1.570518841770610052e+01 2.348645091851023636e+01 -2.697705982335079966e+01 3.000000000000000000e+01 0.000000000000000000e+00 1.160263243563558061e-01 1.202227264870022161e+01 1.578742280761136918e+01 -2.279240551220648725e-01 0.000000000000000000e+00 2.440624106303686247e+01 2.156257609455378343e+01 -3.000000000000000000e+01 9.933617945052786169e+00 0.000000000000000000e+00 2.766021789554940469e+01 2.184896312884752945e+01 2.678870622098429877e+01 1.978899871159131862e+01
0.000000000000000000e+00 2.965696269170674171e+01 1.662170662921613484e+01 3.000000000000000000e+01 1.599823102977835809e+01 0.000000000000000000e+00 9.375581543430399734e+00 1.392578950970394658e+01 3.000000000000000000e+01 3.000000000000000000e+01 0.000000000000000000e+00 0.000000000000000000e+00 -7.437345037071516174e+00 1.117791686342409996e+00 -1.982611314141275827e+01 0.000000000000000000e+00 1.511612411786660459e+01 1.932329930100787863e+01 2.687605275413764261e+01 -2.233407547599334109e+01 0.000000000000000000e+00 1.432065162786563484e+01 1.112016741880612969e+01 1.826492948896036594e+01 1.582945995944276696e+01
0.000000000000000000e+00 2.508227347006780050e+01 1.703671722390346233e+01 3.000000000000000000e+01 2.502596664412596184e+01 0.000000000000000000e+00 0.000000000000000000e+00 -5.956158169981172534e+00 -2.609394825767708070e+01 2.949083807353698461e+01 0.000000000000000000e+00 0.000000000000000000e+00 -3.000000000000000000e+01 -7.957955264599837264e+00 -3.000000000000000000e+01 0.000000000000000000e+00 1.460374603254773263e+01 -1.888015080977095295e+01 3.000000000000000000e+01 3.000000000000000000e+01 0.000000000000000000e+00 6.729958392097979747e+00 0.000000000000000000e+00 0.000000000000000000e+00 1.073021868493094111e+01
0.000000000000000000e+00 1.509576530464700816e+01 9.308885277688995430e+00 2.870055273427664488e+01 7.418602396177827352e+00 0.000000000000000000e+00 1.942266925498917020e-06 3.000000000000000000e+01 3.000000000000000000e+01 1.819031117880355763e+00 0.000000000000000000e+00 0.000000000000000000e+00 2.754424646895089168e+01 -2.210832088907127613e+01 -3.000000000000000000e+01 0.000000000000000000e+00 -1.544724480385896603e+00 3.000000000000000000e+01 3.000000000000000000e+01 -3.000000000000000000e+01 0.000000000000000000e+00 0.000000000000000000e+00 0.000000000000000000e+00 0.000000000000000000e+00 0.000000000000000000e+00
0.000000000000000000e+00 0.000000000000000000e+00 0.000000000000000000e+00 0.000000000000000000e+00 0.000000000000000000e+00 0.000000000000000000e+00 0.000000000000000000e+00 0.000000000000000000e+00 0.000000000000000000e+00 0.000000000000000000e+00 0.000000000000000000e+00 0.000000000000000000e+00 0.000000000000000000e+00 0.000000000000000000e+00 0.000000000000000000e+00 0.000000000000000000e+00 0.000000000000000000e+00 0.000000000000000000e+00 0.000000000000000000e+00 0.000000000000000000e+00 0.000000000000000000e+00 0.000000000000000000e+00 0.000000000000000000e+00 0.000000000000000000e+00 0.000000000000000000e+00
0.000000000000000000e+00 0.000000000000000000e+00 0.000000000000000000e+00 0.000000000000000000e+00 0.000000000000000000e+00 0.000000000000000000e+00 0.000000000000000000e+00 0.000000000000000000e+00 0.000000000000000000e+00 0.000000000000000000e+00 0.000000000000000000e+00 0.000000000000000000e+00 0.000000000000000000e+00 0.000000000000000000e+00 0.000000000000000000e+00 0.000000000000000000e+00 0.000000000000000000e+00 0.000000000000000000e+00 0.000000000000000000e+00 0.000000000000000000e+00 0.000000000000000000e+00 0.000000000000000000e+00 0.000000000000000000e+00 0.000000000000000000e+00 0.000000000000000000e+00
0.000000000000000000e+00 0.000000000000000000e+00 0.000000000000000000e+00 0.000000000000000000e+00 0.000000000000000000e+00 0.000000000000000000e+00 0.000000000000000000e+00 0.000000000000000000e+00 0.000000000000000000e+00 0.000000000000000000e+00 0.000000000000000000e+00 0.000000000000000000e+00 0.000000000000000000e+00 0.000000000000000000e+00 0.000000000000000000e+00 0.000000000000000000e+00 0.000000000000000000e+00 0.000000000000000000e+00 0.000000000000000000e+00 0.000000000000000000e+00 0.000000000000000000e+00 0.000000000000000000e+00 0.000000000000000000e+00 0.000000000000000000e+00 0.000000000000000000e+00
0.000000000000000000e+00 0.000000000000000000e+00 0.000000000000000000e+00 0.000000000000000000e+00 0.000000000000000000e+00 0.000000000000000000e+00 0.000000000000000000e+00 0.000000000000000000e+00 0.000000000000000000e+00 0.000000000000000000e+00 0.000000000000000000e+00 0.000000000000000000e+00 0.000000000000000000e+00 0.000000000000000000e+00 0.000000000000000000e+00 0.000000000000000000e+00 0.000000000000000000e+00 0.000000000000000000e+00 0.000000000000000000e+00 0.000000000000000000e+00 0.000000000000000000e+00 0.000000000000000000e+00 0.000000000000000000e+00 0.000000000000000000e+00 0.000000000000000000e+00
0.000000000000000000e+00 -1.985366359251431234e+01 -1.189450102925877495e+01 -3.000000000000000000e+01 3.000000000000000000e+01 0.000000000000000000e+00 3.000000000000000000e+01 6.090114426090850186e-01 -2.409345740017949566e+01 -1.205980914917577529e+01 0.000000000000000000e+00 -1.074285739810683538e+01 0.000000000000000000e+00 -2.654005477634500565e+01 -7.875827963141277532e-01 0.000000000000000000e+00 2.275779164297948043e+01 2.450624780587158114e+01 2.417067814202181353e+01 1.967499859647273652e+01 0.000000000000000000e+00 0.000000000000000000e+00 0.000000000000000000e+00 0.000000000000000000e+00 0.000000000000000000e+00
0.000000000000000000e+00 -2.762058757700407341e+01 -2.835567626001830632e+01 -3.000000000000000000e+01 2.484035472273794554e+01 0.000000000000000000e+00 2.375017306026821728e+01 -4.610022536829323059e+00 1.595175266175213302e+01 2.168693579272393279e+01 0.000000000000000000e+00 -2.490026142890994265e+01 -1.872786225061651777e+01 2.761710009712744096e+01 -1.471003798967873699e+01 0.000000000000000000e+00 1.371962230047631870e+01 1.825619853135287940e+01 1.995807818533831934e+01 6.052231015262493408e+00 0.000000000000000000e+00 0.000000000000000000e+00 0.000000000000000000e+00 0.000000000000000000e+00 0.000000000000000000e+00
0.000000000000000000e+00 3.000000000000000000e+01 3.000000000000000000e+01 2.572030967970697546e+01 2.062106426390386105e+01 0.000000000000000000e+00 2.187455426727761321e+01 -2.341898756377648994e+01 -5.498637513277873978e+00 -7.926513423104746714e+00 0.000000000000000000e+00 3.000000000000000000e+01 3.000000000000000000e+01 1.912721016119721895e+01 -1.806382732318443729e+01 0.000000000000000000e+00 4.711683177592706606e+00 3.594413552981815752e+00 2.142639365199644708e+00 1.163358531369693442e-03 0.000000000000000000e+00 0.000000000000000000e+00 0.000000000000000000e+00 0.000000000000000000e+00 0.000000000000000000e+00
0.000000000000000000e+00 2.423603790494814092e+01 2.600267076348035999e+01 2.052557329909702233e+01 1.530056517911371761e-01 0.000000000000000000e+00 4.619248608664217493e+00 2.341063328556652579e+01 1.499257611021275594e+01 7.952875776505948124e+00 0.000000000000000000e+00 3.000000000000000000e+01 1.779999348990372710e+01 -3.613849347615053498e-01 1.164184703206494831e+01 0.000000000000000000e+00 5.974656152477469456e-13 1.041432969483010486e-03 0.000000000000000000e+00 -2.399997456558380371e+00 0.000000000000000000e+00 0.000000000000000000e+00 0.000000000000000000e+00 0.000000000000000000e+00 0.000000000000000000e+00
-1.762757697382135262e-12 2.838556070606467330e+01 2.639934305678509574e+01 -1.871577219362448696e+00 2.180730100441584884e+00 0.000000000000000000e+00 -4.513041109102679194e+00 2.394628818589205288e+00 -3.059677402236602894e+00 -1.933143774352492983e+01 0.000000000000000000e+00 2.136529711689743394e+01 -4.661015620387159331e+00 -2.131413168742869146e+01 -2.944665206141917846e+00 -4.483165138178133446e+00 0.000000000000000000e+00 1.273803836565946691e-16 9.642430321899836042e-14 -9.786890487059935140e+00 0.000000000000000000e+00 0.000000000000000000e+00 0.000000000000000000e+00 0.000000000000000000e+00 0.000000000000000000e+00
-4.862577614809220350e+00 2.157542508350300636e+01 1.923174244410829559e+01 1.206725115235501278e+01 -2.002908976981107614e+01 -2.806142735754989737e+00 -1.406285709198310840e+01 1.239862792316644935e+01 1.663369619547262346e+01 6.946960489694982144e+00 0.000000000000000000e+00 2.804464822090904086e+00 -1.002204936579050187e+00 1.298098227738173804e+01 -1.205155225596117496e+01 -1.154447639531991854e+01 0.000000000000000000e+00 -1.846772415996361980e-16 -4.954976490637225811e-15 -1.486169919855669974e+01 0.000000000000000000e+00 0.000000000000000000e+00 0.000000000000000000e+00 0.000000000000000000e+00 0.000000000000000000e+00
-1.076883544259710668e+01 1.886332401854031060e+00 -9.395372950897515452e+00 8.608392569643182668e+00 1.174464945405924077e+01 -1.185586234329625022e+01 1.637463299579565756e+01 9.885321938194365998e+00 -1.582783180504236720e+00 -2.603310043508817984e+01 0.000000000000000000e+00 -1.788452599435631285e+01 -1.425973105933080731e+01 -1.421305544656796727e+01 -1.484643459434028401e+01 -1.360548665161855197e+01 -2.836074613789358434e+00 1.039583036131183852e-10 -2.812599771086920497e-01 -2.090585862621860258e+01 0.000000000000000000e+00 0.000000000000000000e+00 0.000000000000000000e+00 0.000000000000000000e+00 0.000000000000000000e+00
-1.308996290933954754e+01 1.619294421844851328e+01 2.153578327384061453e+01 -7.612575272075418731e+00 -7.368271426489646281e+00 -2.429351407294265641e+01 -5.711002845752772838e-01 -1.260255676619542342e+01 -1.823323451292808528e+01 -2.613893387075463437e+01 -6.152849373824168744e+00 -1.788550348703728687e+01 -4.645665070920625084e+00 -2.099217177266578460e+01 -2.050332331791494056e+01 -2.031079548111402389e+01 -1.070425927734745208e+01 -4.176603400695389006e-10 -7.353823826974871913e+00 -2.768815851252649551e+01 0.000000000000000000e+00 0.000000000000000000e+00 0.000000000000000000e+00 0.000000000000000000e+00 0.000000000000000000e+00
-2.087088937449607684e+01 -1.528425744317872059e+01 5.250747840413134249e+00 -1.686722873124052668e+01 -1.867517007366403092e+01 -2.870825679966007016e+01 -1.444043920309357354e+01 -2.524055025754925907e+01 2.423427946271921130e+01 -3.000000000000000000e+01 -2.343856063822506286e+01 -2.749346134945571407e+01 2.315956254999617414e+01 -3.000000000000000000e+01 -3.000000000000000000e+01 -2.850560139577246233e+01 -1.640562194312601818e+01 -1.135339396721892546e+00 -1.314519288688143739e+01 -3.000000000000000000e+01 0.000000000000000000e+00 0.000000000000000000e+00 0.000000000000000000e+00 0.000000000000000000e+00 0.000000000000000000e+00
3.000000000000000000e+01 -2.142982933064737594e+01 -4.105972865038931552e+00 3.000000000000000000e+01 2.893214587612637345e+01 3.000000000000000000e+01 -3.000000000000000000e+01 -2.843792319577336869e+01 7.116477015313623866e+00 3.000000000000000000e+01 3.000000000000000000e+01 2.555836482740147275e+01 3.889244275706300158e+00 3.000000000000000000e+01 3.000000000000000000e+01 3.000000000000000000e+01 -1.533083850424232430e+01 -6.126815980284991525e+00 -1.508694261621214316e+01 3.000000000000000000e+01 0.000000000000000000e+00 0.000000000000000000e+00 0.000000000000000000e+00 0.000000000000000000e+00 0.000000000000000000e+00
1.890526977812602283e+01 3.000000000000000000e+01 -1.278798883210876625e+01 -1.459009153752819898e+01 1.581633738696005587e+01 2.558376528392529181e+01 2.763960212102903924e+01 -2.158418068647457844e+01 -2.247023445202087424e-02 2.302802159692795669e+01 1.780709711715818599e+01 1.564608983110740148e+01 8.567568721611013345e-10 3.000000000000000000e+01 2.752186441739726419e+01 2.575327021309236031e+01 -1.335529225846533308e+01 -1.848513949217218766e+01 -8.558047576600500861e+00 2.956702223441983080e+01 0.000000000000000000e+00 0.000000000000000000e+00 0.000000000000000000e+00 0.000000000000000000e+00 0.000000000000000000e+00
1.209502478841225326e+01 2.329507715362829146e+01 8.623410906943375309e+00 -2.000210242283408846e+01 1.422401173701607746e+01 1.907420356436250586e+01 2.169803530138574743e+01 3.000000000000000000e+01 -1.630546082769542693e+01 1.151236956961653668e+01 6.400601090314043340e+00 3.653017757843259883e-01 -2.269569483673138155e+00 2.032866364674110571e+01 1.908738768419981824e+01 1.919624646466028395e+01 2.368524326765881227e+01 -1.636499010276041943e+01 1.797407820577815940e+01 1.909385130895962490e+01 0.000000000000000000e+00 0.000000000000000000e+00 0.000000000000000000e+00 0.000000000000000000e+00 0.000000000000000000e+00
1.314964867456683706e+01 2.530957138911453796e+01 1.100153237032537026e-03 3.000000000000000000e+01 1.240073920273476560e+01 2.455293131684917896e+01 1.450631239689257335e+01 2.719995794980457049e+01 3.000000000000000000e+01 7.174225331990680826e-03 -3.167684579498564745e-01 9.677498201379897692e-13 -1.978226271551046977e+01 1.030646328139826196e+01 1.148206219602044165e+01 1.525237966261005162e+01 1.946550348666606922e+01 -2.559814153614459187e+01 1.400137318657110264e+01 1.810014344674245734e+01 0.000000000000000000e+00 0.000000000000000000e+00 0.000000000000000000e+00 0.000000000000000000e+00 0.000000000000000000e+00
-7.433839122818913125e+00 1.169433104163130466e+01 -4.337371309950112774e+00 3.000000000000000000e+01 9.134626175172474660e+00 1.624158893762760059e+01 -1.334212329600966740e+01 1.183489568566705508e+01 3.000000000000000000e+01 0.000000000000000000e+00 -1.381683672940800633e+01 -2.578115060226767952e+00 2.495145307202942675e+01 8.115266973359442915e+00 1.065179292085844232e+01 1.105783404808963866e+01 1.573322843781410896e+01 2.961268425111817493e+01 1.123811557148182061e+01 1.095012832033056505e+01 0.000000000000000000e+00 0.000000000000000000e+00 0.000000000000000000e+00 0.000000000000000000e+00 0.000000000000000000e+00
-2.266613729890914186e+01 -5.363539784731407960e-03 -1.793598892837349013e+01 2.545116132045066237e+01 4.247118258879419628e+00 2.998049561932886187e-01 1.077528200726771246e+01 -4.189357034438381255e+00 2.655973040372322913e+01 0.000000000000000000e+00 3.000000000000000000e+01 -2.023369934586161634e+01 6.549804755291233960e+00 6.642362593040765262e+00 1.108103943093601051e+00 5.056483527592974703e+00 1.788274986672389488e+01 2.519150707430018699e+01 2.051281016279854263e+00 4.176302125912241814e-01 0.000000000000000000e+00 0.000000000000000000e+00 0.000000000000000000e+00 0.000000000000000000e+00 0.000000000000000000e+00
-1.937638813230703505e+01 5.414365327693789531e+00 -1.270153273459621879e+01 1.507314224300543337e+01 0.000000000000000000e+00 -1.119736444662214403e+01 1.894670037824557410e-02 -2.173735490082945865e-01 2.067163011641040526e+01 0.000000000000000000e+00 2.110696430850796190e+01 3.000000000000000000e+01 2.612549812598767218e+01 3.242767481752019121e-01 1.332111308900022655e-19 0.000000000000000000e+00 1.309773978304638753e+01 2.449634294894088171e+01 7.494148344553381226e-07 0.000000000000000000e+00 0.000000000000000000e+00 0.000000000000000000e+00 0.000000000000000000e+00 0.000000000000000000e+00 0.000000000000000000e+00
-2.359863699142588800e+01 -9.295463159380576101e+00 -3.000000000000000000e+01 4.913764269350901159e+00 0.000000000000000000e+00 -3.000000000000000000e+01 -1.265553232946359685e+01 -1.462057950148997421e+01 1.475152387092785666e+01 0.000000000000000000e+00 1.070589370926149186e+01 2.025540806366643309e+01 -4.884742926535754926e+00 -9.819622955864926751e-21 -1.850439433769585719e-21 -1.673074142257174601e-01 6.473692637894247426e+00 1.639161395726867454e+01 -2.161403155002409981e+00 0.000000000000000000e+00 0.000000000000000000e+00 0.000000000000000000e+00 0.000000000000000000e+00 0.000000000000000000e+00 0.000000000000000000e+00
2.841928846476907111e+01 7.590483200704177591e+00 2.498336797779613505e+01 -7.268028696954599965e+00 0.000000000000000000e+00 2.618780538530430491e+01 6.987681523107646342e+00 -4.366646960293061319e+00 1.377264723934320756e+00 0.000000000000000000e+00 -1.175491672475644833e+01 1.563474678729752654e+01 1.576830670540296353e+01 3.824475839077067781e-18 -1.591462504660653283e-21 -1.034613967704253135e+01 2.151751681140508937e-02 5.158387552691228173e+00 -1.404417994593678287e+01 0.000000000000000000e+00 0.000000000000000000e+00 0.000000000000000000e+00 0.000000000000000000e+00 0.000000000000000000e+00 0.000000000000000000e+00
1.808573164300048575e+01 1.597855270926563376e-01 2.082825385932659046e+01 -1.788844278258611453e+01 0.000000000000000000e+00 2.333367406605966465e+01 -1.855463264395295298e+01 2.370534402659070849e+01 0.000000000000000000e+00 0.000000000000000000e+00 2.282998875062908439e+01 -1.428919658748787747e+01 -1.505588741328608648e+01 1.181037247660124979e-22 3.064896242492443565e-18 -1.757078622744097629e+01 -2.861414519389761102e-01 3.827509930409736416e+00 -2.614689846179694044e+01 0.000000000000000000e+00 0.000000000000000000e+00 0.000000000000000000e+00 0.000000000000000000e+00 0.000000000000000000e+00 0.000000000000000000e+00
9.992306544141406732e+00 -1.699390601377790233e+01 -3.843913618674306143e+00 -2.304331506377891259e+01 0.000000000000000000e+00 5.658445386045487524e+00 6.028870238619777666e+00 -2.453587700740730154e-02 4.604114247805054296e-16 0.000000000000000000e+00 1.549192086248956812e+01 1.649162456726510229e+01 2.257322197319701118e+01 -5.522883506403658577e-19 3.455784553436113005e-22 -2.233261223174348942e+01 -1.335201414959275290e+01 -2.905673715367290688e-01 2.924033717294516777e+01 0.000000000000000000e+00 0.000000000000000000e+00 0.000000000000000000e+00 0.000000000000000000e+00 0.000000000000000000e+00 0.000000000000000000e+00
-9.702910907286661057e+00 2.610013221434727981e+01 1.865738264065638363e+00 2.672076046413391737e+01 0.000000000000000000e+00 1.264696240492722978e+01 1.096489853341263299e+01 -1.628153054142826406e+01 0.000000000000000000e+00 0.000000000000000000e+00 6.133769910189787566e+00 -8.244745996303359803e+00 2.706109274929438424e+00 -9.737678664302360151e-16 0.000000000000000000e+00 2.779506907040525476e+01 -1.999071992451198199e+01 -8.760161441704690688e+00 1.837514197609241506e+01 0.000000000000000000e+00 0.000000000000000000e+00 0.000000000000000000e+00 0.000000000000000000e+00 0.000000000000000000e+00 0.000000000000000000e+00
-1.330810754443892208e+01 1.342901926587936323e+01 -9.654796002577761271e+00 2.023765037210776185e+01 0.000000000000000000e+00 -6.993233945481196479e+00 -7.324447644850810235e+00 -2.334940686101157326e+01 -3.867759561041793490e-12 0.000000000000000000e+00 -1.832265692260189738e+01 2.526204668049359370e+01 -1.430225509995349675e+01 0.000000000000000000e+00 0.000000000000000000e+00 2.026924865136910014e+01 3.000000000000000000e+01 -2.116386867104573000e+01 6.663835205323009880e+00 0.000000000000000000e+00 0.000000000000000000e+00 0.000000000000000000e+00 0.000000000000000000e+00 0.000000000000000000e+00 0.000000000000000000e+00
-2.256125485751145376e+01 -6.142648013293730891e+00 -1.762742202854278517e+01 1.234568246071820852e+01 0.000000000000000000e+00 -1.464501942707992121e+01 1.578526085868317708e+01 -2.618346875131156182e+01 -3.509123044025978189e+00 0.000000000000000000e+00 -2.865312203653868650e+01 2.519339886450087107e+01 2.124599300524860013e+01 0.000000000000000000e+00 0.000000000000000000e+00 5.427715307224623587e+00 1.724808727399477704e+01 2.811004600795236996e+01 -5.957239171589960414e+00 0.000000000000000000e+00 0.000000000000000000e+00 0.000000000000000000e+00 0.000000000000000000e+00 0.000000000000000000e+00 0.000000000000000000e+00
2.710119393127157661e+00 -1.454565405864422978e+01 -3.000000000000000000e+01 -5.969231067939089641e+00 0.000000000000000000e+00 -1.474917320801802134e+01 -8.109110045492851526e+00 -3.000000000000000000e+01 -1.103765999965975730e+01 0.000000000000000000e+00 2.191206774918994071e+01 1.284118845983990198e+01 6.623902306420712982e+00 0.000000000000000000e+00 0.000000000000000000e+00 -1.618059384280963542e+01 -9.678685238241953925e+00 2.402715357973066901e+01 -1.266456833209258548e+01 0.000000000000000000e+00 -1.536595176505695104e+00 0.000000000000000000e+00 0.000000000000000000e+00 -1.988509346175075354e+00 0.000000000000000000e+00
-1.600041303960729522e+01 -3.000000000000000000e+01 2.856383698298714080e+01 -1.499924586095797885e+01 0.000000000000000000e+00 -2.465290679065499546e+01 -1.341324595625841276e+01 2.518380618576252772e+01 -1.074295874910647974e+01 0.000000000000000000e+00 -1.620419763782907907e+01 -1.323017586932388845e+01 0.000000000000000000e+00 0.000000000000000000e+00 0.000000000000000000e+00 -2.645331806134167252e+01 -2.360666757850715314e+01 1.745608297832012568e+01 -1.558030025309062161e+01 0.000000000000000000e+00 -1.115374431641643049e+01 -4.289132032811692419e+00 -3.249051196790105234e+00 -1.183998712891047234e+01 0.000000000000000000e+00
-2.850767552891043266e+01 -3.000000000000000000e+01 -1.341793201143678971e+01 -2.028981121787756337e+01 0.000000000000000000e+00 -1.804407463459138938e+01 -2.639062430414881177e+01 -1.428818361659314462e+01 -1.207287392846142815e+01 0.000000000000000000e+00 2.017266792126766006e+01 2.283086721088981363e+01 0.000000000000000000e+00 0.000000000000000000e+00 0.000000000000000000e+00 -3.000000000000000000e+01 -3.000000000000000000e+01 1.816727889371397175e+00 1.902749884958455695e+01 0.000000000000000000e+00 -1.355626530070879809e+01 -2.162373777793464669e+01 -9.853282309345575030e+00 -1.989587688604740734e+01 0.000000000000000000e+00
-2.728404481666641246e+01 -3.000000000000000000e+01 -2.820714175489055364e+01 -2.972590881026418685e+01 0.000000000000000000e+00 3.000000000000000000e+01 -3.000000000000000000e+01 -2.605322522795290041e+01 -1.609154755011445204e+01 0.000000000000000000e+00 1.662130203574575305e+01 6.129095704091261254e+00 -3.346135391033639019e-14 0.000000000000000000e+00 0.000000000000000000e+00 -2.860017669379650940e+01 -2.477560614544117712e+01 -1.455558885803292135e+01 1.566772321612058860e+01 0.000000000000000000e+00 -2.080220424896174336e+01 -2.947620745506748463e+01 -2.661676192248165762e+01 -3.000000000000000000e+01 0.000000000000000000e+00
3.000000000000000000e+01 3.000000000000000000e+01 3.000000000000000000e+01 3.000000000000000000e+01 0.000000000000000000e+00 2.912862580880160834e+01 3.000000000000000000e+01 -2.470969093370241154e+01 2.359311311865549143e+01 0.000000000000000000e+00 9.624902378149283066e+00 -1.816483115290414219e+01 -9.037736085139298596e-04 0.000000000000000000e+00 0.000000000000000000e+00 3.000000000000000000e+01 -3.000000000000000000e+01 -3.000000000000000000e+01 6.065055785101177932e+00 0.000000000000000000e+00 3.000000000000000000e+01 3.000000000000000000e+01 3.000000000000000000e+01 3.000000000000000000e+01 0.000000000000000000e+00
2.293440908767915687e+01 2.849503627240140347e+01 1.735662851934498363e+01 2.514817172241099286e+01 0.000000000000000000e+00 2.274002057819531331e+01 3.000000000000000000e+01 -3.000000000000000000e+01 2.333580955483538943e+01 0.000000000000000000e+00 3.159888223961763165e-01 1.502729382229778032e+01 -3.680125478505082537e+00 0.000000000000000000e+00 0.000000000000000000e+00 2.522610677409770830e+01 3.000000000000000000e+01 3.000000000000000000e+01 2.829535990951780988e+00 0.000000000000000000e+00 1.994459082048754084e+01 2.676156800554850079e+01 2.077479851487496632e+01 2.732876780865930755e+01 0.000000000000000000e+00
1.480140884111251154e+01 2.537781394105257604e+01 8.532736970230246243e+00 1.845945561023980730e+01 0.000000000000000000e+00 1.205994854769803482e+01 1.860354594031495878e+01 2.647324120893432564e+01 1.476768776962634355e+01 0.000000000000000000e+00 -8.463549136269755024e+00 8.543234873988886369e-01 -1.839980554807655011e+01 0.000000000000000000e+00 0.000000000000000000e+00 2.105969351057461836e+01 2.592357164981360285e+01 2.936135741622080886e+01 -1.566645179572339064e+00 0.000000000000000000e+00 1.369840445702343246e+01 2.805220444863898166e+01 1.084086439440002714e+01 1.925679933163996793e+01 0.000000000000000000e+00
1.242573450481451758e+01 1.755293251031030266e+01 1.877591812057965714e-01 4.687131706154301192e+00 0.000000000000000000e+00 -1.898911517397079152e+01 -1.000557656699185749e+01 1.819949336180017241e+01 7.339235927622194566e+00 0.000000000000000000e+00 -2.099824290113697245e+01 1.280524227000117668e-13 -3.000000000000000000e+01 0.000000000000000000e+00 0.000000000000000000e+00 1.016196769907000430e+01 1.119190709430834474e+01 2.488980234418433213e+01 -1.074882517886394240e+01 0.000000000000000000e+00 -2.512709821068483862e+01 9.121108134848688209e+00 -2.202679255781684997e+00 1.092922034743650528e+01 0.000000000000000000e+00
9.052374005513977195e+00 8.138044106143793144e+00 2.896740554904365917e-12 0.000000000000000000e+00 0.000000000000000000e+00 2.725036936062762649e+01 1.275089526391313122e+01 9.643527893968217413e+00 6.024678189267478778e+00 0.000000000000000000e+00 2.023306453778416980e+01 -9.039824287131594360e+00 3.000000000000000000e+01 0.000000000000000000e+00 0.000000000000000000e+00 1.384097161669648024e+01 -4.366758907588534910e+00 1.482817567598301878e+01 -2.105894609122208294e+01 0.000000000000000000e+00 2.046716225841178272e+01 -1.592773026871738296e+01 1.619190994002626738e+01 -4.862931684539988364e-01 0.000000000000000000e+00
4.301138555330791036e+00 3.739242558488554968e-02 -5.755465058247837357e-13 0.000000000000000000e+00 0.000000000000000000e+00 -5.770571121868525166e-01 1.550743543444593087e+01 1.995467087150729180e+00 -5.124198507294579485e+00 0.000000000000000000e+00 5.267248105984312367e+00 -9.519226163567552135e+00 3.000000000000000000e+01 0.000000000000000000e+00 0.000000000000000000e+00 1.650794049732040233e-02 1.325701788638026457e+01 -3.413751199526913194e+00 -2.834713257358036387e+01 0.000000000000000000e+00 -1.649156355172869226e+01 2.225580104584969021e+01 2.647224171729433806e+00 -1.515689543922347760e+01 0.000000000000000000e+00
0.000000000000000000e+00 0.000000000000000000e+00 0.000000000000000000e+00 0.000000000000000000e+00 0.000000000000000000e+00 -1.997677690646303006e+01 -1.442203917027638660e+01 5.749147513217800287e-13 -1.438080638707738323e+01 0.000000000000000000e+00 -1.780325999986357388e+01 -2.744509465692304673e+01 3.000000000000000000e+01 0.000000000000000000e+00 0.000000000000000000e+00 -4.730809248708951920e+00 2.875911890644042290e-02 -2.541442933905616641e+01 2.682558105429978212e+01 0.000000000000000000e+00 -2.082600033859244348e+01 -1.325586386983668241e+01 -1.350090266134476558e+01 -2.218794910109074081e+01 0.000000000000000000e+00
0.000000000000000000e+00 0.000000000000000000e+00 0.000000000000000000e+00 0.000000000000000000e+00 0.000000000000000000e+00 2.185664417723575070e+01 2.198813004839125895e+01 3.593601194646927592e-14 -2.114383784157949009e+01 0.000000000000000000e+00 -1.889559071365854592e+01 2.586816938306694169e+01 1.547631310888648315e+01 0.000000000000000000e+00 0.000000000000000000e+00 1.030636278223118474e+01 -1.708173273615219756e+00 1.538642584550851033e+01 1.402224788400089039e+01 0.000000000000000000e+00 -2.450463849996255661e+01 -3.000000000000000000e+01 -3.000000000000000000e+01 3.000000000000000000e+01 0.000000000000000000e+00
0.000000000000000000e+00 0.000000000000000000e+00 0.000000000000000000e+00 0.000000000000000000e+00 0.000000000000000000e+00 4.448539019147441209e+00 1.536276710748725449e+01 0.000000000000000000e+00 3.000000000000000000e+01 0.000000000000000000e+00 3.000000000000000000e+01 2.865305889366957359e+01 -1.960321422348478615e+00 2.144524469167550655e-16 0.000000000000000000e+00 4.195948393643528923e-02 1.914858913818241959e+01 7.808420331958668137e-02 8.646109969475066492e+00 0.000000000000000000e+00 2.793415121588826011e+01 2.958219077174997125e+01 3.000000000000000000e+01 2.445704003995107456e+01 0.000000000000000000e+00
0.000000000000000000e+00 0.000000000000000000e+00 0.000000000000000000e+00 0.000000000000000000e+00 0.000000000000000000e+00 -1.710028397933330524e+01 -4.886886505186926577e+00 1.087600600068039384e-14 2.756667168354335118e+01 0.000000000000000000e+00 3.000000000000000000e+01 1.451566476167405639e+01 -1.299988162307658612e+01 0.000000000000000000e+00 0.000000000000000000e+00 -2.470694724963833266e+01 -1.688759534272860918e+01 -6.649219784111574327e+00 -1.358972139288737857e+01 0.000000000000000000e+00 2.600967098600402494e+01 3.000000000000000000e+01 2.749316888639205558e+01 1.453594128556138898e+01 0.000000000000000000e+00
0.000000000000000000e+00 0.000000000000000000e+00 0.000000000000000000e+00 0.000000000000000000e+00 0.000000000000000000e+00 -2.283613057600040364e+01 -1.625724451651364788e+01 0.000000000000000000e+00 1.925228048728412489e+01 0.000000000000000000e+00 3.000000000000000000e+01 -9.650060964715656553e+00 -1.941270843233448318e+01 -6.435148351049982656e-14 0.000000000000000000e+00 -2.198958557041359896e+01 9.677224262801530585e+00 2.147099432398705332e+01 2.114713102629472985e+01 0.000000000000000000e+00 2.321927575611709216e+01 1.694121607028735710e+01 1.438679302095743395e+01 -2.062138215937506125e+00 0.000000000000000000e+00
0.000000000000000000e+00 0.000000000000000000e+00 0.000000000000000000e+00 0.000000000000000000e+00 0.000000000000000000e+00 3.000000000000000000e+01 -2.629809770639386812e+01 0.000000000000000000e+00 8.659248089796241388e+00 0.000000000000000000e+00 1.770594185610171678e+01 -2.224702005814297578e+01 2.053039964208297974e+01 4.169291434950215865e-15 0.000000000000000000e+00 3.000000000000000000e+01 -2.080063286846795378e+01 -8.453166698324977801e+00 1.580424512349108923e+01 0.000000000000000000e+00 8.737937495637746466e+00 1.804682755576911291e+01 1.502347770870766652e+00 -1.632367852000043484e+01 0.000000000000000000e+00
0.000000000000000000e+00 0.000000000000000000e+00 0.000000000000000000e+00 0.000000000000000000e+00 0.000000000000000000e+00 2.167113226211602139e+01 2.746774267309980644e+01 0.000000000000000000e+00 1.363974840681538847e+00 0.000000000000000000e+00 5.665601792369913348e+00 2.239627308674243267e+01 9.224101759675907175e+00 5.709882040218985452e-14 0.000000000000000000e+00 1.283748231664978157e+01 1.732180400519416352e+01 2.041238111919094322e+01 1.049812517753904606e+00 0.000000000000000000e+00 -1.306668072897164556e+01 -8.466096686112940972e+00 6.738860859765229527e+00 3.000000000000000000e+01 -1.918725720395835888e+00
0.000000000000000000e+00 0.000000000000000000e+00 0.000000000000000000e+00 0.000000000000000000e+00 0.000000000000000000e+00 8.716791914338539726e+00 1.663894601235575976e+01 0.000000000000000000e+00 0.000000000000000000e+00 -6.382720521488755239e+00 -1.167016297680421744e+01 5.512285303382855162e+00 5.175355642422655444e-01 -9.075099982387996316e-14 -1.084141508754363770e+00 -1.452223545284429207e+01 -8.035807180674803263e+00 -1.072655014447712674e+01 -1.379750488778644169e+01 -7.399427321117496348e+00 -1.218694216355608262e+01 1.895522045026119073e+01 4.704274342629763517e+00 2.695046054012574643e+01 -7.770738758453571648e+00
0.000000000000000000e+00 0.000000000000000000e+00 0.000000000000000000e+00 0.000000000000000000e+00 0.000000000000000000e+00 -5.400860303889131409e+00 5.434380018514455735e+00 0.000000000000000000e+00 0.000000000000000000e+00 -1.006663749314877698e+01 -1.679186358970968840e+01 -5.735563813923223897e+00 -2.683822669280887682e-13 -1.420929127234390674e-02 -7.119235323618806177e+00 2.895736277290841443e+01 5.911841797616139260e+00 9.382416258710458479e+00 1.843781891809084073e+01 -1.531521475592202641e+01 1.721719306261543680e+00 -2.894220068954397096e+00 1.859007798662867827e+01 1.394361354942128450e+01 -1.129236831714989187e+01
0.000000000000000000e+00 0.000000000000000000e+00 0.000000000000000000e+00 0.000000000000000000e+00 0.000000000000000000e+00 -1.754819371373495684e+01 1.449597314307967538e-02 0.000000000000000000e+00 -3.860750128442824031e-02 -2.207429731414682195e+01 -4.084447997059757363e+00 -2.403521725658819008e+01 -6.577069293359306089e-03 -3.992393793934826185e+00 -1.637607232314330474e+01 1.071993358155817866e+00 -1.417257811021275238e+01 -2.080682392021987681e+01 1.242724897393428368e-01 -2.286612481094286053e+01 -2.836221875743935428e+01 7.332776018640688065e+00 1.318627588974295328e+01 -1.007978220849942197e+01 -1.311424927846466559e+01
0.000000000000000000e+00 0.000000000000000000e+00 0.000000000000000000e+00 0.000000000000000000e+00 0.000000000000000000e+00 -2.702161115698631022e+01 -2.635173944681050262e+00 0.000000000000000000e+00 -8.763029864747480246e+00 -2.624629995231282464e+01 -1.457263127032935657e+01 9.507178427094803652e+00 -2.968979634262473244e+00 -2.308459462884239599e+01 -2.111232216641970894e+01 -3.000000000000000000e+01 -3.000000000000000000e+01 2.696141117985340685e+01 -2.101799828332939413e+01 -3.000000000000000000e+01 -2.969092636772632243e+00 -1.336676068398004347e+01 -9.193892995849148875e+00 -9.239014735197589090e+00 -1.728414723474847037e+01
0.000000000000000000e+00 0.000000000000000000e+00 0.000000000000000000e+00 0.000000000000000000e+00 0.000000000000000000e+00 -3.000000000000000000e+01 -1.471261523683637584e+01 0.000000000000000000e+00 -9.490352783099501366e+00 -3.000000000000000000e+01 -2.754937656387740574e+01 -1.796827845805156443e+01 -1.543197808172721075e+01 -3.000000000000000000e+01 -2.869890240001388904e+01 -2.674955020890256208e+01 -2.553596698180583857e+01 1.337211803203237359e+01 2.748947728137430602e+01 -3.000000000000000000e+01 -2.113177171759358686e+01 -2.471396636709632233e+01 -1.122553552305764946e+01 -2.290217019909233898e+01 -2.431741059984579323e+01
