# yaw
0.000000000000000000e+00 0.000000000000000000e+00 0.000000000000000000e+00 0.000000000000000000e+00 0.000000000000000000e+00 3.000000000000000000e+01 -2.679846693506059196e+01 0.000000000000000000e+00 3.000000000000000000e+01 3.000000000000000000e+01 3.000000000000000000e+01 3.000000000000000000e+01 -1.240463165545615531e+00 2.707751173781797149e+01 3.000000000000000000e+01 3.000000000000000000e+01 1.276299199303859488e+01 1.894160255372569424e+01 1.174548241974718010e+01 3.000000000000000000e+01 3.000000000000000000e+01 -2.803419888401703375e+01 -3.000000000000000000e+01 -3.000000000000000000e+01 3.000000000000000000e+01
0.000000000000000000e+00 0.000000000000000000e+00 0.000000000000000000e+00 0.000000000000000000e+00 0.000000000000000000e+00 3.000000000000000000e+01 3.000000000000000000e+01 0.000000000000000000e+00 3.000000000000000000e+01 3.000000000000000000e+01 3.000000000000000000e+01 3.000000000000000000e+01 -2.289420318796398846e+01 1.836077759407311660e+01 3.000000000000000000e+01 3.000000000000000000e+01 3.800990859719875770e-03 -1.253728328568068306e+01 5.432612901120267151e-02 3.000000000000000000e+01 2.540721678888875346e+01 -2.536603946940614662e+01 -3.000000000000000000e+01 3.000000000000000000e+01 2.790605858559538532e+01
0.000000000000000000e+00 0.000000000000000000e+00 0.000000000000000000e+00 0.000000000000000000e+00 0.000000000000000000e+00 1.830885225875046984e+01 3.000000000000000000e+01 0.000000000000000000e+00 2.277218926454434111e+01 2.831405332096110428e+01 2.857136798287704593e+01 2.250087128344470955e+01 -3.000000000000000000e+01 -4.782910873051545164e-01 3.000000000000000000e+01 2.411734606057637365e+01 -7.294798016263293050e+00 2.811401625216382882e+01 -1.105563758535441465e+01 3.000000000000000000e+01 2.014926726121597156e+01 1.809390788175929288e+01 3.000000000000000000e+01 3.000000000000000000e+01 1.942803851037965757e+01
0.000000000000000000e+00 0.000000000000000000e+00 0.000000000000000000e+00 0.000000000000000000e+00 0.000000000000000000e+00 1.068171629261174438e+01 3.000000000000000000e+01 0.000000000000000000e+00 1.188588908477349015e+01 3.000000000000000000e+01 1.613050639121265206e+01 1.551062265484009473e+01 2.634779083139394729e+01 -1.901995318243509558e+01 3.000000000000000000e+01 1.434063165259463624e+01 2.703432772743989432e+01 -1.340097197462825740e+00 2.608319791672716192e+01 1.845288623222753088e+01 1.795053695682223704e+01 2.399492544813789652e-01 3.000000000000000000e+01 2.309830151345139626e+01 9.150041110924552967e+00
0.000000000000000000e+00 0.000000000000000000e+00 0.000000000000000000e+00 0.000000000000000000e+00 0.000000000000000000e+00 2.256427284413299594e-02 1.805984993693053653e+01 0.000000000000000000e+00 -2.158940607819281876e+00 3.000000000000000000e+01 7.267639982491418849e+00 8.084420691636861278e+00 1.728120208385197998e+01 -3.000000000000000000e+01 1.562714957361951562e+01 2.901329499863017247e+00 -3.000000000000000000e+01 -2.488964586502304144e+01 -4.021071381475638806e-01 1.344398446030425731e+01 1.390320813930087063e+01 -1.507339105437355542e+01 3.000000000000000000e+01 2.768742221907542245e+01 -1.034503442935026740e+01
0.000000000000000000e+00 0.000000000000000000e+00 0.000000000000000000e+00 0.000000000000000000e+00 0.000000000000000000e+00 0.000000000000000000e+00 1.567776326034283230e+01 -3.212884938457399247e-08 -1.524185006900733264e+01 1.876055322058870800e+01 1.393687800608842231e+00 5.933963204269782743e+00 6.964694746591239216e+00 2.603650074158348104e+01 8.450910001426331419e+00 0.000000000000000000e+00 3.000000000000000000e+01 3.000000000000000000e+01 -2.371121892758427308e+01 -3.787856965702639522e-01 8.351302317697573585e+00 -1.085697944970317685e+01 2.770921715987523726e+01 9.707878633900202558e+00 -1.123943932840253623e+01
0.000000000000000000e+00 0.000000000000000000e+00 0.000000000000000000e+00 0.000000000000000000e+00 0.000000000000000000e+00 0.000000000000000000e+00 3.092191349693778513e+00 -2.362685642046666019e-07 -2.590156710874706292e+01 4.114133919093650782e+00 0.000000000000000000e+00 6.950741734075238068e-05 -1.712584772272830236e+01 1.243138318238807294e+01 -7.745962290886882151e+00 0.000000000000000000e+00 3.000000000000000000e+01 -3.000000000000000000e+01 3.000000000000000000e+01 1.359064111306885003e+01 0.000000000000000000e+00 2.808540357288740452e+01 2.304187955223181561e+01 -1.137256594292255762e+01 -2.907476705695389896e+01
0.000000000000000000e+00 0.000000000000000000e+00 0.000000000000000000e+00 0.000000000000000000e+00 0.000000000000000000e+00 0.000000000000000000e+00 2.474776676411149373e-02 1.774799185663705013e-09 3.000000000000000000e+01 -1.002262963323429679e+00 0.000000000000000000e+00 -1.915280688885780684e-08 2.899282812950297838e+01 -1.222201425440514022e+01 2.356847698731928631e+01 0.000000000000000000e+00 1.402986036510730550e+01 2.608943292185129437e+01 3.000000000000000000e+01 -1.432205420404542195e+01 0.000000000000000000e+00 2.522804127190265078e+01 -2.384566766094884382e+00 1.672396690713177136e+01 3.000000000000000000e+01
0.000000000000000000e+00 0.000000000000000000e+00 0.000000000000000000e+00 0.000000000000000000e+00 0.000000000000000000e+00 0.000000000000000000e+00 -7.789113901166938581e-02 -1.802292637036248532e-10 2.203069463064043276e+01 -1.759263022575634139e+01 0.000000000000000000e+00 9.816621471440048090e-08 6.059302524021440206e+00 3.000000000000000000e+01 -1.603446826952644955e+00 0.000000000000000000e+00 -1.093973542413025868e+01 1.045285793823194531e+01 5.012799771035174601e+00 6.690911456452418804e+00 0.000000000000000000e+00 -7.299335353240817170e+00 6.882345642497523563e+00 -1.692635793537883160e+01 2.740714917672316275e+01
0.000000000000000000e+00 0.000000000000000000e+00 0.000000000000000000e+00 0.000000000000000000e+00 0.000000000000000000e+00 0.000000000000000000e+00 -8.237648120103864713e+00 4.082377651976268689e-09 1.439598563960702116e+01 2.391963397636414612e+01 0.000000000000000000e+00 1.417872885085840555e-07 -1.099845894338740138e+01 1.132285869360178054e+01 2.180155428016034946e+01 0.000000000000000000e+00 -1.940990163638774035e+01 1.746980804311611024e+01 1.990605909077848779e+01 -2.616196050244624871e+01 0.000000000000000000e+00 2.595243887698687146e+01 1.490316973937393641e+01 -2.146554998933132907e+01 1.703075431867574707e+01
0.000000000000000000e+00 0.000000000000000000e+00 0.000000000000000000e+00 0.000000000000000000e+00 0.000000000000000000e+00 0.000000000000000000e+00 -2.198277518837375766e+01 -4.783782754427008207e-11 -2.056310516846330039e+00 -2.355480783100567521e+00 0.000000000000000000e+00 -5.469671854238732432e-11 -2.211451194583103685e+01 -1.448700017942831408e+01 -9.872633115106799195e+00 0.000000000000000000e+00 -2.278052991907400937e+01 -1.436248810444502055e+01 4.492927414810631959e+00 2.770284210186553508e+01 0.000000000000000000e+00 1.015952856091296574e+01 7.059837241663549645e-02 -1.723447351965175400e+01 -4.306466785551648080e+00
0.000000000000000000e+00 0.000000000000000000e+00 0.000000000000000000e+00 0.000000000000000000e+00 0.000000000000000000e+00 0.000000000000000000e+00 -3.000000000000000000e+01 -5.080353425290556696e-12 -2.001452530729428858e+01 2.174509839669236655e+01 0.000000000000000000e+00 -3.351365192816022715e-11 2.487842653942105287e+01 -2.795211901828359302e+01 3.215533876225845411e+00 0.000000000000000000e+00 2.756081089918396287e+01 2.230754318162638583e+01 -4.580163712116671171e+00 7.375415574660793894e+00 0.000000000000000000e+00 -2.089640335506446900e-01 1.389936795027047189e+01 -2.897500929795706526e+01 1.318593282158964897e+01
0.000000000000000000e+00 0.000000000000000000e+00 0.000000000000000000e+00 0.000000000000000000e+00 -6.281104505891025980e+00 0.000000000000000000e+00 2.743235845401599704e+01 -6.814261288132403838e-01 3.000000000000000000e+01 1.236010952633228044e+01 0.000000000000000000e+00 1.142783920010008506e-11 8.568652389788248058e+00 1.999447966612236272e+01 -2.683260215370851753e+01 0.000000000000000000e+00 1.799652388664127400e+01 -3.037432979821881762e+00 -2.669556841135046454e+01 -5.643200098965586164e+00 0.000000000000000000e+00 -1.156441619636965612e+01 6.535235936515084276e+00 3.000000000000000000e+01 -7.781444798851677724e+00
0.000000000000000000e+00 5.867936898964016200e-10 -9.418295064586960308e+00 -9.518359570888275389e-02 -1.144881007057584732e+01 0.000000000000000000e+00 1.314126737661367450e+01 -3.374158294829611826e+00 2.739982356364562932e+01 1.168992855260597985e-01 0.000000000000000000e+00 -4.850163414095517458e-12 -7.765800261100905821e+00 1.466976865932621443e+01 2.485395829756679831e+01 0.000000000000000000e+00 5.188504226153637156e+00 -2.310673140805662484e+01 3.000000000000000000e+01 -1.704625171770091185e+01 0.000000000000000000e+00 -2.561723066930420600e+01 -6.564737197593955464e+00 1.675169769012152088e+01 -1.957871680931296865e+01
0.000000000000000000e+00 -3.954716216309337007e+00 -1.098329146705503945e+01 -1.012552459634336621e+01 -1.474803104129289544e+01 0.000000000000000000e+00 5.673563702925368268e+00 -1.252023578579094831e+01 1.960214433539155010e+01 2.265312571867320912e+01 0.000000000000000000e+00 7.451427114504079532e-11 -1.891151600990796311e+01 -3.239921260538408010e+00 2.389292635859274583e+01 0.000000000000000000e+00 -8.694440805480477152e+00 1.886122206939918655e+01 1.768965475658105291e+01 -2.864586223588480252e+01 0.000000000000000000e+00 3.000000000000000000e+01 -1.872654553344743533e+01 -4.780111368034725139e+00 -3.000000000000000000e+01
0.000000000000000000e+00 -1.048566524886483720e+01 -2.466641416584700863e+01 -2.057763514273791827e+01 -1.749850848536389947e+01 0.000000000000000000e+00 -5.485110495785083545e-12 -1.919881887411018440e+01 1.338077178324264160e+01 8.317532312894920565e+00 0.000000000000000000e+00 9.107276415892160148e-12 -2.752172171916181043e+01 -2.191629170468076282e+01 3.406596852443091183e+00 0.000000000000000000e+00 -2.003942836256374704e+01 2.004215813548002156e+00 -6.472143047171429409e+00 1.037617167877861313e+01 0.000000000000000000e+00 -2.337322232867392557e+01 -3.000000000000000000e+01 -2.164771838718263552e+01 1.634980153465751229e+01
0.000000000000000000e+00 -2.610036042271431356e+01 -3.000000000000000000e+01 -3.000000000000000000e+01 -1.926516100570322010e+01 0.000000000000000000e+00 -6.732854273792952291e-10 -2.680986867202468460e+01 -9.659773580872874632e+00 -2.425269504566177403e+01 0.000000000000000000e+00 -6.995619666999124871e-10 2.142476108818997105e+01 1.829617315871126237e+01 -1.857358546864155713e+01 0.000000000000000000e+00 -3.000000000000000000e+01 -2.650785761951560127e-01 3.000000000000000000e+01 -2.545754498285462830e+01 0.000000000000000000e+00 -2.900360111694174137e+01 -3.000000000000000000e+01 -3.000000000000000000e+01 -2.678490523992589445e+01
0.000000000000000000e+00 -3.000000000000000000e+01 -3.000000000000000000e+01 -3.000000000000000000e+01 -2.887492629068895056e+01 0.000000000000000000e+00 -2.436051082645511734e-01 -3.000000000000000000e+01 -3.705732078015935294e+00 3.000000000000000000e+01 0.000000000000000000e+00 2.340770969806515788e-10 1.431099051425690583e+01 4.533957497473519282e+00 2.476074158626014921e+01 0.000000000000000000e+00 -3.000000000000000000e+01 -1.690504399077347131e+01 1.588497072680735656e+01 3.000000000000000000e+01 0.000000000000000000e+00 -3.000000000000000000e+01 -3.000000000000000000e+01 -3.000000000000000000e+01 -3.000000000000000000e+01
0.000000000000000000e+00 3.000000000000000000e+01 3.000000000000000000e+01 3.000000000000000000e+01 3.000000000000000000e+01 0.000000000000000000e+00 -4.515718890948146047e+00 3.000000000000000000e+01 1.894192716609137506e+01 2.936217865603781263e+01 0.000000000000000000e+00 1.896021066070249623e-09 -1.892770198955017857e+00 -1.587423723638261919e+01 1.808604087818451234e+01 0.000000000000000000e+00 3.000000000000000000e+01 2.700720845213642818e+01 -3.512894649182096707e-02 3.000000000000000000e+01 0.000000000000000000e+00 3.000000000000000000e+01 3.000000000000000000e+01 3.000000000000000000e+01 3.000000000000000000e+01
0.000000000000000000e+00 3.000000000000000000e+01 3.000000000000000000e+01 3.000000000000000000e+01 2.614190399910659934e+01 0.000000000000000000e+00 -1.894269751474958596e+01 3.000000000000000000e+01 1.010556238223546011e+00 2.280320929638098182e+00 0.000000000000000000e+00 -1.000749527403273992e-12 -2.165556817873592976e+01 2.688152425240183874e+01 4.655179625293794032e+00 0.000000000000000000e+00 3.000000000000000000e+01 9.194216190175204417e+00 -1.588946600842387191e+01 3.000000000000000000e+01 0.000000000000000000e+00 3.000000000000000000e+01 3.000000000000000000e+01 3.000000000000000000e+01 2.514564411764735752e+01
0.000000000000000000e+00 2.282945166535913017e+01 2.910543399299180223e+01 2.877251332473240097e+01 3.000000000000000000e+01 0.000000000000000000e+00 -3.000000000000000000e+01 2.261599817936324897e+01 -2.344178482320453583e+01 2.661301462671667295e+01 0.000000000000000000e+00 4.167064003085442533e-10 -2.951941433499444045e+01 6.248106216080560493e+00 -3.937776540491085164e+00 0.000000000000000000e+00 2.164232254195410832e+01 -1.328742507940719264e+01 1.674801503658530422e+01 3.000000000000000000e+01 0.000000000000000000e+00 2.886346582728710075e+01 2.217833444281306043e+01 2.456754189763325513e+01 2.115725683981512262e+01
0.000000000000000000e+00 1.359896322866545759e+01 2.569232732256848450e+01 3.000000000000000000e+01 2.420134328612779484e+01 0.000000000000000000e+00 0.000000000000000000e+00 2.076803167120704785e+01 -2.947881437122650539e+01 1.036735462903871330e+01 0.000000000000000000e+00 -1.717684208044552386e-05 3.000000000000000000e+01 -1.714616913354994310e+01 -1.181121902308213834e+01 0.000000000000000000e+00 9.964962316353023652e+00 -3.000000000000000000e+01 -1.987732543171983579e+01 3.000000000000000000e+01 0.000000000000000000e+00 2.101152559603332293e+01 1.797183421405018322e+01 1.609881005841444690e+01 2.261556059145648234e+01
0.000000000000000000e+00 1.444822827299516943e+00 1.863721859275068127e+01 1.976782344123088109e+01 2.231137404821614112e+01 0.000000000000000000e+00 2.594505505316775995e+01 -2.459342451869362378e+01 3.000000000000000000e+01 -1.291952180767473024e+01 0.000000000000000000e+00 0.000000000000000000e+00 1.489827057252689890e+01 -3.000000000000000000e+01 -1.422812233476419586e+01 0.000000000000000000e+00 7.858322193380695708e-01 2.992022642575416214e+01 -3.000000000000000000e+01 -2.476826133378552441e+01 0.000000000000000000e+00 0.000000000000000000e+00 6.278415227078038008e+00 3.164912204456821865e+00 1.588156297903908865e+01
0.000000000000000000e+00 0.000000000000000000e+00 0.000000000000000000e+00 0.000000000000000000e+00 0.000000000000000000e+00 0.000000000000000000e+00 0.000000000000000000e+00 0.000000000000000000e+00 0.000000000000000000e+00 0.000000000000000000e+00 0.000000000000000000e+00 0.000000000000000000e+00 0.000000000000000000e+00 0.000000000000000000e+00 0.000000000000000000e+00 0.000000000000000000e+00 0.000000000000000000e+00 0.000000000000000000e+00 0.000000000000000000e+00 0.000000000000000000e+00 0.000000000000000000e+00 0.000000000000000000e+00 0.000000000000000000e+00 0.000000000000000000e+00 0.000000000000000000e+00
0.000000000000000000e+00 0.000000000000000000e+00 0.000000000000000000e+00 0.000000000000000000e+00 0.000000000000000000e+00 0.000000000000000000e+00 0.000000000000000000e+00 0.000000000000000000e+00 0.000000000000000000e+00 0.000000000000000000e+00 0.000000000000000000e+00 0.000000000000000000e+00 0.000000000000000000e+00 0.000000000000000000e+00 0.000000000000000000e+00 0.000000000000000000e+00 0.000000000000000000e+00 0.000000000000000000e+00 0.000000000000000000e+00 0.000000000000000000e+00 0.000000000000000000e+00 0.000000000000000000e+00 0.000000000000000000e+00 0.000000000000000000e+00 0.000000000000000000e+00
0.000000000000000000e+00 0.000000000000000000e+00 0.000000000000000000e+00 0.000000000000000000e+00 0.000000000000000000e+00 0.000000000000000000e+00 0.000000000000000000e+00 0.000000000000000000e+00 0.000000000000000000e+00 0.000000000000000000e+00 0.000000000000000000e+00 0.000000000000000000e+00 0.000000000000000000e+00 0.000000000000000000e+00 0.000000000000000000e+00 0.000000000000000000e+00 0.000000000000000000e+00 0.000000000000000000e+00 0.000000000000000000e+00 0.000000000000000000e+00 0.000000000000000000e+00 0.000000000000000000e+00 0.000000000000000000e+00 0.000000000000000000e+00 0.000000000000000000e+00
0.000000000000000000e+00 0.000000000000000000e+00 0.000000000000000000e+00 0.000000000000000000e+00 0.000000000000000000e+00 0.000000000000000000e+00 0.000000000000000000e+00 0.000000000000000000e+00 0.000000000000000000e+00 0.000000000000000000e+00 0.000000000000000000e+00 0.000000000000000000e+00 0.000000000000000000e+00 0.000000000000000000e+00 0.000000000000000000e+00 0.000000000000000000e+00 0.000000000000000000e+00 0.000000000000000000e+00 0.000000000000000000e+00 0.000000000000000000e+00 0.000000000000000000e+00 0.000000000000000000e+00 0.000000000000000000e+00 0.000000000000000000e+00 0.000000000000000000e+00
0.000000000000000000e+00 2.991475088930011594e+01 -3.000000000000000000e+01 -2.602714633954790102e+01 2.272473978566290143e+01 0.000000000000000000e+00 2.628757153513596379e+01 2.126109771133011250e+01 1.762890544642297641e+01 3.000000000000000000e+01 0.000000000000000000e+00 0.000000000000000000e+00 1.816003561375729092e+01 1.528860019405928661e+01 2.769489699685779627e+01 0.000000000000000000e+00 1.614356923384806502e-03 0.000000000000000000e+00 -1.222070778900259036e+01 -1.564475470795635026e+01 0.000000000000000000e+00 0.000000000000000000e+00 0.000000000000000000e+00 0.000000000000000000e+00 0.000000000000000000e+00
0.000000000000000000e+00 2.484207493217038376e+01 3.000000000000000000e+01 3.000000000000000000e+01 -6.755377107745816900e+00 0.000000000000000000e+00 1.590664848512198404e+01 -4.013116597961007059e+00 -1.538674585439579268e+01 -1.279903050748566429e+01 0.000000000000000000e+00 -4.503554987885777629e-04 -1.250170066901871202e+01 6.192629950623465440e+00 1.070176539035439234e+01 0.000000000000000000e+00 5.107148348804455554e-05 2.869675396307919968e+01 -3.000000000000000000e+01 -2.319264625668094482e+01 0.000000000000000000e+00 0.000000000000000000e+00 0.000000000000000000e+00 0.000000000000000000e+00 0.000000000000000000e+00
0.000000000000000000e+00 7.355468786929204583e+00 2.706952682382888042e+01 -2.297379874067604888e+01 4.471305352146577761e+00 0.000000000000000000e+00 -2.856444254262503080e+01 1.413166779185053734e+01 1.713887245255897440e+01 -3.000000000000000000e+01 0.000000000000000000e+00 6.426493659756885799e-09 2.104123572632367001e+01 -1.370099601405799916e+01 2.662976062690146709e-02 0.000000000000000000e+00 8.510676306729541397e-08 2.129217219528113958e+01 3.000000000000000000e+01 3.000000000000000000e+01 0.000000000000000000e+00 0.000000000000000000e+00 0.000000000000000000e+00 0.000000000000000000e+00 0.000000000000000000e+00
-1.323019075185625733e-11 2.697733540178164802e+01 2.624908814504392751e+01 2.060833023613674442e+01 -1.838201992414715491e+01 0.000000000000000000e+00 1.770846826197843882e+01 -2.254270525700666994e+01 -1.364059596024832999e+01 1.845162609928646802e+01 0.000000000000000000e+00 -1.315874242114896041e-11 2.368257091948034354e+00 2.552425401186243192e+01 -9.199040615118004638e+00 -1.741475839496116507e+00 -1.403471257522399877e-10 7.196823768027844181e+00 1.639334967265594045e+01 2.236457412751230933e+01 0.000000000000000000e+00 0.000000000000000000e+00 0.000000000000000000e+00 0.000000000000000000e+00 0.000000000000000000e+00
1.558414619549515270e-09 1.873082615782695015e+01 1.699570701162306818e+01 1.601402404867264195e+01 7.631533325125442246e+00 -8.403564524012828940e+00 -1.636653827531911176e+01 2.609098331666753623e+01 -2.651316474217206576e+01 -2.033252405023873166e+00 -3.251062354923502262e+00 -4.931300874237759015e-03 -1.912402682354039651e+00 5.798730988307194245e+00 -2.481472627989719371e+01 -8.128608430607746627e+00 0.000000000000000000e+00 4.376746539528802438e-01 3.682888789059289625e+00 1.034249312343065164e+01 0.000000000000000000e+00 0.000000000000000000e+00 0.000000000000000000e+00 0.000000000000000000e+00 0.000000000000000000e+00
-5.524941097802511081e+00 -1.122184238644259935e+01 1.933706507142956221e+00 -1.368025431732173658e+01 -8.384528269829765179e+00 -1.426881570158896828e+01 1.667874611602376334e+01 1.692365193481348484e+01 1.629453712008256616e+01 -2.091336891252117169e+01 -8.394980702299111641e+00 -4.617555942228401378e+00 -1.392972540285683891e+01 -1.615627386360583984e+01 -3.000000000000000000e+01 -1.118498932683754710e+01 0.000000000000000000e+00 -1.154950741429362715e+00 -3.166347742588393093e-08 -3.974612463243438754e+00 0.000000000000000000e+00 0.000000000000000000e+00 0.000000000000000000e+00 0.000000000000000000e+00 0.000000000000000000e+00
-1.281187858117555400e+01 -2.331977810772293225e+01 -1.011731656881782904e+01 1.582049432279042200e+01 -2.291311582144102132e+01 -1.751894336776020822e+01 2.615400633230275940e+00 -9.022043751063138828e+00 -1.914403536322708987e+01 -3.000000000000000000e+01 -2.341413961115437203e+01 -1.015938517486534387e+01 2.752791345698681269e+01 1.551724500585527267e+01 -2.558412848279191465e+01 -2.117755365784847399e+01 2.032125852372924765e-10 -5.459192821022268660e+00 9.884064135915690388e-10 -1.590252646171094675e+01 0.000000000000000000e+00 0.000000000000000000e+00 0.000000000000000000e+00 0.000000000000000000e+00 0.000000000000000000e+00
-1.648855888335221920e+01 -1.591927803432876942e+01 -2.834200017125246873e+01 -3.197116590919138468e-01 -2.080571425007987685e+01 -2.524083052771339553e+01 -1.639756452699631939e-01 -2.324100959648937348e+01 -3.000000000000000000e+01 -3.000000000000000000e+01 -2.931614995658434353e+01 -2.343879283441611250e+01 1.296951697364194267e+01 -1.531451306144264102e+01 -2.771162060463547760e+01 -2.838247816694692460e+01 3.654509075565472808e-10 -1.554841329656490068e+01 -8.924915740578233114e-01 -2.568197956919970082e+01 0.000000000000000000e+00 0.000000000000000000e+00 0.000000000000000000e+00 0.000000000000000000e+00 0.000000000000000000e+00
-2.382369049530876381e+01 -1.828725304151889830e+01 2.755932886841673835e+01 -1.710259458739125904e+01 -2.562783356788081335e+01 -3.000000000000000000e+01 -2.401444479307775737e+01 -2.282132896186514159e+01 -3.000000000000000000e+01 -3.000000000000000000e+01 -3.000000000000000000e+01 -3.000000000000000000e+01 -2.745553337320114196e+00 -2.962648386798588618e+01 -3.000000000000000000e+01 -3.000000000000000000e+01 3.486808810733205296e-10 -2.545596790611483939e+01 -1.661899754046160993e+01 -3.000000000000000000e+01 0.000000000000000000e+00 0.000000000000000000e+00 0.000000000000000000e+00 0.000000000000000000e+00 0.000000000000000000e+00
3.000000000000000000e+01 -3.000000000000000000e+01 9.681555662053810352e+00 1.716072867814468950e+01 3.000000000000000000e+01 3.000000000000000000e+01 1.564945658169239806e+00 2.258680841937997741e+01 3.000000000000000000e+01 3.000000000000000000e+01 3.000000000000000000e+01 3.000000000000000000e+01 -1.643815963137870284e+01 2.837486650419165102e+01 3.000000000000000000e+01 3.000000000000000000e+01 9.553839307191075280e-12 -2.043182184832041770e+01 -1.883054254316584775e+01 3.000000000000000000e+01 0.000000000000000000e+00 0.000000000000000000e+00 0.000000000000000000e+00 0.000000000000000000e+00 0.000000000000000000e+00
2.088329588394921288e+01 -2.232939540319482674e+01 -7.965037099419128630e+00 -1.505013601438329962e+00 2.124124039633923999e+01 3.000000000000000000e+01 -2.598582153287941310e+01 1.423786091429513689e+01 3.000000000000000000e+01 3.000000000000000000e+01 3.000000000000000000e+01 2.919488175853608070e+01 2.698511442058685716e+01 6.465110670550778593e+00 3.000000000000000000e+01 3.000000000000000000e+01 -9.025578992040795108e-11 -2.676067554012112026e+01 3.000000000000000000e+01 2.956508053942737746e+01 0.000000000000000000e+00 0.000000000000000000e+00 0.000000000000000000e+00 0.000000000000000000e+00 0.000000000000000000e+00
2.234307870769894322e+01 3.000000000000000000e+01 1.427474690892316822e+01 -1.591336447128904830e+01 1.522364334657770613e+01 1.914417688640124737e+01 3.000000000000000000e+01 -8.722101873767988067e+00 2.178052982083073275e+01 2.475190030106355721e+01 2.507479776248299075e+01 1.932440486563277915e+01 1.844176698941474157e+01 7.248992758471135833e-04 2.161232369607742143e+01 2.408952292882274904e+01 7.627211488233359749e-10 3.000000000000000000e+01 2.512061352773708123e+01 1.330313377739107850e+01 0.000000000000000000e+00 0.000000000000000000e+00 0.000000000000000000e+00 0.000000000000000000e+00 0.000000000000000000e+00
1.084554584526247822e+01 2.541743732404608025e+01 -1.391569771896882024e+01 3.000000000000000000e+01 8.421121954870699255e+00 2.582081767583029119e+01 3.000000000000000000e+01 2.025237713377305226e+01 1.157511576885895010e+01 1.520367346902781946e+01 1.670293358888229918e+01 1.267032003174898236e+01 1.653344964503282721e+00 -4.303103766011511233e+00 2.106235401058980727e+01 1.744067010420464214e+01 1.872959139290407979e-10 2.679859786141595634e+01 2.005670275709658412e+01 9.614237338600648997e+00 0.000000000000000000e+00 0.000000000000000000e+00 0.000000000000000000e+00 0.000000000000000000e+00 0.000000000000000000e+00
-8.482297016859366323e+00 2.295996035167123495e+01 -2.115689224718354922e+01 -3.000000000000000000e+01 5.949317433151446455e-01 1.306908473689724914e+01 3.000000000000000000e+01 1.415710491145445182e+01 6.056497148632645100e+00 7.289635942522699530e+00 2.792746278014380223e+01 1.360297567536003172e+00 -7.771847224295665768e+00 -2.592216911840554872e+01 1.576951354332577182e+01 1.265138900759502327e+01 -2.071555422238279300e-12 2.145741856115361301e+01 4.318479798395725489e+00 5.738473495090596569e-04 0.000000000000000000e+00 0.000000000000000000e+00 0.000000000000000000e+00 0.000000000000000000e+00 0.000000000000000000e+00
1.802015558985509136e+00 1.090530088452644719e+01 2.574996683890217852e+01 3.000000000000000000e+01 -9.938925138029582808e-14 -4.731036149581675510e+00 1.731750008633889593e+01 -1.049100801528119220e+01 4.747632585888187151e+00 8.083647658830420468e+00 1.319408703238356928e+01 -1.451539242384659545e+01 -2.365493295004673158e+01 3.000000000000000000e+01 2.474562566078162273e+00 7.137465028830765057e+00 -1.608735357807846872e-13 1.147485952516799301e+01 -9.670372514638660988e+00 1.153541284470556258e-13 0.000000000000000000e+00 0.000000000000000000e+00 0.000000000000000000e+00 0.000000000000000000e+00 0.000000000000000000e+00
-1.905529771110200343e+01 1.431517608093327709e+01 1.605849638503378429e+01 3.000000000000000000e+01 0.000000000000000000e+00 1.233063657137675406e+01 -3.314478593610692414e+00 2.352645109993490635e+01 1.336741385204730959e+00 6.733811809806636815e-03 -6.485886210346793135e+00 2.610078802793421815e+01 3.000000000000000000e+01 -2.388706310825292789e+01 3.404357621557293351e-02 1.116410965247010223e+00 -2.601295478084912949e-11 1.139568574499437226e+01 -2.393576625561674476e+01 0.000000000000000000e+00 0.000000000000000000e+00 0.000000000000000000e+00 0.000000000000000000e+00 0.000000000000000000e+00 0.000000000000000000e+00
2.238768424946268354e+01 -1.683981236980629959e+01 -1.192664932628600560e+01 2.695693728310691739e+01 0.000000000000000000e+00 -9.103876572667230604e+00 1.521119960376708669e+01 -6.263726380245651093e+00 -5.688461663562458833e-10 1.592897235861824715e-14 2.147786535860570112e+01 1.648033739700316147e+01 2.617384219853433436e+01 1.866511840763900310e+01 0.000000000000000000e+00 -7.089542656405864451e-02 1.228088021644402240e-13 4.993345620432728893e+00 -3.000000000000000000e+01 0.000000000000000000e+00 0.000000000000000000e+00 0.000000000000000000e+00 0.000000000000000000e+00 0.000000000000000000e+00 0.000000000000000000e+00
9.862929843895217985e+00 2.785624301899556343e+01 6.442849747785845516e+00 2.007235552686366731e+01 0.000000000000000000e+00 1.278669451744420371e+01 -1.679486959236959365e+01 -1.311317801459646759e+01 4.669275538947579078e-11 0.000000000000000000e+00 1.655702463847509742e+00 -1.060183275365501032e+01 -3.007466606157106481e-01 4.075122512299677702e+00 0.000000000000000000e+00 -9.207633539444779913e+00 1.761001327827011698e-08 5.466360250270912990e-02 2.089952457591630619e+01 0.000000000000000000e+00 0.000000000000000000e+00 0.000000000000000000e+00 0.000000000000000000e+00 0.000000000000000000e+00 0.000000000000000000e+00
-1.608207754669568246e+01 1.738643641409865381e+01 2.017092663471081693e+01 1.341944775831786529e+01 0.000000000000000000e+00 -2.002435028652329763e+01 1.401362821538622150e+01 2.220407926222386408e+01 -6.028280875261218324e-11 0.000000000000000000e+00 1.011566933455141637e+01 2.407716023425749086e+01 2.002893895405338753e+01 -1.796563897581541980e+01 0.000000000000000000e+00 -1.796525805583209134e+01 -1.439671667103780832e-16 -5.908565754952321392e+00 1.067695447170938472e+01 0.000000000000000000e+00 0.000000000000000000e+00 0.000000000000000000e+00 0.000000000000000000e+00 0.000000000000000000e+00 0.000000000000000000e+00
-1.914925263851891657e+01 -9.790283482542578852e+00 -6.967838232440936252e+00 6.847673129741825848e-01 0.000000000000000000e+00 -2.252419197139834139e+01 -2.422769453288911379e+01 -4.473650069437018040e+00 1.868062863286048806e-17 0.000000000000000000e+00 -6.561446119522291731e+00 1.021245929702615740e+01 -1.797256167886464340e+01 2.283067460781064995e+01 0.000000000000000000e+00 -2.248565188309825658e+01 -3.712777627023978582e-13 -1.565760375213599431e+01 2.656095008910011601e-01 0.000000000000000000e+00 0.000000000000000000e+00 0.000000000000000000e+00 0.000000000000000000e+00 0.000000000000000000e+00 0.000000000000000000e+00
-3.000000000000000000e+01 6.604532206217868406e+00 2.021507045713193307e+01 8.088170823250625822e-13 0.000000000000000000e+00 2.743423339117730109e+01 3.000000000000000000e+01 -2.049139137812935729e+01 -6.737766176496747967e-14 0.000000000000000000e+00 2.188685997155125307e+01 1.329598048427206791e+01 1.519672163070414861e+01 1.759249200995943285e+00 0.000000000000000000e+00 3.000000000000000000e+01 1.004212093452594174e-10 -2.526171483967071651e+01 -6.811892688756240725e-15 0.000000000000000000e+00 0.000000000000000000e+00 0.000000000000000000e+00 0.000000000000000000e+00 0.000000000000000000e+00 0.000000000000000000e+00
2.457085541017941566e+01 -1.664179812677499370e+01 -2.906312458803157917e+00 -6.253561577003166505e+00 0.000000000000000000e+00 1.939594552334388311e+01 3.000000000000000000e+01 2.255412051039316168e+01 -1.648527121945688095e-11 0.000000000000000000e+00 5.852511330185777183e+00 4.219599297715723729e+00 -1.637829550208603990e+01 -1.740641875746395328e+01 0.000000000000000000e+00 3.000000000000000000e+01 -1.159798966129237829e+00 3.000000000000000000e+01 -2.140522476202391111e+00 0.000000000000000000e+00 0.000000000000000000e+00 -2.829120425571686470e-03 0.000000000000000000e+00 -1.065091395843376532e+00 0.000000000000000000e+00
2.012466377809954921e+01 -3.717382767986778802e+00 -2.311490793953066358e+01 -1.144392603407337639e+01 0.000000000000000000e+00 8.905508176691698807e+00 1.224357418773044515e+01 5.585594433013117310e+00 -5.412658165020017973e-10 0.000000000000000000e+00 -9.978726703603067349e+00 -2.739286664606569133e+01 3.000000000000000000e+01 2.700571674514607068e+01 0.000000000000000000e+00 3.000000000000000000e+01 -3.932507042124591123e+00 3.000000000000000000e+01 -7.732570526178875525e+00 0.000000000000000000e+00 -1.704462217353126807e-02 -7.014700793081211749e+00 4.253558791744428017e-14 -4.858873336617394401e+00 0.000000000000000000e+00
4.494852352662348949e+00 -2.298783432269138771e+01 1.139381942928106639e+01 -1.550640300611159361e+01 0.000000000000000000e+00 -1.229286114005049591e+01 -1.083266483820727188e+01 -1.121361406101699920e+01 7.102924704987544550e-12 0.000000000000000000e+00 -2.925555783034729629e+01 1.708123900866154088e+01 2.189713619404219003e+01 1.246529312057305106e+01 0.000000000000000000e+00 2.720591708967137023e+01 -1.248529968101865073e+01 2.264458139973773498e+01 -1.418288215591424439e+01 0.000000000000000000e+00 -8.096220154686379900e+00 -8.658460733590001013e+00 -9.642207570657721050e+00 -8.829976768323630765e+00 0.000000000000000000e+00
-1.837442596423896646e+01 9.385220749157384690e-01 -2.977972159943942998e+01 -2.114865876417848511e+01 0.000000000000000000e+00 2.486596551862074378e+01 1.264025901349399739e+01 -1.658057919639481170e+01 2.129665694469140713e-10 0.000000000000000000e+00 3.000000000000000000e+01 -5.893858601225726579e-01 5.021791057883104870e+00 -9.982483122751382165e-01 0.000000000000000000e+00 2.113765602808241439e+01 -2.035178744594772837e+01 7.665982365353714023e+00 -2.026058903641024145e+01 0.000000000000000000e+00 -1.381799582695219186e+01 -1.717681734542151872e+01 -1.203236822222629243e+01 -2.120414514469157297e+01 0.000000000000000000e+00
-1.419093998460809125e+01 -2.774703388421739092e+01 -3.000000000000000000e+01 -3.000000000000000000e+01 0.000000000000000000e+00 2.346600352503257980e+01 -8.400241022126735402e+00 -2.476334045839092113e+01 2.619926222040034376e-10 0.000000000000000000e+00 2.821523134037103731e+01 -1.760772128878239684e+01 -1.266720869061991195e+01 -1.662462592747089829e+01 0.000000000000000000e+00 6.032973255954114045e+00 -2.830696356277768189e+01 1.756806080612761251e-02 -3.000000000000000000e+01 0.000000000000000000e+00 -1.737944252697786496e+01 -3.000000000000000000e+01 -1.900377756677423946e+01 -2.863139390418754360e+01 0.000000000000000000e+00
-2.437015647409482355e+01 -3.000000000000000000e+01 -3.000000000000000000e+01 -3.000000000000000000e+01 0.000000000000000000e+00 2.176243503442182980e+00 2.188203540417934079e+01 -3.000000000000000000e+01 7.224800608451638599e-10 0.000000000000000000e+00 1.002386720121711505e+01 9.703054387209974152e+00 2.473771807343866769e+01 3.000000000000000000e+01 0.000000000000000000e+00 -1.687397661326322762e+01 -3.000000000000000000e+01 -4.425397064117177140e-11 3.000000000000000000e+01 0.000000000000000000e+00 -2.517678326598650074e+01 -3.000000000000000000e+01 -3.000000000000000000e+01 -3.000000000000000000e+01 0.000000000000000000e+00
3.000000000000000000e+01 3.000000000000000000e+01 3.000000000000000000e+01 3.000000000000000000e+01 0.000000000000000000e+00 -1.926518237529307953e+01 2.410936762885875773e+00 3.000000000000000000e+01 2.494635672641558713e-10 0.000000000000000000e+00 -1.917861148655996217e+01 -1.461095969973000663e+01 4.522643980906833505e+00 1.835599674048725305e+01 0.000000000000000000e+00 2.567985635879064432e+01 3.000000000000000000e+01 -1.971366689939074435e-01 2.461825685386531859e+01 0.000000000000000000e+00 3.000000000000000000e+01 3.000000000000000000e+01 3.000000000000000000e+01 3.000000000000000000e+01 0.000000000000000000e+00
2.150892183349085940e+01 3.000000000000000000e+01 3.000000000000000000e+01 3.000000000000000000e+01 0.000000000000000000e+00 -1.515890642836570557e+01 -1.103004673502528885e-02 3.000000000000000000e+01 -5.167126318574078910e-11 0.000000000000000000e+00 2.469168338952538377e+01 -1.116097149852561010e+01 -1.667590940725688853e+01 6.704010869428762120e+00 0.000000000000000000e+00 2.699294575999101298e+01 3.000000000000000000e+01 -9.480756584444774759e+00 1.808004129345263422e+01 0.000000000000000000e+00 2.165967298721965406e+01 3.000000000000000000e+01 3.000000000000000000e+01 3.000000000000000000e+01 0.000000000000000000e+00
1.578158094419631396e+01 2.191175497494424818e+01 2.624929576996793301e+01 2.262664373689448993e+01 0.000000000000000000e+00 -2.201528525948086212e+01 -1.358415225316503872e+01 2.081339492590260676e+01 1.281674829503426769e-10 0.000000000000000000e+00 1.512660632962367302e+01 -2.751923840864204251e+01 2.750080026045841564e+01 -7.500001846135096351e+00 0.000000000000000000e+00 1.578710616098017105e+01 2.141073735522293120e+01 -2.713003029736467298e+01 7.029545490248594319e+00 0.000000000000000000e+00 2.330262109080639021e+01 2.566570946245443352e+01 1.946896532688150572e+01 2.521726222475144752e+01 0.000000000000000000e+00
8.993701648522982595e+00 1.674862759862257988e+01 1.615965419449990037e+01 2.199089664969589464e+01 0.000000000000000000e+00 3.000000000000000000e+01 3.000000000000000000e+01 5.383001836317350630e+00 2.752625778778370201e-10 0.000000000000000000e+00 7.814721557323430767e-01 3.000000000000000000e+01 5.084861743823653413e+00 -2.764729472979025005e+01 0.000000000000000000e+00 1.678636584456168990e+01 2.077307668062960033e+01 -3.000000000000000000e+01 -1.859450200166152256e-01 0.000000000000000000e+00 3.000000000000000000e+01 1.737342104284614663e+01 1.185343025005260742e+01 1.788914468075780917e+01 0.000000000000000000e+00
9.706577157927027688e-01 1.010433304713260760e+01 3.860405727132366405e+00 1.059337913729929603e+01 0.000000000000000000e+00 3.000000000000000000e+01 3.000000000000000000e+01 1.067088519639227240e+00 8.265456626426101172e-11 0.000000000000000000e+00 -5.534724619539785451e+00 2.603674967179639665e+01 -1.783359002008995375e+01 2.608204718633776054e+01 0.000000000000000000e+00 -8.963752356074413896e+00 3.000000000000000000e+01 -3.000000000000000000e+01 -1.120450397018537281e+01 0.000000000000000000e+00 1.359951107537803416e+01 1.405500010165111391e+01 1.931665231377774905e+00 1.241558154456322072e+01 0.000000000000000000e+00
-2.318019495402800199e-10 9.636993281807143541e-01 0.000000000000000000e+00 5.771579427717259847e+00 0.000000000000000000e+00 3.000000000000000000e+01 -2.340817546426517737e+01 -2.735688116949395619e-11 3.814722295302004286e-09 0.000000000000000000e+00 2.027566831668984548e+01 6.067257609930223339e+00 3.000000000000000000e+01 1.747447920114582232e+01 0.000000000000000000e+00 1.047269534139906533e+01 3.000000000000000000e+01 -3.000000000000000000e+01 -2.476032748830817454e+01 0.000000000000000000e+00 5.147183436168082160e+00 1.534014273046096477e+01 -7.757858787023070413e+00 6.946840232237500246e+00 0.000000000000000000e+00
0.000000000000000000e+00 0.000000000000000000e+00 0.000000000000000000e+00 0.000000000000000000e+00 0.000000000000000000e+00 4.278071505638625371e-01 2.543407307645363957e+01 6.433983841979602675e-13 5.127582964841571817e-10 0.000000000000000000e+00 1.547408116015701163e+00 4.367251865824809620e+00 3.000000000000000000e+01 8.819290236177904085e-02 0.000000000000000000e+00 -1.756062024512766051e+00 1.989638131421619605e+01 3.000000000000000000e+01 -2.677187476288863976e+01 0.000000000000000000e+00 5.846844470914468239e+00 -1.467446931491535445e+01 -2.144921043596257348e+01 6.747396701807191199e-01 0.000000000000000000e+00
0.000000000000000000e+00 0.000000000000000000e+00 0.000000000000000000e+00 0.000000000000000000e+00 0.000000000000000000e+00 -1.151039643365304244e+01 6.732029054289805359e+00 5.817601543275748489e-12 5.031664488358662649e-10 0.000000000000000000e+00 -2.663807381461691648e+01 7.485722990245328390e+00 3.000000000000000000e+01 -5.922504871576490082e+00 0.000000000000000000e+00 -1.978192523874841768e+01 9.612944931580454933e-01 1.374704122679294827e+01 -3.000000000000000000e+01 0.000000000000000000e+00 -7.659416776148597172e+00 -3.000000000000000000e+01 2.057121992251542153e+01 3.930183713861404988e-10 0.000000000000000000e+00
0.000000000000000000e+00 0.000000000000000000e+00 0.000000000000000000e+00 0.000000000000000000e+00 0.000000000000000000e+00 -2.043707210541110797e+01 -3.000000000000000000e+01 -4.476972987023151142e-12 -3.659610651009969269e-10 0.000000000000000000e+00 -2.394215408857796490e+01 -4.470000484131642082e-01 2.473684486204645339e+01 -2.076471395639380901e+01 0.000000000000000000e+00 2.988459205224843629e+01 4.567716886638433671e+00 -1.535558405864746412e+01 2.659111500531197336e+01 0.000000000000000000e+00 4.002694966654233077e+00 -3.000000000000000000e+01 4.397078476662802160e+00 -1.559865754695015871e+00 0.000000000000000000e+00
0.000000000000000000e+00 0.000000000000000000e+00 0.000000000000000000e+00 0.000000000000000000e+00 0.000000000000000000e+00 2.718898939776092760e+01 -2.746589806135179401e+01 -1.581109161208305205e-11 2.370635482441269734e-13 0.000000000000000000e+00 2.644157758870923658e+01 1.941532186920245096e+01 -1.400299629864685436e+01 1.971479170116572277e+01 0.000000000000000000e+00 2.134536057295127875e+01 1.577239866490807252e+01 2.586112084995279403e+01 6.984805512703820440e+00 0.000000000000000000e+00 -1.538927518088737223e+01 3.000000000000000000e+01 -2.517474427786027746e+01 -1.409454925631763089e+01 0.000000000000000000e+00
0.000000000000000000e+00 0.000000000000000000e+00 0.000000000000000000e+00 0.000000000000000000e+00 0.000000000000000000e+00 1.721863308584106989e+01 3.000000000000000000e+01 -4.206035328047471354e-11 2.372638207439141546e-10 0.000000000000000000e+00 8.204771826387119660e+00 -6.829325900517492443e+00 1.339171708625184998e+01 -7.589839019728548131e+00 0.000000000000000000e+00 -4.048266996130919892e+00 -5.768573720850527664e+00 -1.284558730493486678e+01 1.009992664306071219e+01 0.000000000000000000e+00 2.797978038487238095e+01 3.000000000000000000e+01 3.000000000000000000e+01 -1.999147984528863731e+01 0.000000000000000000e+00
0.000000000000000000e+00 0.000000000000000000e+00 0.000000000000000000e+00 0.000000000000000000e+00 0.000000000000000000e+00 3.764463674252930936e+00 2.318066357522128840e+01 -9.411262253740114622e-12 -1.921069881295921788e-10 0.000000000000000000e+00 -1.726775835824201977e+01 -2.934120736509483152e+01 -4.339975649054066964e-01 3.000000000000000000e+01 0.000000000000000000e+00 1.409003085812955547e+01 -5.811626796967082065e+00 2.175145348185046501e+01 3.000000000000000000e+01 0.000000000000000000e+00 2.015809286939478895e+01 1.796310084682516006e+01 3.000000000000000000e+01 4.205547008847243973e+00 0.000000000000000000e+00
0.000000000000000000e+00 0.000000000000000000e+00 0.000000000000000000e+00 0.000000000000000000e+00 0.000000000000000000e+00 1.099211852503115711e-04 1.744209555755101704e+01 -1.530270055306497693e-11 9.661919160383284165e-11 -8.598666846387262863e-01 2.460386218913543033e+01 1.408776834512501175e+01 -1.374036656017250557e+01 2.395758967239866877e+01 -2.277712258091555420e+00 -9.620262277557648289e+00 2.278460613256402922e+01 -1.183917046812423379e+01 3.000000000000000000e+01 -1.820787604801024528e+00 7.619572900915561497e+00 1.588136812036791312e+01 2.397103751567821561e+01 3.000000000000000000e+01 3.128649954547729283e-11
0.000000000000000000e+00 0.000000000000000000e+00 0.000000000000000000e+00 0.000000000000000000e+00 0.000000000000000000e+00 -7.368777408013859222e-10 8.686385511168044360e+00 -7.559839290039414409e-12 1.401705098173307483e-10 -3.838850647770609026e+00 -1.870958247067236346e+00 -2.017765817924626859e+01 2.373196521585301610e+01 3.394456716150641817e+00 -1.444703589718384151e+01 1.702209094489305130e+01 2.529448802227183268e+00 5.870098229700199788e+00 2.602809447838599866e+01 -4.044638967347833791e+00 -1.733122889480767270e+01 9.513034714697236049e-01 7.368533350384764979e+00 3.000000000000000000e+01 3.596744636440352849e-10
0.000000000000000000e+00 0.000000000000000000e+00 0.000000000000000000e+00 0.000000000000000000e+00 0.000000000000000000e+00 -6.356593434278329013e+00 -2.873844769751151773e+00 4.160577470306698939e-14 -2.337155898146225486e+00 -1.757319173294093417e+01 -2.077706109129271539e+01 1.053006551444119943e+01 6.691744317499685124e+00 4.205841658578061491e-13 -1.353752609000067331e+01 -1.454025969255149420e+01 -2.381858940449953366e+01 -1.465500580686590482e+01 1.866623841690631025e+01 -1.202684406549373719e+01 -2.205870137215074678e+01 -1.781255828799978858e+01 -1.148989725996198752e+00 2.815569932719668955e+01 -4.505440579566072579e+00
0.000000000000000000e+00 0.000000000000000000e+00 0.000000000000000000e+00 0.000000000000000000e+00 0.000000000000000000e+00 -1.743894694038419857e+01 -5.848068961848290392e+00 -4.507535565269075412e-12 -1.514653973390662500e+01 -2.132054162836631761e+01 -2.531982793154874045e+01 -1.788798467286980554e+01 -1.663460948228348713e+01 -3.221811288423519493e+00 -2.159833101098447727e+01 -3.000000000000000000e+01 -2.336149776705352821e+01 5.456073032839173109e+00 1.703452604260678171e+01 -2.000697627279794943e+01 1.145849212201956924e+01 2.574801987178360108e+01 -1.930676883520107978e+01 2.075522653450588351e+01 -1.305190960499337471e+01
0.000000000000000000e+00 0.000000000000000000e+00 0.000000000000000000e+00 0.000000000000000000e+00 0.000000000000000000e+00 -2.785285203883176308e+01 -1.763627149521582638e+01 0.000000000000000000e+00 -2.436909413906923305e+01 -2.779770806539721661e+01 -3.000000000000000000e+01 -2.664941308594218938e+01 -2.321608210236051661e+01 -1.658198853388026350e+01 -3.000000000000000000e+01 -3.000000000000000000e+01 1.812406963440594865e+01 -1.973169728985979532e+01 -2.220853936517881877e+00 -2.887396940814522139e+01 -1.862303447798928246e+01 1.010738974312724991e+01 -8.799521870195965434e+00 8.534757837917540668e-02 -1.743585091526106368e+01
0.000000000000000000e+00 0.000000000000000000e+00 0.000000000000000000e+00 0.000000000000000000e+00 0.000000000000000000e+00 -3.000000000000000000e+01 -2.798026452193472480e+01 0.000000000000000000e+00 -3.000000000000000000e+01 -3.000000000000000000e+01 -3.000000000000000000e+01 -3.000000000000000000e+01 1.971044199058869495e+01 -3.000000000000000000e+01 -3.000000000000000000e+01 -3.000000000000000000e+01 -9.410659270209080773e+00 -3.000000000000000000e+01 -2.252340991796880232e+01 -3.000000000000000000e+01 -2.713745988261629094e+01 -7.658696537742042842e+00 -1.695421493879328523e+01 -1.393602206083687989e+01 -2.446299438437978679e+01
