# yaw
0.000000000000000000e+00 0.000000000000000000e+00 0.000000000000000000e+00 0.000000000000000000e+00 0.000000000000000000e+00 3.000000000000000000e+01 -8.086242522353499496e+00 -3.000000000000000000e+01 -2.232821652155523395e+01 0.000000000000000000e+00 -3.000000000000000000e+01 -2.658686747367844916e+01 -1.532028371466453542e+01 2.929135243890592122e+01 3.000000000000000000e+01 2.899734254045278092e+01 1.299897179450282048e+00 3.499618328624300556e+00 -4.735581534277332416e+00 3.000000000000000000e+01 2.577595770641445938e+01 3.000000000000000000e+01 -1.139789550806156626e+00 -2.619743067796884262e+01 3.000000000000000000e+01
0.000000000000000000e+00 0.000000000000000000e+00 0.000000000000000000e+00 0.000000000000000000e+00 0.000000000000000000e+00 3.000000000000000000e+01 -1.758385408156125251e+01 3.000000000000000000e+01 -3.000000000000000000e+01 0.000000000000000000e+00 3.000000000000000000e+01 3.000000000000000000e+01 -2.804292044708276066e+01 1.059004168804776569e+01 3.000000000000000000e+01 8.735455123448664594e+00 -5.812061527372784475e+00 -1.124988543364284155e+01 -2.280217692744279745e+01 3.000000000000000000e+01 1.935636860221295308e+01 -2.715263160597901404e+01 1.646154366318390672e+01 -2.666836097531998107e+01 2.815502140355355110e+01
0.000000000000000000e+00 0.000000000000000000e+00 0.000000000000000000e+00 0.000000000000000000e+00 0.000000000000000000e+00 2.190093211457009659e+01 -2.156485434537435353e+01 2.324938228700666087e+01 3.000000000000000000e+01 0.000000000000000000e+00 2.597631132922037978e+01 3.000000000000000000e+01 2.893464039416669920e+01 -1.319629865068554864e+01 3.000000000000000000e+01 0.000000000000000000e+00 -2.530110331055038486e+01 2.236100687271310150e+01 -3.000000000000000000e+01 2.560950342796459367e+01 1.459147208157570219e+01 3.000000000000000000e+01 6.528479932294136701e-01 3.000000000000000000e+01 1.625731432966351164e+01
0.000000000000000000e+00 0.000000000000000000e+00 0.000000000000000000e+00 0.000000000000000000e+00 0.000000000000000000e+00 1.935161791206163073e+01 2.237423261237732675e+01 1.306545428635805450e+01 3.000000000000000000e+01 0.000000000000000000e+00 2.290015918589140753e+01 2.826395643498418764e+01 3.000000000000000000e+01 -3.000000000000000000e+01 2.192717216728192753e+01 0.000000000000000000e+00 3.000000000000000000e+01 7.164241902913536242e-01 3.000000000000000000e+01 1.377931717795866895e+01 4.922710243072299541e+00 1.802072171189392336e+01 -5.367673110970252459e+00 2.300586189376160107e+01 1.254953276184189548e+01
0.000000000000000000e+00 0.000000000000000000e+00 0.000000000000000000e+00 0.000000000000000000e+00 0.000000000000000000e+00 4.481488851567070775e+00 1.885686717394604273e+01 -6.429478623533424475e+00 2.805643842269956423e+01 0.000000000000000000e+00 1.649038748984036218e+01 2.317011878152392867e+01 3.000000000000000000e+01 2.370415636525821768e+01 1.068444141508180856e+01 0.000000000000000000e+00 1.941139233222616056e+01 -1.151460073451225696e+01 1.559687950961401981e+01 3.188006829740638981e+00 0.000000000000000000e+00 -1.451841105736580761e+00 2.239045138616313224e+01 1.353108075934163423e+01 8.613478750383245952e+00
0.000000000000000000e+00 0.000000000000000000e+00 0.000000000000000000e+00 0.000000000000000000e+00 0.000000000000000000e+00 0.000000000000000000e+00 4.558681745242981087e+00 -2.262696678527043659e+01 1.971509809749682418e+01 0.000000000000000000e+00 3.263092678797805402e+00 1.311586840805945364e+01 1.512162394375247665e+01 1.449119463290801058e+01 3.738336770147262289e+00 0.000000000000000000e+00 1.014354231990360056e+01 -5.475954365611961361e-01 1.397244402604228775e+00 1.159802232652230281e+01 0.000000000000000000e+00 -1.676542938107740355e+01 6.016766626990162514e+00 2.521337940365288688e+00 -9.604020729618389041e+00
0.000000000000000000e+00 0.000000000000000000e+00 0.000000000000000000e+00 0.000000000000000000e+00 0.000000000000000000e+00 0.000000000000000000e+00 -4.441936789252306024e-08 2.928103791450699234e+01 1.301556606006198535e+01 0.000000000000000000e+00 2.433053921485561211e-01 2.902157135216156814e+00 7.910737630607694859e-01 2.535335921585062824e+00 -1.391757442513096166e+01 0.000000000000000000e+00 0.000000000000000000e+00 -2.912419124154387973e+01 -4.664484349804458141e+00 -7.482878759808358815e+00 0.000000000000000000e+00 -2.800195059604819292e+01 1.313997777417364432e+01 -2.856397118136610569e+00 -2.781484785275807070e+01
0.000000000000000000e+00 0.000000000000000000e+00 0.000000000000000000e+00 0.000000000000000000e+00 0.000000000000000000e+00 0.000000000000000000e+00 -4.714003612164730406e+00 1.793180932062557531e+01 3.509872255989734846e+00 0.000000000000000000e+00 0.000000000000000000e+00 1.019617204950343248e-02 -3.965104954984779301e-02 -1.419698242725357851e+01 3.768223525607071189e-01 0.000000000000000000e+00 0.000000000000000000e+00 2.320938201244186772e+01 -1.995537900416970434e+00 2.462904414393867469e+01 0.000000000000000000e+00 3.000000000000000000e+01 -4.431057957069815423e+00 1.454926139306837207e+01 1.862862934511336022e+01
0.000000000000000000e+00 0.000000000000000000e+00 0.000000000000000000e+00 0.000000000000000000e+00 0.000000000000000000e+00 0.000000000000000000e+00 -2.386453872346347893e+01 0.000000000000000000e+00 0.000000000000000000e+00 0.000000000000000000e+00 0.000000000000000000e+00 2.621950350525142267e-11 -1.486592667420456060e+01 2.295334662984283014e+01 -5.869775740913203421e+00 0.000000000000000000e+00 0.000000000000000000e+00 4.732660478391300662e-01 -1.360155204876349266e+01 -1.279067216243430494e+01 0.000000000000000000e+00 2.120727222015049662e+01 1.482720189687574752e+01 -9.517713612431592196e+00 1.747102815311205370e+00
0.000000000000000000e+00 0.000000000000000000e+00 0.000000000000000000e+00 0.000000000000000000e+00 0.000000000000000000e+00 0.000000000000000000e+00 3.000000000000000000e+01 -3.443506851359095511e-01 -1.972743321351407703e-02 0.000000000000000000e+00 0.000000000000000000e+00 0.000000000000000000e+00 1.673379407461166934e+01 -4.012626865319590230e+00 -1.640534874694789735e+01 0.000000000000000000e+00 0.000000000000000000e+00 -1.501452876559263139e+01 -2.569418488673361534e+00 2.399821867771818518e+01 0.000000000000000000e+00 1.167211974266267660e+01 1.590479658371736704e+01 -6.625649643578941372e+00 -1.766507986230071126e+01
0.000000000000000000e+00 0.000000000000000000e+00 0.000000000000000000e+00 1.575524315590040961e-15 0.000000000000000000e+00 0.000000000000000000e+00 1.595384460539495386e+01 -1.430853245578292565e+01 -9.095995035878669199e+00 -8.598459848645090891e-16 0.000000000000000000e+00 -4.801545091560238316e-14 -4.087094588267899731e+00 1.586369921996336352e+01 1.631963478612131624e+01 0.000000000000000000e+00 -9.747127671462871845e+00 -2.007547115636553059e+01 2.456547981728029129e+00 1.647915377350902943e+01 0.000000000000000000e+00 7.984229571567549866e-02 5.442172793915604073e-02 -2.309623625269170866e+00 -2.286013046560800888e+01
0.000000000000000000e+00 0.000000000000000000e+00 4.506607886629483770e-17 -1.636713164411849068e-12 0.000000000000000000e+00 0.000000000000000000e+00 -6.181622983929838666e-01 2.337455037515681155e+01 -1.588507552655608990e+01 1.322820323534956170e-14 0.000000000000000000e+00 0.000000000000000000e+00 -2.103772364839014486e+01 -7.357308495521075464e+00 -9.340880809127337869e+00 0.000000000000000000e+00 -1.617723877984133551e+01 -2.481079067049599729e+01 2.298095468413245257e+01 1.182789026366707041e+01 0.000000000000000000e+00 -5.656246305633741893e-15 -3.480406677934184262e-02 1.313933492589778673e+01 3.000000000000000000e+01
0.000000000000000000e+00 0.000000000000000000e+00 -3.379768111101440617e-17 -4.835323709888021959e+00 0.000000000000000000e+00 0.000000000000000000e+00 -1.818517833162637487e+01 -2.075822556741313274e-01 -1.211739400673097933e+01 -4.256174873509776191e+00 0.000000000000000000e+00 5.841547735205005556e-13 -2.903749519076680841e+01 -2.684129734032461201e+01 -1.976116688752167505e+01 0.000000000000000000e+00 -9.950422660704809630e+00 2.505734044357336643e+01 -8.248985549716964627e+00 -6.451478715221152349e+00 0.000000000000000000e+00 -1.865803941147158307e+00 -1.431520266107528094e+01 1.450572375856513897e-03 2.466029909358181982e+01
0.000000000000000000e+00 1.364452352603638302e-14 2.511609847470289990e-13 -8.206411958714241450e+00 0.000000000000000000e+00 0.000000000000000000e+00 -1.849120279300229441e+01 2.351387255313857949e+01 -2.451994429608480530e+01 -1.062594100466350966e+01 0.000000000000000000e+00 -8.155464222487549236e-15 2.320877322828504319e+01 2.686129745304936378e+01 2.445155615189220555e+01 0.000000000000000000e+00 -2.180861898776088381e+01 9.931238316301351787e+00 1.049255470997758088e+01 6.125271403189199049e+00 0.000000000000000000e+00 -8.725407314263870617e+00 -2.461411054219063743e+01 -9.816375500166224510e-01 1.136401270678919850e+01
0.000000000000000000e+00 -4.312098295433656858e+00 7.036484215322349228e-11 -8.095213056299671806e+00 2.588897075476174000e-17 0.000000000000000000e+00 2.055005756281246221e+01 3.317481155205244558e+00 2.046782859829131240e+01 -1.467698315118536634e+01 0.000000000000000000e+00 0.000000000000000000e+00 -1.918059725886601674e+00 2.055376137593988872e+01 2.100571787031181614e+01 0.000000000000000000e+00 -1.991258807899731309e+01 2.848638382690915072e-01 1.719223068075703686e-03 1.211454974488806791e+01 0.000000000000000000e+00 -1.388975763616081949e+01 1.250928483704711169e+01 -1.660191091256795204e+01 6.203943543716270576e-02
0.000000000000000000e+00 -1.641641897654821136e+01 -2.322072148639872768e+00 -1.741635996872567915e+01 -9.706196908883432783e+00 0.000000000000000000e+00 1.194498594395884261e+01 -1.510429132937105656e+01 3.382459365782606864e-01 -1.916477964580086635e+01 0.000000000000000000e+00 0.000000000000000000e+00 2.313996868422275455e+01 1.976378865018067543e+01 -2.196261502872156046e-01 0.000000000000000000e+00 2.587425016215959772e+01 -8.625814429743581258e+00 -1.702047447307285924e-12 -1.011900513053029016e+01 0.000000000000000000e+00 -1.932911252456143814e+01 -2.242765058833303371e+01 9.532950290894598666e+00 -1.337101491105731021e+01
0.000000000000000000e+00 -1.908964842454175326e+01 -1.974833397297268434e+01 -2.577121151754655770e+01 -2.045303510255275725e+01 0.000000000000000000e+00 5.648157155096353854e+00 3.000000000000000000e+01 1.393020102801466287e+01 -2.161464326661636903e+01 0.000000000000000000e+00 0.000000000000000000e+00 4.701325532961282860e+00 -1.433342700984064066e+01 1.302133046570305908e+01 0.000000000000000000e+00 2.524998116239044066e+01 -2.139982776554871435e+01 -3.592937845323171397e-01 -1.931648821060425547e+01 0.000000000000000000e+00 -2.633322274093081106e+01 -2.230533087911688739e+01 -2.913390114757457283e+01 -1.388329570100538535e-01
0.000000000000000000e+00 -3.000000000000000000e+01 -2.954975315437112116e+01 -3.000000000000000000e+01 -2.956176922401754226e+01 0.000000000000000000e+00 -7.209656344788363036e+00 3.000000000000000000e+01 -4.522016063859330082e+00 -2.840167569394342095e+01 0.000000000000000000e+00 0.000000000000000000e+00 -1.536080171509930281e+01 -1.798693277987873884e+01 1.768078202282457809e-02 0.000000000000000000e+00 1.875872299132199927e+01 -3.000000000000000000e+01 -2.651356643810586888e+01 -2.430092733104207525e+01 0.000000000000000000e+00 -3.000000000000000000e+01 -3.000000000000000000e+01 -3.000000000000000000e+01 -2.220105283629990822e+01
0.000000000000000000e+00 3.000000000000000000e+01 3.000000000000000000e+01 3.000000000000000000e+01 3.000000000000000000e+01 0.000000000000000000e+00 -1.627702527431470969e+01 2.709701062192038989e+01 1.516559020756913334e+01 3.000000000000000000e+01 0.000000000000000000e+00 0.000000000000000000e+00 1.705223526827851188e+01 -3.000000000000000000e+01 0.000000000000000000e+00 0.000000000000000000e+00 1.848964901692479401e+01 -3.000000000000000000e+01 2.437834783271600614e+01 2.751059125686352402e+01 0.000000000000000000e+00 3.000000000000000000e+01 3.000000000000000000e+01 3.000000000000000000e+01 3.000000000000000000e+01
0.000000000000000000e+00 2.893441944417584111e+01 2.311655733769913468e+01 3.000000000000000000e+01 2.415458911865814429e+01 0.000000000000000000e+00 -2.708061200678999114e+01 4.890134171908139038e+00 -9.685188940526048285e+00 3.000000000000000000e+01 0.000000000000000000e+00 0.000000000000000000e+00 2.144961737282452763e+00 2.451287848169750561e+01 -6.199072826347117982e+00 0.000000000000000000e+00 8.895936079511809425e+00 3.000000000000000000e+01 4.896724659383950851e+00 2.127512616165209991e+01 0.000000000000000000e+00 3.000000000000000000e+01 2.259890132812864039e+01 2.684227206184091585e+01 1.795728854093691851e+01
0.000000000000000000e+00 2.023786684390440627e+01 1.381199233269044058e+01 3.000000000000000000e+01 2.160414791641396803e+01 0.000000000000000000e+00 3.000000000000000000e+01 -1.289928209102676249e+01 2.452979677661554803e+01 2.439133163168632379e+01 0.000000000000000000e+00 0.000000000000000000e+00 2.748449513782227478e-13 1.501513440669939747e+01 2.229737596906428365e+01 0.000000000000000000e+00 7.884768248775598565e+00 2.132788149427729962e+01 -9.777322395923423670e+00 2.869373705230346872e+01 0.000000000000000000e+00 2.473644214321972967e+01 1.415904104267190000e+01 1.773271204472982632e+01 1.310176396327118553e+01
0.000000000000000000e+00 1.252830507361766088e+01 -9.845134177356911209e+00 3.000000000000000000e+01 2.015305671417588318e+00 0.000000000000000000e+00 2.722087546672564429e+01 3.000000000000000000e+01 -2.020527419495027566e+00 3.000000000000000000e+01 0.000000000000000000e+00 0.000000000000000000e+00 0.000000000000000000e+00 -5.902859423177486242e+00 6.549297676079324226e+00 0.000000000000000000e+00 0.000000000000000000e+00 9.201089110905746438e+00 2.859498319362190344e+01 -3.000000000000000000e+01 0.000000000000000000e+00 2.422176304317695994e+01 7.845971594144233840e+00 8.180975106330524937e+00 3.884210953810993239e+00
0.000000000000000000e+00 0.000000000000000000e+00 2.511932714016191071e+01 1.431990990407170194e+01 -2.161063640429700428e+01 0.000000000000000000e+00 9.237061024219025640e+00 7.669021620736077516e+00 -2.715592432928184508e+01 2.737192359894329030e+01 0.000000000000000000e+00 0.000000000000000000e+00 -6.945697263645535635e+00 -1.271731210343715368e+01 -1.550704882871903578e+01 0.000000000000000000e+00 0.000000000000000000e+00 2.786937140803023572e-01 8.817230670520276092e+00 -3.000000000000000000e+01 0.000000000000000000e+00 7.054426778817818544e+00 1.926348716636243408e+00 0.000000000000000000e+00 0.000000000000000000e+00
0.000000000000000000e+00 0.000000000000000000e+00 0.000000000000000000e+00 0.000000000000000000e+00 0.000000000000000000e+00 0.000000000000000000e+00 0.000000000000000000e+00 0.000000000000000000e+00 0.000000000000000000e+00 0.000000000000000000e+00 0.000000000000000000e+00 0.000000000000000000e+00 0.000000000000000000e+00 0.000000000000000000e+00 0.000000000000000000e+00 0.000000000000000000e+00 0.000000000000000000e+00 0.000000000000000000e+00 0.000000000000000000e+00 0.000000000000000000e+00 0.000000000000000000e+00 0.000000000000000000e+00 0.000000000000000000e+00 0.000000000000000000e+00 0.000000000000000000e+00
0.000000000000000000e+00 0.000000000000000000e+00 0.000000000000000000e+00 0.000000000000000000e+00 0.000000000000000000e+00 0.000000000000000000e+00 0.000000000000000000e+00 0.000000000000000000e+00 0.000000000000000000e+00 0.000000000000000000e+00 0.000000000000000000e+00 0.000000000000000000e+00 0.000000000000000000e+00 0.000000000000000000e+00 0.000000000000000000e+00 0.000000000000000000e+00 0.000000000000000000e+00 0.000000000000000000e+00 0.000000000000000000e+00 0.000000000000000000e+00 0.000000000000000000e+00 0.000000000000000000e+00 0.000000000000000000e+00 0.000000000000000000e+00 0.000000000000000000e+00
0.000000000000000000e+00 0.000000000000000000e+00 0.000000000000000000e+00 0.000000000000000000e+00 0.000000000000000000e+00 0.000000000000000000e+00 0.000000000000000000e+00 0.000000000000000000e+00 0.000000000000000000e+00 0.000000000000000000e+00 0.000000000000000000e+00 0.000000000000000000e+00 0.000000000000000000e+00 0.000000000000000000e+00 0.000000000000000000e+00 0.000000000000000000e+00 0.000000000000000000e+00 0.000000000000000000e+00 0.000000000000000000e+00 0.000000000000000000e+00 0.000000000000000000e+00 0.000000000000000000e+00 0.000000000000000000e+00 0.000000000000000000e+00 0.000000000000000000e+00
0.000000000000000000e+00 0.000000000000000000e+00 0.000000000000000000e+00 0.000000000000000000e+00 0.000000000000000000e+00 0.000000000000000000e+00 0.000000000000000000e+00 0.000000000000000000e+00 0.000000000000000000e+00 0.000000000000000000e+00 0.000000000000000000e+00 0.000000000000000000e+00 0.000000000000000000e+00 0.000000000000000000e+00 0.000000000000000000e+00 0.000000000000000000e+00 0.000000000000000000e+00 0.000000000000000000e+00 0.000000000000000000e+00 0.000000000000000000e+00 0.000000000000000000e+00 0.000000000000000000e+00 0.000000000000000000e+00 0.000000000000000000e+00 0.000000000000000000e+00
0.000000000000000000e+00 1.768050312772902544e+01 -1.730017850534378354e+01 1.194613956619773809e+01 -6.737554830793108351e+00 0.000000000000000000e+00 1.252692819235567612e+01 -1.995779385325085897e+01 -1.843043736194761095e+01 3.121700907157524796e+00 0.000000000000000000e+00 0.000000000000000000e+00 1.347413685157444796e+01 6.122130694306143539e+00 4.005604144574780534e+00 0.000000000000000000e+00 -2.225493426273628472e+01 1.209614200995387465e-06 2.771068640902722180e+01 9.659897234865727711e+00 0.000000000000000000e+00 0.000000000000000000e+00 0.000000000000000000e+00 0.000000000000000000e+00 0.000000000000000000e+00
0.000000000000000000e+00 -3.927536229667806467e+00 -3.000000000000000000e+01 -1.458600753444115838e+01 2.893312186324999047e+01 0.000000000000000000e+00 1.742528279091884569e+00 1.152595850321590554e+01 -3.000000000000000000e+01 -2.851940173719362548e+01 0.000000000000000000e+00 -5.116087673232096018e-07 2.844773316202955371e+00 -2.620774345249861881e+01 -1.662014422148886084e+01 0.000000000000000000e+00 -2.928290569742269511e+01 2.610045240545163845e-07 1.655446813500137182e+01 0.000000000000000000e+00 0.000000000000000000e+00 0.000000000000000000e+00 0.000000000000000000e+00 0.000000000000000000e+00 0.000000000000000000e+00
0.000000000000000000e+00 -2.110421686432810162e+01 -7.343388815154555438e+00 2.638078336334205520e+00 2.002678987789964538e+01 0.000000000000000000e+00 -1.069889983291926860e+01 2.479874909238408165e+01 3.000000000000000000e+01 3.000000000000000000e+01 0.000000000000000000e+00 3.584007977984308752e-12 -2.657459568263249139e+00 2.609839294865381731e+01 2.116161321919717153e+01 0.000000000000000000e+00 3.000000000000000000e+01 5.092310174910365204e-11 1.237403722977811960e+01 0.000000000000000000e+00 0.000000000000000000e+00 0.000000000000000000e+00 0.000000000000000000e+00 0.000000000000000000e+00 0.000000000000000000e+00
0.000000000000000000e+00 2.113528420712705724e+01 1.999720134975962083e+01 1.544726593340277354e+01 4.867610664504932849e+00 0.000000000000000000e+00 -1.733694402837211967e+01 5.511565663085581157e+00 1.653216406498330571e+01 2.194222510848759455e+01 0.000000000000000000e+00 -3.861663197679217065e-14 -1.505581353167444014e+01 1.241196288575436135e+01 8.079147094017582020e+00 0.000000000000000000e+00 2.254999407950700885e+01 -1.898553985574270513e-14 7.921411966044469843e-02 0.000000000000000000e+00 0.000000000000000000e+00 0.000000000000000000e+00 0.000000000000000000e+00 0.000000000000000000e+00 0.000000000000000000e+00
-5.159193372795099819e+00 9.052594275821691738e+00 1.499948547813902167e+01 4.739093528428908186e+00 -2.157993171796405818e+01 -2.481963335658854408e-01 8.353858849093146688e+00 -1.084407760444837887e+00 -8.340918083645515679e+00 2.311128027529877826e+01 0.000000000000000000e+00 -5.709231049099631724e-14 1.193774335899422390e+01 1.436283177883004747e+01 -1.256144250673616902e+00 0.000000000000000000e+00 9.487349650244956578e+00 0.000000000000000000e+00 0.000000000000000000e+00 -3.830833301641784150e+00 0.000000000000000000e+00 0.000000000000000000e+00 0.000000000000000000e+00 0.000000000000000000e+00 0.000000000000000000e+00
-9.921925670551900112e+00 2.800543198029604497e+01 1.098328256022497484e+01 3.152375833969977420e-02 2.175196528947321184e+01 -9.997887982715431221e+00 -1.163362822505060024e+01 9.951499232613912227e+00 7.192704462219882799e+00 1.554456038809141916e+01 -3.415827773922966437e-01 -2.865856432935693476e+00 -2.079650903860980282e+00 9.272708501195081610e+00 -7.736781757017126893e+00 0.000000000000000000e+00 3.982443832207884227e-01 0.000000000000000000e+00 -5.155698194423665726e-01 -1.185374859485244237e+01 0.000000000000000000e+00 0.000000000000000000e+00 0.000000000000000000e+00 0.000000000000000000e+00 0.000000000000000000e+00
-1.239407132427926506e+01 1.692146855065960054e+01 4.989504247977219364e+00 -6.263894373095200585e+00 1.297113948106424219e+00 -1.692333323904787790e+01 -1.798064398702995392e+00 3.410355388222103379e+00 -1.682178807372936546e+01 8.513755439010456172e+00 -8.896804734826638139e+00 -1.190481857775294294e+01 -1.743487493836505919e+01 -1.061440921064329501e+01 -1.223662180059910654e+01 -9.699944583547184251e+00 -8.988937854298150398e+00 0.000000000000000000e+00 -5.144974137825468752e+00 -1.853312712098769666e+01 0.000000000000000000e+00 0.000000000000000000e+00 0.000000000000000000e+00 0.000000000000000000e+00 0.000000000000000000e+00
-1.354481864935277891e+01 7.711591103681088299e-02 -1.242144913264945499e-02 2.216688551651617267e+00 -1.936530067146369305e+01 -2.499459655962477100e+01 1.638865590327984734e+01 -1.348724054218517310e+01 1.373605096566386052e+01 -8.025456080045277218e+00 -1.298207589061704503e+01 -2.417947604637631187e+01 1.786118190963641084e+01 -1.578498598979630074e+01 -1.652644932812813749e+01 -2.113970053791279824e+01 -9.595834941637638948e+00 0.000000000000000000e+00 -1.082327531079630312e+01 -2.678162971691701344e+01 0.000000000000000000e+00 0.000000000000000000e+00 0.000000000000000000e+00 0.000000000000000000e+00 0.000000000000000000e+00
-2.055845256900726170e+01 1.820287494637753412e+01 -6.239090122397315419e+00 -1.559857407906546811e+01 -3.607720824763875456e+00 -2.817542367557101457e+01 5.179203645276876378e-01 -2.860144753555443131e+01 0.000000000000000000e+00 -1.817659168467767117e+01 -2.537780984472063395e+01 3.000000000000000000e+01 1.019641785539982193e+00 -2.523624485641546400e+01 -2.804513033907630515e+01 -2.655229443942226553e+01 -1.654527417131481215e+01 0.000000000000000000e+00 -1.525276508463116976e+01 -3.000000000000000000e+01 0.000000000000000000e+00 0.000000000000000000e+00 0.000000000000000000e+00 0.000000000000000000e+00 0.000000000000000000e+00
3.000000000000000000e+01 -4.562771614357995276e+00 2.785000251901886603e+00 -2.016389979987958014e+01 -1.995419769979167057e+01 -3.000000000000000000e+01 -1.908762933248784523e-12 -2.914983144776381252e+01 -2.027784654871010641e-03 2.480785402765028991e+01 3.000000000000000000e+01 1.656046077547452100e+01 -4.722844604012871095e+00 -3.000000000000000000e+01 3.000000000000000000e+01 3.000000000000000000e+01 -1.518794839886194659e+01 0.000000000000000000e+00 -1.527617509316667999e+01 3.000000000000000000e+01 0.000000000000000000e+00 0.000000000000000000e+00 0.000000000000000000e+00 0.000000000000000000e+00 0.000000000000000000e+00
2.901829337363960803e+01 -1.711491896074690544e+01 5.490141154146126468e+00 -2.869269545448585390e+01 -2.253460792972245841e+01 3.000000000000000000e+01 -9.424176328616237441e+00 -3.000000000000000000e+01 -1.427034829694834706e+01 7.815128366071223631e+00 2.970784353178835602e+01 5.916609369368362792e+00 -2.125177471207289059e+01 3.000000000000000000e+01 2.380053663535208486e+01 2.169398317440669288e+01 2.055838890602326785e+01 0.000000000000000000e+00 2.149240868755200751e+01 2.692742095627669840e+01 0.000000000000000000e+00 0.000000000000000000e+00 0.000000000000000000e+00 0.000000000000000000e+00 0.000000000000000000e+00
2.127851367501206070e+01 -2.749835821087577514e+01 7.504036459207750198e-01 2.018659679338905377e+01 3.000000000000000000e+01 3.000000000000000000e+01 1.481407414579748227e+01 3.000000000000000000e+01 -3.000000000000000000e+01 0.000000000000000000e+00 -2.821587173033431739e+01 -2.307005632716006360e+01 -3.000000000000000000e+01 1.964011028904320710e+01 1.388648954268230540e+01 1.529893791032970185e+01 1.496673976809570661e+01 0.000000000000000000e+00 1.894030457062851980e+01 1.819877369050783855e+01 0.000000000000000000e+00 0.000000000000000000e+00 0.000000000000000000e+00 0.000000000000000000e+00 0.000000000000000000e+00
1.064885920074777204e+01 2.837672306115947762e+01 -8.337108678319866684e+00 9.245563435345529157e+00 2.808131715924851690e+01 1.950732305288752144e+01 -6.805816163599379687e-01 2.088855774210663796e+01 3.000000000000000000e+01 0.000000000000000000e+00 2.779345435825774402e+01 3.000000000000000000e+01 2.495341629165154984e+01 1.956030286150187081e+01 1.129065800757881810e+01 6.964036187427554481e+00 1.600876371308388357e+01 0.000000000000000000e+00 1.395885645158482369e+01 1.411008535563153110e+01 0.000000000000000000e+00 0.000000000000000000e+00 0.000000000000000000e+00 0.000000000000000000e+00 0.000000000000000000e+00
7.464327631433278043e+00 1.795059582965406619e+01 -2.657230058742185719e+01 -9.696904892291810185e+00 1.882944514769996402e+01 1.411346377935806196e+01 1.275507520120759786e+01 1.205588510111209999e+01 2.267165877276123354e+01 0.000000000000000000e+00 1.530242128791865497e+01 2.323103789144899167e+01 9.003297544861556645e+00 1.413704240325114192e+01 2.863072150529450077e+00 -7.216052899343980087e+00 6.183023519347099040e+00 2.225377408810592216e-17 1.086665858548325581e+01 1.979248644803216273e+00 0.000000000000000000e+00 0.000000000000000000e+00 0.000000000000000000e+00 0.000000000000000000e+00 0.000000000000000000e+00
-1.390658221511451131e+00 6.051757174972973274e+00 3.000000000000000000e+01 9.616008371181014036e-01 1.533988715001110137e+01 1.752804386175427709e+01 6.352668425479325087e+00 1.423875074247733608e+01 1.330704024465904922e+01 0.000000000000000000e+00 9.401245219871873005e+00 1.109604252003204650e+01 1.446998494211681363e+00 3.528466142224866875e+00 -3.705818234404767625e-15 -1.753709720294516572e+01 1.109831247119089440e-02 4.342665738760335341e-20 1.222351316968486090e+00 6.988160768806469375e-17 0.000000000000000000e+00 0.000000000000000000e+00 0.000000000000000000e+00 0.000000000000000000e+00 0.000000000000000000e+00
9.390390584623659720e+00 -1.268368192688240637e-01 2.210300621973286894e+01 -1.419398624348447768e+01 1.099236520668406847e+01 1.078746874065483197e-01 -4.094153562971738047e+00 2.007839838544188016e+00 1.597477710734647394e+00 0.000000000000000000e+00 1.329686171400513039e+01 -7.222039258946523432e+00 -1.340593259443031293e+01 5.001456852349144844e-17 3.912802096379566755e-22 -2.263080953191900235e+01 0.000000000000000000e+00 2.845605220757854106e-21 3.031519548521129103e-17 -6.824577679250838165e-23 0.000000000000000000e+00 0.000000000000000000e+00 0.000000000000000000e+00 0.000000000000000000e+00 0.000000000000000000e+00
-9.694559752760023130e+00 3.647834655760353151e+00 1.254548562594830408e+01 -8.919857537834845473e+00 3.519008639219407097e+00 7.069334169840723270e+00 1.682207824623805692e+00 2.207756034482471819e+01 2.860110602453822362e-13 0.000000000000000000e+00 -4.981373061165332849e+00 2.023836073941751579e+01 1.664300654054344619e+01 -3.851407655979272358e-17 3.209376551890873684e-16 2.599023951151845324e+01 2.295825630332299681e-13 -6.426724546287159633e-21 1.159520550120496704e-13 -1.040248268861277709e-19 0.000000000000000000e+00 0.000000000000000000e+00 0.000000000000000000e+00 0.000000000000000000e+00 0.000000000000000000e+00
-1.858370845107717173e+01 -1.417164482719183916e+01 1.624322247182851697e+01 2.045262889777972859e+01 -4.742872678115320003e-12 -8.267034658156468652e+00 2.217587707047314893e+01 -5.858688084216591152e-01 -5.195350001398451245e-11 0.000000000000000000e+00 1.035163568758305175e+01 2.587720014436791338e+00 -1.288032080195210582e+01 -7.296492173844606990e-13 -1.722770629288269410e-14 1.849727935545876889e+01 -3.058002493603033112e-01 6.757107000779161766e-11 -3.004057324719893243e-02 3.074615141102143151e-15 0.000000000000000000e+00 0.000000000000000000e+00 0.000000000000000000e+00 0.000000000000000000e+00 0.000000000000000000e+00
2.689847384212913184e+01 1.422052514707360160e+01 -9.585634598916753291e+00 1.437750987137232483e+00 1.619047814212866969e-11 -5.311226421096702843e+00 1.633607787401477651e+01 -2.014811907433983862e+01 0.000000000000000000e+00 0.000000000000000000e+00 -6.152412902437950137e+00 1.753759890423716428e+01 1.853858989100616839e+01 -1.202950064516470608e-16 1.398294860843797525e-16 7.557585064633556726e+00 -1.181212751146378181e+01 8.323264894870668609e-16 -7.307425726125886811e+00 0.000000000000000000e+00 0.000000000000000000e+00 0.000000000000000000e+00 9.039876435652950436e-14 0.000000000000000000e+00 0.000000000000000000e+00
2.466682888963607923e+01 -2.080004970053862934e+01 1.304269163610141824e+01 -1.103767569451653685e+01 -7.126066507566826147e-14 1.122835491222336124e+01 -7.245729938695766315e+00 1.404956239115106165e+01 -1.082356318893857472e-12 0.000000000000000000e+00 1.423108033024742813e-01 -2.886907067119150572e+00 4.232986494547142264e+00 -1.069063507384323311e-14 0.000000000000000000e+00 -6.906455189858298205e+00 -1.694059659763657066e+01 -6.726317436643660426e-20 -1.912012104976629345e+01 0.000000000000000000e+00 0.000000000000000000e+00 0.000000000000000000e+00 4.241666401083222629e-14 0.000000000000000000e+00 0.000000000000000000e+00
1.504016758932668196e+01 2.804891484506969235e+01 2.875462276167464054e-02 -1.929353064230058123e+01 1.417957942446717957e-21 -9.567087230279405219e+00 -8.273585715858436274e+00 -5.118961500575536228e+00 0.000000000000000000e+00 0.000000000000000000e+00 1.579018041359884528e+01 1.293242734223290391e+01 -8.243496634645053334e+00 0.000000000000000000e+00 0.000000000000000000e+00 -1.503755614285624453e+01 9.100406008691455995e+00 2.210745944150731257e-10 3.000000000000000000e+01 0.000000000000000000e+00 -2.401728306662825236e-21 0.000000000000000000e+00 -1.051271209635500734e-22 0.000000000000000000e+00 0.000000000000000000e+00
-5.232382673759293112e+00 1.151066276058021742e+01 -3.719612116475593755e+00 2.540588625587258420e+01 -3.548077977878993039e+00 -1.398877219605014410e+01 -2.442562703562200710e+01 -1.744904692162592852e+01 0.000000000000000000e+00 0.000000000000000000e+00 -4.440327713365324946e+00 -1.404630008663283469e+01 -2.586501034218506234e+01 0.000000000000000000e+00 0.000000000000000000e+00 -2.569153959252270170e+01 -2.018258338213682279e+01 -3.328127358360529753e-01 1.975096001998721462e+01 0.000000000000000000e+00 -1.422057187145251422e+00 0.000000000000000000e+00 -1.002359471884992085e-15 0.000000000000000000e+00 0.000000000000000000e+00
1.455935917514593037e+01 5.059482707969111849e-03 -1.788973911366704428e+01 1.318785314166390421e+01 -8.465363027288828945e+00 3.000000000000000000e+01 2.015255259477313743e+01 2.931591239006554517e+01 0.000000000000000000e+00 0.000000000000000000e+00 4.038785222756142268e+00 1.107448614355895700e+01 2.728737763376197023e+01 0.000000000000000000e+00 0.000000000000000000e+00 3.000000000000000000e+01 3.000000000000000000e+01 -2.695672320863779170e+00 1.231558290543632950e+01 0.000000000000000000e+00 -7.205939138860822268e+00 0.000000000000000000e+00 -5.018261840576599547e-02 0.000000000000000000e+00 0.000000000000000000e+00
-2.326784885221893528e+00 -2.038040762850445720e-01 -2.946828817664833267e+01 1.136267085200236782e+00 -1.169972422769998488e+01 3.000000000000000000e+01 2.005317789357936142e+00 1.372987380840217497e+01 0.000000000000000000e+00 0.000000000000000000e+00 -1.339377235249363807e+01 1.436940629707610206e+01 1.148908191199334894e+01 0.000000000000000000e+00 0.000000000000000000e+00 3.000000000000000000e+01 2.650184989750037445e+01 -1.336252453394078366e+01 7.388271462280406876e-01 0.000000000000000000e+00 -1.115580010507368591e+01 0.000000000000000000e+00 -2.504495816349798343e+00 0.000000000000000000e+00 0.000000000000000000e+00
-1.070146422229145600e+01 -1.720552983179429063e+01 6.875956475783241428e-01 -1.202277239287340826e+01 -1.423112776013455871e+01 2.750150941792682247e+01 1.157146479213972157e+01 5.888942678079213122e-01 0.000000000000000000e+00 0.000000000000000000e+00 2.093281025960957109e+01 -4.539716008979371331e+00 1.079431772246900900e+00 0.000000000000000000e+00 0.000000000000000000e+00 3.000000000000000000e+01 -1.497502007051249073e+01 -1.793907434824250657e+01 -7.821553313753495829e+00 0.000000000000000000e+00 -1.346523121426077552e+01 -8.424052525430768767e+00 -8.919686377541783173e+00 -5.772403727840414334e+00 0.000000000000000000e+00
-2.041261513237357761e+01 -2.238505691378727747e+01 -1.606164759417806920e+01 -2.368765931747225650e+01 -1.877275080760927040e+01 1.128326478024776769e+01 -1.212514857410959657e+01 5.349593118366421760e-15 0.000000000000000000e+00 0.000000000000000000e+00 1.248578764217662318e+01 1.418431601379574403e+01 -1.254797955525569275e+00 0.000000000000000000e+00 0.000000000000000000e+00 3.000000000000000000e+01 6.879686471217531185e+00 -2.377758479148222293e+01 -1.552222872626010641e+01 0.000000000000000000e+00 -1.359351947610586109e+01 -2.106318275806821561e+01 -2.307705933310189650e+01 -1.923936515409629777e+01 0.000000000000000000e+00
-1.850648872915220267e+01 -3.000000000000000000e+01 -2.961323764479589826e+01 -3.000000000000000000e+01 -2.717014840694985267e+01 -2.882055773774631291e+00 2.183240833298538064e+01 0.000000000000000000e+00 0.000000000000000000e+00 0.000000000000000000e+00 -8.299382900122196816e+00 -1.422161876502251943e+01 -1.581120991078462978e+01 0.000000000000000000e+00 0.000000000000000000e+00 3.000000000000000000e+01 -1.630873530753328993e+01 3.000000000000000000e+01 -2.291531176324284758e+01 0.000000000000000000e+00 -1.769781185296905335e+01 -3.000000000000000000e+01 -2.690327963606992157e+01 -3.000000000000000000e+01 0.000000000000000000e+00
3.000000000000000000e+01 3.000000000000000000e+01 3.000000000000000000e+01 3.000000000000000000e+01 2.971416336503316913e+01 1.814101557696983491e+01 1.233307578471205090e+01 5.505918600809148430e-15 0.000000000000000000e+00 0.000000000000000000e+00 -2.446027352007243394e+01 2.149734698783193210e+01 -2.002149555783420354e+01 0.000000000000000000e+00 0.000000000000000000e+00 1.680986685939756242e+01 2.241322617969872155e+01 3.000000000000000000e+01 2.487319001725140666e+01 0.000000000000000000e+00 3.000000000000000000e+01 -3.000000000000000000e+01 3.000000000000000000e+01 3.000000000000000000e+01 0.000000000000000000e+00
1.813387043882215011e+01 2.537537325265167354e+01 2.397116187797587017e+01 2.663483439158726185e+01 2.330304102086020634e+01 -6.074666035767608552e-01 -1.218200067405151366e+01 0.000000000000000000e+00 1.885745359727558891e-14 0.000000000000000000e+00 -3.000000000000000000e+01 2.029424947669652646e+00 1.882473204424345425e+01 0.000000000000000000e+00 0.000000000000000000e+00 1.886222483369784442e+01 4.181150209369357107e+00 2.943949355978639204e+01 1.607747869062471224e+01 0.000000000000000000e+00 1.973802917546121805e+01 3.000000000000000000e+01 2.089217455476873653e+01 2.596921984445979703e+01 0.000000000000000000e+00
1.358535789542785466e+01 1.498883740957140454e+01 1.721322438417803014e+01 1.031457741662450012e+01 1.709528297978670963e+01 -1.897808494102839205e+01 2.848134513313788574e+01 -4.664063803685990473e-11 0.000000000000000000e+00 0.000000000000000000e+00 2.866315403813735330e+01 -1.083813320907160893e+01 1.157729928706547362e+01 0.000000000000000000e+00 0.000000000000000000e+00 8.436553013729385597e+00 8.707427114567980908e+00 2.822509784065197636e+01 4.466290010093685758e+00 0.000000000000000000e+00 2.821971861345698684e+01 2.870894152968574176e+01 1.397648126873076180e+01 1.554581547565954835e+01 0.000000000000000000e+00
7.776855709142915352e+00 0.000000000000000000e+00 8.849326637198691614e+00 7.295105347506647409e-01 1.266325679892189626e+01 -2.927750280073257727e+01 7.707693677094941798e+00 -8.696412774161318637e+00 0.000000000000000000e+00 0.000000000000000000e+00 2.396961702089771862e+01 -6.713620007052247374e+00 5.303272490345901230e-02 0.000000000000000000e+00 0.000000000000000000e+00 -7.600261581840599412e+00 3.426719604022542054e+00 2.316546296009398986e+01 1.014364715730989470e-02 0.000000000000000000e+00 1.627993774313916120e+01 2.408154695722934591e+01 8.986509512957652213e-01 2.903015975498167034e+00 0.000000000000000000e+00
0.000000000000000000e+00 0.000000000000000000e+00 1.152102608577903098e+01 -1.462429423002789734e-14 4.509447001970902313e+00 1.886894085982670433e+01 -1.269446897105002492e+01 -1.467141202259554866e+01 0.000000000000000000e+00 0.000000000000000000e+00 2.040508061975243592e+01 1.547424269175400013e+01 1.630274346604028517e-15 0.000000000000000000e+00 0.000000000000000000e+00 -7.201279238510490011e+00 -6.677832112056063529e+00 -2.002837769513992061e+00 -4.549452880427605206e-01 0.000000000000000000e+00 1.466573542369841299e+01 2.510841878306508956e+00 1.820646532897457348e+01 -5.564491903229020764e-01 0.000000000000000000e+00
0.000000000000000000e+00 0.000000000000000000e+00 7.969230990866580377e-01 1.728086769282454215e-12 8.804636149788588328e-01 -1.047227434849279382e+00 2.137912160265452499e+01 -2.287674668478488726e+01 0.000000000000000000e+00 0.000000000000000000e+00 -5.983660822486441155e+00 -2.507193168576784092e+00 0.000000000000000000e+00 0.000000000000000000e+00 0.000000000000000000e+00 1.692762016107371892e+01 3.501710810341994051e+00 3.000000000000000000e+01 -1.310683171068020414e+01 0.000000000000000000e+00 6.315936452586466965e-01 5.401983727041225869e+00 6.095562676334995267e+00 -1.301014538315779667e+01 0.000000000000000000e+00
0.000000000000000000e+00 0.000000000000000000e+00 2.163116469293339681e-14 -3.060983579714022736e-14 0.000000000000000000e+00 -2.009021417242418650e+01 1.545501278720972316e+00 3.000000000000000000e+01 -1.256937407747425567e-08 0.000000000000000000e+00 -1.612970685987377806e+01 -2.251387795720433260e+01 4.267708234285197754e-14 0.000000000000000000e+00 0.000000000000000000e+00 -8.816524879621245869e-01 -1.884504040932192126e+01 1.817532618358468000e+01 -2.318290132301516238e+01 0.000000000000000000e+00 4.643418433304153936e+00 -7.099002201112885047e+00 -1.088524354612136769e+01 -2.277084400810296927e+01 0.000000000000000000e+00
0.000000000000000000e+00 0.000000000000000000e+00 0.000000000000000000e+00 5.355288357428423750e-13 0.000000000000000000e+00 -2.523223149534788234e+01 -2.055083876491074690e+01 3.000000000000000000e+01 -9.044736845122137714e-01 0.000000000000000000e+00 2.306722965120364677e+01 -1.993945670517041791e+01 0.000000000000000000e+00 0.000000000000000000e+00 0.000000000000000000e+00 -2.227463510543749692e+01 1.244251749263003681e+01 7.302982691578738805e-01 3.000000000000000000e+01 0.000000000000000000e+00 -8.692736922153033063e+00 9.511720251610126908e+00 -2.258818115064885745e+01 2.804652482390924106e+01 0.000000000000000000e+00
0.000000000000000000e+00 0.000000000000000000e+00 0.000000000000000000e+00 1.447539133968606442e-12 0.000000000000000000e+00 2.552420957515706945e+01 2.149679792419009772e+01 2.128744380836335282e+01 -7.817451969246917542e+00 0.000000000000000000e+00 7.941529105381765596e+00 2.824593800177517977e+01 0.000000000000000000e+00 0.000000000000000000e+00 0.000000000000000000e+00 1.099942943259669015e+01 -1.826349047450430696e+00 -1.660911413969406780e+01 2.367253078885948980e+01 0.000000000000000000e+00 -1.736916462944686401e+01 -1.082972896345910430e+00 3.000000000000000000e+01 1.950108061467409470e+01 0.000000000000000000e+00
0.000000000000000000e+00 0.000000000000000000e+00 0.000000000000000000e+00 0.000000000000000000e+00 0.000000000000000000e+00 1.809038600020877041e+01 4.594943174179106471e+00 -1.157624553694670233e+01 -1.266518155338822105e+01 0.000000000000000000e+00 -4.510999200255958602e-02 2.516486871875040521e+01 -6.149451415658663933e+00 -2.721416770366402887e-13 0.000000000000000000e+00 2.367856193022378264e+00 -1.894138176026376286e+01 6.169800876076112495e+00 6.822389873097696622e+00 0.000000000000000000e+00 -2.316310195137592487e+01 2.052128269654544468e+01 2.825765084119019122e+01 6.022117893131432531e+00 0.000000000000000000e+00
0.000000000000000000e+00 0.000000000000000000e+00 0.000000000000000000e+00 0.000000000000000000e+00 0.000000000000000000e+00 4.973004672364624845e+00 -1.836231214920773525e+01 -2.191329219236681425e+01 -2.309476377258998525e+01 0.000000000000000000e+00 -1.069421516566149677e+01 8.911459906434279432e+00 -1.846970903998750302e+01 0.000000000000000000e+00 0.000000000000000000e+00 -1.169920542405955466e+01 8.038334402381142496e+00 -9.611205301983516567e-14 -1.093526685783311159e+01 0.000000000000000000e+00 -3.000000000000000000e+01 9.451949431923631906e+00 2.370790375028010288e+01 -1.419774322396689747e+01 0.000000000000000000e+00
0.000000000000000000e+00 0.000000000000000000e+00 0.000000000000000000e+00 0.000000000000000000e+00 0.000000000000000000e+00 0.000000000000000000e+00 3.000000000000000000e+01 2.486227874292269746e+01 2.925591549208769493e+01 0.000000000000000000e+00 -1.714058296776672563e+01 6.760491156749711718e-03 2.544272366340851477e+01 0.000000000000000000e+00 0.000000000000000000e+00 -1.858802915771346820e+00 -1.082218794847217280e+00 -5.980792506904601957e+00 2.048139563806870100e+01 0.000000000000000000e+00 2.947304464492007270e+01 1.982095491272258769e+01 9.496373718999821634e+00 2.517600206474001467e+01 0.000000000000000000e+00
0.000000000000000000e+00 0.000000000000000000e+00 0.000000000000000000e+00 0.000000000000000000e+00 0.000000000000000000e+00 -1.848967246764791020e-11 2.211566744896803627e+01 6.609056394705266513e+00 2.184890492463370038e+01 0.000000000000000000e+00 1.752315022773484898e+01 -5.722276086560659225e-01 1.169150818882467924e+01 4.965511715850381669e-13 0.000000000000000000e+00 2.473040021993467619e+01 1.687750961513600956e+01 2.768242728471983582e+01 8.720469685651924152e+00 0.000000000000000000e+00 2.123281945591323705e+01 5.667085120518853714e+00 7.306758342550612184e-01 1.197170150358665808e+01 0.000000000000000000e+00
0.000000000000000000e+00 0.000000000000000000e+00 0.000000000000000000e+00 0.000000000000000000e+00 0.000000000000000000e+00 -6.361159117748496961e+00 4.690953989085143938e+00 1.695480738679136599e-03 1.317552935811661818e+01 0.000000000000000000e+00 1.941158639316687751e+00 -1.607394736287900372e+01 -1.842658095448816269e+01 0.000000000000000000e+00 -5.437039450105618804e-15 8.196799272398799019e+00 -6.673824654861892469e+00 1.784889549281157173e+01 1.017944229841484007e-02 -1.663051810527109042e+00 2.137448011972476536e+01 5.030419768488824772e+00 -1.266016134603889931e+01 1.394896729067584928e+01 -3.361085692927201496e+00
0.000000000000000000e+00 0.000000000000000000e+00 0.000000000000000000e+00 0.000000000000000000e+00 0.000000000000000000e+00 -1.383153768907501302e+01 0.000000000000000000e+00 -2.424711550450593311e-11 7.088100321796521719e+00 0.000000000000000000e+00 -8.536251470114637030e+00 2.381333344532126972e+01 1.749108552521433424e+01 3.881699533275921266e-13 -2.777491047837551408e-01 -7.271914377356024417e+00 6.617456414133116027e+00 1.394285561574242926e+01 -9.404375207887584409e+00 -1.053514935931432639e+01 1.000933778829053900e+01 -3.350565666419041300e+00 1.165940404106561745e+00 9.397392173220607603e+00 -9.828668064660105230e+00
0.000000000000000000e+00 0.000000000000000000e+00 0.000000000000000000e+00 0.000000000000000000e+00 0.000000000000000000e+00 -2.102786489127854352e+01 0.000000000000000000e+00 -5.486078301988495152e-13 -1.678350627082300761e+00 0.000000000000000000e+00 -1.271984402159918126e+01 -5.825950189895165998e+00 9.584373472128506766e-01 -1.148565601200930193e-13 -1.086493345450077896e+01 -2.663261578195772827e+01 2.780488292354752744e+01 5.145458138595887299e+00 -2.075570369266859316e+01 -1.970090197835777701e+01 -9.656926768989338328e+00 -5.468482451680735323e+00 -2.578917034197727531e+01 -1.690606797476132428e+01 -1.316444290803751827e+01
0.000000000000000000e+00 0.000000000000000000e+00 0.000000000000000000e+00 0.000000000000000000e+00 0.000000000000000000e+00 -3.000000000000000000e+01 -1.598803734297176368e-11 -2.194405835510056413e+00 -8.346345831068939347e+00 0.000000000000000000e+00 -1.561911013864423659e+01 -2.166589203253395723e+01 -5.693607647377447734e+00 -7.978907963338166098e+00 -1.821102778162138236e+01 -3.000000000000000000e+01 7.941837497670698021e+00 1.080277592210279280e+01 2.034080423877320953e+01 -2.919265978351268487e+01 -1.290582201584200739e+01 -2.712062778056866463e+01 2.807894882921705815e+01 -2.838116874048987981e+01 -1.536957107027670588e+01
0.000000000000000000e+00 0.000000000000000000e+00 0.000000000000000000e+00 0.000000000000000000e+00 0.000000000000000000e+00 -3.000000000000000000e+01 3.337661257794532254e-13 -1.401871162922459035e+01 -1.474786442097745542e+01 0.000000000000000000e+00 -2.656267602955968599e+01 -1.998720635691680059e+01 -1.094249295921826715e+01 -2.705125650193276243e+01 -2.414253928351415013e+01 3.000000000000000000e+01 1.791306159049052837e+01 -1.355929948346133962e+01 6.825708348549942350e+00 -3.000000000000000000e+01 -2.446219870606838498e+01 -2.703344927331490410e+01 1.296629879846407896e+01 8.671542477528431547e+00 -2.307822529674410816e+01
