# yaw
0.000000000000000000e+00 0.000000000000000000e+00 0.000000000000000000e+00 -2.849504456434306832e+01 0.000000000000000000e+00 3.000000000000000000e+01 -2.806794249677651010e+01 -2.320368695097026190e+01 0.000000000000000000e+00 3.000000000000000000e+01 3.000000000000000000e+01 2.116454849201580402e+01 -2.515604562835929769e+01 -2.296581420381534500e+01 3.000000000000000000e+01 3.000000000000000000e+01 2.989581078104739476e+01 -2.700007305327055107e+01 -3.000000000000000000e+01 2.652668433541959203e+01 3.000000000000000000e+01 -3.000000000000000000e+01 -2.041493239561859596e+01 -2.182020072607065231e+01 2.622343464651215328e+01
0.000000000000000000e+00 0.000000000000000000e+00 0.000000000000000000e+00 2.263445578705072592e+01 0.000000000000000000e+00 1.515985623509722302e+01 -3.000000000000000000e+01 3.000000000000000000e+01 0.000000000000000000e+00 1.915948372914182229e+01 1.580806295918375604e+01 1.309976575931308673e+00 1.645641234056878233e+01 3.000000000000000000e+01 1.307166169897391761e+01 2.438600474586009526e+01 1.811959394576829041e+01 3.000000000000000000e+01 1.980172692730870665e+01 8.609662094452287917e+00 2.004769818745901588e+01 2.400466935965443227e+01 3.000000000000000000e+01 2.754445892745143354e+01 1.305143585512566240e+01
0.000000000000000000e+00 0.000000000000000000e+00 0.000000000000000000e+00 7.788891194320237688e+00 0.000000000000000000e+00 1.299362932877041965e+00 3.000000000000000000e+01 2.470144244740843220e+01 0.000000000000000000e+00 5.686874390832006299e+00 1.441697677835511726e+00 0.000000000000000000e+00 9.626710249535566088e-01 1.794491089929022820e+01 2.010825633170286730e-01 1.190539955615413525e+01 1.884436059737761626e+00 1.837982212413212579e+01 1.741493387907358192e+00 -5.453869889248680413e-12 1.192612015495339506e+01 1.652135647831057241e+01 2.290968501162960180e+01 1.905983787360352366e+01 -7.657831947380688842e-01
0.000000000000000000e+00 0.000000000000000000e+00 0.000000000000000000e+00 2.804436765741415578e-10 0.000000000000000000e+00 1.237471447176288122e-12 2.678786406644800522e+01 1.621284898190605972e+01 0.000000000000000000e+00 1.694829312937538726e-12 1.088105232616846663e-12 0.000000000000000000e+00 -1.082240702562957575e-12 3.062104576959013613e+00 1.504684422697296727e-12 8.553406847659031920e-01 -4.166125009133322260e-03 2.151601731769365422e+00 -2.385427511012917605e-03 -5.893859734128275463e+00 1.466806933124984225e+00 2.186754869676668989e+00 1.653598709171418690e+01 5.767703156381569052e+00 1.124284718147312034e+01
0.000000000000000000e+00 0.000000000000000000e+00 0.000000000000000000e+00 0.000000000000000000e+00 0.000000000000000000e+00 0.000000000000000000e+00 1.711030178495363430e+01 4.731387695770692403e+00 0.000000000000000000e+00 3.032912947804607255e-12 1.331211012974667495e-12 0.000000000000000000e+00 -5.771941009291396973e-01 -8.969750714545512875e-13 5.512083753338658290e-13 2.007325111399006950e-12 4.533172800650078216e+00 1.049947552982312970e+01 3.489195071161736550e+00 8.090282529563003422e+00 3.012967520244754359e-12 -3.664330498510982803e+00 9.359537860838839762e+00 -5.802967387590738824e+00 -9.220132392818417344e+00
0.000000000000000000e+00 0.000000000000000000e+00 0.000000000000000000e+00 1.199653260778742065e-12 0.000000000000000000e+00 0.000000000000000000e+00 3.554742208289369376e+00 3.377745562456760343e-04 0.000000000000000000e+00 0.000000000000000000e+00 0.000000000000000000e+00 -3.447834055291487676e+00 -1.864591728789303460e+01 0.000000000000000000e+00 -2.154907176517463219e-01 0.000000000000000000e+00 2.961388787278486090e-01 1.455393310130748041e+01 -6.838793588908250953e+00 2.368897336941647680e+01 0.000000000000000000e+00 1.452152585834516074e+01 1.585601232254996856e-02 5.033279862222777012e+00 2.271132636135420668e+01
0.000000000000000000e+00 0.000000000000000000e+00 0.000000000000000000e+00 0.000000000000000000e+00 0.000000000000000000e+00 0.000000000000000000e+00 0.000000000000000000e+00 3.208110698929041624e-10 0.000000000000000000e+00 0.000000000000000000e+00 0.000000000000000000e+00 2.044406026453134473e+01 6.102285371198631347e-01 0.000000000000000000e+00 1.134146291357491521e+01 0.000000000000000000e+00 -1.781426492199595657e+01 1.397330951658387306e-03 1.334423951112984952e+01 1.051077206012461751e+01 0.000000000000000000e+00 -4.196735330166386779e-01 -4.437009238123864385e+00 -1.046376064056239619e+00 5.865503641582033190e+00
0.000000000000000000e+00 0.000000000000000000e+00 0.000000000000000000e+00 7.918908244431542931e-12 0.000000000000000000e+00 0.000000000000000000e+00 0.000000000000000000e+00 0.000000000000000000e+00 0.000000000000000000e+00 -7.199611566880104618e+00 0.000000000000000000e+00 1.219322553507633744e+00 2.205825528452703210e+01 6.979069017864050494e-12 5.664456679167347630e+00 0.000000000000000000e+00 9.695697227793557360e+00 -6.158696180010068133e+00 -1.746155599596721231e-01 -2.759645853249714342e+00 0.000000000000000000e+00 -1.327710087807232320e+01 1.971222560577866645e+01 -1.586458580965354948e+01 -8.511739410125569449e+00
0.000000000000000000e+00 0.000000000000000000e+00 0.000000000000000000e+00 -9.071447588508746662e+00 0.000000000000000000e+00 0.000000000000000000e+00 0.000000000000000000e+00 0.000000000000000000e+00 0.000000000000000000e+00 -2.044880119724641077e+01 0.000000000000000000e+00 -8.362989070758545746e-13 2.574211016542847563e+00 -1.154424311511974671e-12 0.000000000000000000e+00 0.000000000000000000e+00 -1.561895583782359891e-13 3.483724429448076254e-02 4.224891179058284152e+00 1.012718259719593661e+01 0.000000000000000000e+00 1.766152416839311101e+01 -7.792153421661811297e-02 1.208869002476037835e+01 6.602673373169495541e+00
0.000000000000000000e+00 0.000000000000000000e+00 0.000000000000000000e+00 2.326342950057890491e+01 0.000000000000000000e+00 0.000000000000000000e+00 0.000000000000000000e+00 0.000000000000000000e+00 0.000000000000000000e+00 2.201077559340593481e+01 0.000000000000000000e+00 -1.845852517529582015e-01 -7.465057740557630162e+00 -1.062124373659214971e+00 -4.367287273432275185e+00 0.000000000000000000e+00 2.959591397104372834e-10 -1.951533795651435099e+01 9.603628533781618515e+00 -1.561633047112675143e+00 0.000000000000000000e+00 1.016698067138791517e+00 6.658675393466006120e+00 1.757743674268082756e+00 4.596893775703818186e+00
0.000000000000000000e+00 0.000000000000000000e+00 0.000000000000000000e+00 1.219324729624978954e+00 0.000000000000000000e+00 0.000000000000000000e+00 3.095089379065464887e-14 -5.339447456021583473e-14 1.934102569182296358e-13 7.622130535393258022e+00 0.000000000000000000e+00 -1.268662095100162546e+01 2.388367537267448437e+00 -1.489873897344552844e+01 2.441091679549658622e+01 0.000000000000000000e+00 -6.615096531571715843e+00 1.535394528757336197e+01 -1.147269116701162162e+01 -1.527128481489674350e+01 0.000000000000000000e+00 -3.748486300047802811e+00 -7.734164175822839660e-01 -2.855379790084353608e+00 1.073731198959533950e+00
0.000000000000000000e+00 0.000000000000000000e+00 0.000000000000000000e+00 -1.535277831580945751e+01 0.000000000000000000e+00 0.000000000000000000e+00 1.229765999475034936e-13 -7.150000654109744946e-01 8.218046367058469799e-13 -2.455076665899605555e-13 0.000000000000000000e+00 2.280014815146072493e+01 0.000000000000000000e+00 1.892868687842189601e+01 1.963404366516132882e+01 0.000000000000000000e+00 -2.106265236802523688e+01 1.767322126866828491e-02 2.712714081072786954e+01 -2.823886932229597946e+01 0.000000000000000000e+00 -1.748360281543583383e+01 -1.289667214030023246e+01 -8.197544134677075434e+00 -1.256862967726128488e+01
0.000000000000000000e+00 0.000000000000000000e+00 0.000000000000000000e+00 2.426431956747624241e+01 0.000000000000000000e+00 0.000000000000000000e+00 -1.390022721028150244e-12 -1.599918999567640299e+01 4.962728668531636719e-15 -3.889865059453110341e-01 0.000000000000000000e+00 6.268715004700930571e+00 -1.511600619280598252e-03 3.504575064382346117e+00 1.425854867697067707e+00 0.000000000000000000e+00 2.101855559094770953e+01 -2.360761546801005942e-11 7.938778370694085318e+00 2.401786210178370595e+01 0.000000000000000000e+00 1.960550077433925509e+01 2.126854299587213504e+01 2.456076798007939743e+01 -3.000000000000000000e+01
0.000000000000000000e+00 0.000000000000000000e+00 0.000000000000000000e+00 1.166296113194283635e+01 0.000000000000000000e+00 0.000000000000000000e+00 -3.559079672009202612e-13 2.395592129297642359e+01 1.437537079436780599e-12 7.256623252540604696e+00 0.000000000000000000e+00 -3.319471835233117808e-14 -9.770346786837931674e+00 -7.464105722903984663e+00 9.884725103124633705e+00 0.000000000000000000e+00 1.236393701279861146e+00 -2.732670328453408806e-02 -6.182257074667130148e+00 1.412058579626301658e+01 0.000000000000000000e+00 5.697078482309217762e+00 7.746205090351766742e+00 1.214759233016825490e+01 2.872629761405927695e+01
0.000000000000000000e+00 0.000000000000000000e+00 0.000000000000000000e+00 -5.227896266223185151e+00 -4.594916793933202258e-17 0.000000000000000000e+00 -9.508983596907837363e-17 5.793763881548275485e+00 4.774656852096542158e-16 4.415715129566885722e+00 0.000000000000000000e+00 7.870275021883782363e-15 8.000070917082460653e+00 1.087293689598763535e+01 6.048840762324052100e+00 0.000000000000000000e+00 9.059781658802598330e-14 5.427802886234210256e+00 1.100935552169516107e+01 1.123900426345304959e+00 0.000000000000000000e+00 5.803447348809416755e-16 -7.660675613356852764e+00 -6.794648758435818614e+00 1.588629837126492284e+01
0.000000000000000000e+00 0.000000000000000000e+00 0.000000000000000000e+00 9.678359891326399733e+00 -9.800748819760233266e-01 0.000000000000000000e+00 0.000000000000000000e+00 2.717757350691240111e-10 1.534081127106288107e-13 3.948328139968388495e+00 0.000000000000000000e+00 -4.220627667008481007e-13 -9.937896074703754579e+00 -4.783643433064998618e+00 2.953780534701123698e-13 0.000000000000000000e+00 -6.441041829783413251e-13 1.451614283731546884e+00 -1.420121243425437677e-02 -3.286451243997776661e+00 0.000000000000000000e+00 3.518082052853314501e-14 1.064392374118142826e+01 8.834724697502462476e+00 3.609105095699590038e+00
0.000000000000000000e+00 0.000000000000000000e+00 -6.087427689964910904e+00 -1.594323298371802977e+01 -1.215428505680974958e+01 0.000000000000000000e+00 -9.552369842870849226e+00 5.525130224046536246e-12 -2.065105785930943849e+00 -1.474894480930709584e+01 0.000000000000000000e+00 5.819219310982411478e-12 -2.203452402937091037e+01 -1.002475410594200511e+01 -4.244949263454395272e+00 0.000000000000000000e+00 -4.798111088252616369e-02 -1.530261059007032465e+01 3.720199494631769355e+00 3.098618583906784796e+00 0.000000000000000000e+00 -2.250417282528594853e+00 -1.554930528392662881e+00 -9.875255370238992247e-01 -1.142073006069171370e+01
0.000000000000000000e+00 0.000000000000000000e+00 -2.185206268148910880e+01 -2.575568241238843825e+01 -2.083435911536590268e+01 0.000000000000000000e+00 -2.280417283513499882e+01 -5.723811958056507671e-13 -2.154771297472517588e+01 -2.908308174539094892e+01 0.000000000000000000e+00 1.343960967665360931e-11 2.336365322485476881e+01 2.672012036244970634e+00 8.220613649975314630e+00 0.000000000000000000e+00 -1.682890229200686960e+01 -2.683372184186726628e+01 1.301852212821786592e-01 -2.424220079585340137e+00 0.000000000000000000e+00 -2.043838492882131064e+01 -1.890365024485334544e+01 -1.841438293687329164e+01 2.123771982480862874e+01
0.000000000000000000e+00 0.000000000000000000e+00 3.000000000000000000e+01 2.158354906028479903e+01 2.998709693604694593e+01 0.000000000000000000e+00 2.299018171270055433e+01 0.000000000000000000e+00 3.000000000000000000e+01 3.000000000000000000e+01 0.000000000000000000e+00 -4.297757110514459169e-12 7.943753740507892402e+00 -5.031740058248890257e+00 8.402886017417157656e-14 0.000000000000000000e+00 3.000000000000000000e+01 1.430796452450698553e+01 -1.484432231530864499e+01 2.363352776276229150e+01 0.000000000000000000e+00 3.000000000000000000e+01 3.000000000000000000e+01 2.790285676913243407e+01 4.240443491062086956e-01
0.000000000000000000e+00 0.000000000000000000e+00 1.635667197436005438e+01 3.746763171039380058e+00 2.159302024129321751e+01 0.000000000000000000e+00 5.419916681849150208e+00 -1.135638932875317573e-13 1.473745959705549247e+01 3.000000000000000000e+01 0.000000000000000000e+00 -5.699797542785096649e-01 1.826338882433583777e+01 -2.192122677452088553e+01 -3.784910349143586039e+00 0.000000000000000000e+00 2.037316254385232739e+01 8.515870775356744471e-02 -2.706116709303929113e+01 9.901810447094595347e+00 0.000000000000000000e+00 1.145845350442388622e+01 1.318103536740020942e+01 1.461390857606411409e+01 -6.118066892321500028e+00
0.000000000000000000e+00 0.000000000000000000e+00 -6.462343860665364481e+00 -1.301287937563002117e+01 1.242296200526203265e+01 0.000000000000000000e+00 -3.967007050040918789e-09 -4.936199107532603315e-13 -9.558232144241926020e-01 1.293281072297187784e+01 0.000000000000000000e+00 -2.193397352478408990e+01 2.596070527351227938e-02 3.000000000000000000e+01 -1.136781673160629680e+01 0.000000000000000000e+00 2.823176567546791915e+00 -1.854954802322009433e-01 2.715941612201359590e+01 -3.426639307672588508e+00 0.000000000000000000e+00 1.170295081248417385e-01 0.000000000000000000e+00 1.789949590489675613e-01 -1.703331900680770872e+01
0.000000000000000000e+00 -4.961552853000909202e+00 1.522422908796174390e+01 1.574370059301484481e+01 -9.756838964386106428e-01 0.000000000000000000e+00 2.205068909429712062e-05 -1.633943812524963457e+00 1.921770104940796031e+01 3.856655985505642843e-06 0.000000000000000000e+00 3.000000000000000000e+01 -8.543907484180750939e-03 1.688984658303915509e+01 6.116369760535979028e-01 0.000000000000000000e+00 2.197296710254894917e-07 2.552032213759074253e+01 1.238423239993364966e+01 -7.298798534229613111e+00 0.000000000000000000e+00 2.003164671139276041e-07 0.000000000000000000e+00 0.000000000000000000e+00 2.499290548291700986e+01
0.000000000000000000e+00 -2.318294833273809630e+01 -1.394485389611682358e+01 0.000000000000000000e+00 1.821833375287428325e+01 0.000000000000000000e+00 4.895165699886223396e-07 -2.209573519145123299e+01 0.000000000000000000e+00 -2.580582883734964736e-02 0.000000000000000000e+00 1.518711777557806641e+01 -1.796260962784563020e+01 1.210620594475844358e+00 -1.697513509770618256e+01 0.000000000000000000e+00 3.336057345660586365e-07 1.552678884959501904e+00 2.169536199321598602e+01 3.500242139717610446e+00 0.000000000000000000e+00 0.000000000000000000e+00 0.000000000000000000e+00 0.000000000000000000e+00 -1.355616059426433706e+00
0.000000000000000000e+00 0.000000000000000000e+00 0.000000000000000000e+00 0.000000000000000000e+00 0.000000000000000000e+00 0.000000000000000000e+00 0.000000000000000000e+00 0.000000000000000000e+00 0.000000000000000000e+00 0.000000000000000000e+00 0.000000000000000000e+00 0.000000000000000000e+00 0.000000000000000000e+00 0.000000000000000000e+00 0.000000000000000000e+00 0.000000000000000000e+00 0.000000000000000000e+00 0.000000000000000000e+00 0.000000000000000000e+00 0.000000000000000000e+00 0.000000000000000000e+00 0.000000000000000000e+00 0.000000000000000000e+00 0.000000000000000000e+00 0.000000000000000000e+00
0.000000000000000000e+00 0.000000000000000000e+00 0.000000000000000000e+00 0.000000000000000000e+00 0.000000000000000000e+00 0.000000000000000000e+00 0.000000000000000000e+00 0.000000000000000000e+00 0.000000000000000000e+00 0.000000000000000000e+00 0.000000000000000000e+00 0.000000000000000000e+00 0.000000000000000000e+00 0.000000000000000000e+00 0.000000000000000000e+00 0.000000000000000000e+00 0.000000000000000000e+00 0.000000000000000000e+00 0.000000000000000000e+00 0.000000000000000000e+00 0.000000000000000000e+00 0.000000000000000000e+00 0.000000000000000000e+00 0.000000000000000000e+00 0.000000000000000000e+00
0.000000000000000000e+00 0.000000000000000000e+00 0.000000000000000000e+00 0.000000000000000000e+00 0.000000000000000000e+00 0.000000000000000000e+00 0.000000000000000000e+00 0.000000000000000000e+00 0.000000000000000000e+00 0.000000000000000000e+00 0.000000000000000000e+00 0.000000000000000000e+00 0.000000000000000000e+00 0.000000000000000000e+00 0.000000000000000000e+00 0.000000000000000000e+00 0.000000000000000000e+00 0.000000000000000000e+00 0.000000000000000000e+00 0.000000000000000000e+00 0.000000000000000000e+00 0.000000000000000000e+00 0.000000000000000000e+00 0.000000000000000000e+00 0.000000000000000000e+00
0.000000000000000000e+00 0.000000000000000000e+00 0.000000000000000000e+00 0.000000000000000000e+00 0.000000000000000000e+00 0.000000000000000000e+00 0.000000000000000000e+00 0.000000000000000000e+00 0.000000000000000000e+00 0.000000000000000000e+00 0.000000000000000000e+00 0.000000000000000000e+00 0.000000000000000000e+00 0.000000000000000000e+00 0.000000000000000000e+00 0.000000000000000000e+00 0.000000000000000000e+00 0.000000000000000000e+00 0.000000000000000000e+00 0.000000000000000000e+00 0.000000000000000000e+00 0.000000000000000000e+00 0.000000000000000000e+00 0.000000000000000000e+00 0.000000000000000000e+00
0.000000000000000000e+00 1.519483287253000228e-07 -1.827777182091950436e+01 -1.607135809344282507e+01 -2.120625838181620182e+01 0.000000000000000000e+00 1.845162912104085251e+01 -2.401768250639325138e-03 -2.398065782772458476e+01 -1.458711944099740476e+00 0.000000000000000000e+00 1.489611018934216347e+01 1.848207579281719859e+00 -1.449956309974172575e+00 1.086895695143208229e+01 0.000000000000000000e+00 1.139553201373256663e-07 0.000000000000000000e+00 4.239407070895023999e+00 -4.788469814500436961e+00 0.000000000000000000e+00 0.000000000000000000e+00 0.000000000000000000e+00 0.000000000000000000e+00 3.730083105755995110e+00
0.000000000000000000e+00 -4.624281556857547493e+00 2.592162354859365792e+01 2.605502644163195214e+01 2.991091542805941828e+01 0.000000000000000000e+00 6.509967890056904682e-01 -1.199313600545562153e+01 1.196786545695647419e+01 -1.578372058297651570e+01 0.000000000000000000e+00 1.659879447251043860e+00 -2.015534113029769703e+00 1.495963836868210217e+00 -1.317782134415601369e+01 0.000000000000000000e+00 5.585653448674523206e-09 0.000000000000000000e+00 2.931446754348901751e-06 2.400432254617422245e+01 0.000000000000000000e+00 0.000000000000000000e+00 0.000000000000000000e+00 0.000000000000000000e+00 9.518419649753102730e-07
0.000000000000000000e+00 1.345194472629354365e+01 4.448413163024797612e+00 1.129914401678508717e+01 1.211316572445919881e+01 0.000000000000000000e+00 -7.080803178059489125e-04 1.615844054616179903e+01 -5.019831141154703857e+00 2.385036969776039939e+01 0.000000000000000000e+00 -1.496428038368596347e+01 2.413866173389918757e+01 2.101600999535408931e+01 2.337813806485463886e+01 0.000000000000000000e+00 -6.852087844753491560e-12 0.000000000000000000e+00 0.000000000000000000e+00 9.863120234362579453e+00 0.000000000000000000e+00 0.000000000000000000e+00 0.000000000000000000e+00 0.000000000000000000e+00 0.000000000000000000e+00
0.000000000000000000e+00 7.474543299805553431e+00 1.438888943086670480e+00 -1.338740037104373615e+00 -3.966534015753029330e+00 0.000000000000000000e+00 -1.086151057044738444e+01 -6.349170901734415118e+00 1.648950946492023117e+00 1.271258914509662930e+01 0.000000000000000000e+00 8.982802802840589962e+00 7.205704560191219521e+00 3.330273167732165973e+00 5.137991682092369894e-01 0.000000000000000000e+00 -4.294206526083792344e-13 5.523562810991176721e-14 -3.144509312709744311e-13 -7.794834831488308691e-01 0.000000000000000000e+00 0.000000000000000000e+00 0.000000000000000000e+00 0.000000000000000000e+00 0.000000000000000000e+00
0.000000000000000000e+00 -4.042967808882150571e+00 -7.969773846605182399e+00 1.246433941988853533e+01 -9.070455871395733283e+00 0.000000000000000000e+00 3.835165081615826033e+00 4.647676322114391745e+00 -5.127283159467000750e+00 6.528430115364036897e-03 0.000000000000000000e+00 6.038520884373323684e-14 4.327531637707490538e-13 -6.982780621485199291e+00 7.016466727189721198e+00 -9.471402816219503548e-15 0.000000000000000000e+00 6.657708267430253752e-14 -1.042280231571444723e-13 -1.506571513182576005e+01 0.000000000000000000e+00 0.000000000000000000e+00 0.000000000000000000e+00 0.000000000000000000e+00 0.000000000000000000e+00
0.000000000000000000e+00 7.182891340299412342e+00 4.224281258166517006e+00 3.298002453014900581e+00 1.363443161954136507e+01 0.000000000000000000e+00 4.051599266002879673e+00 5.531214339514731293e+00 6.337116017292903969e+00 -7.884532325999337843e+00 0.000000000000000000e+00 2.733188565095316335e-14 1.513940640171446875e-15 4.096554385251383046e+00 8.584832591491491083e-02 -4.853072965209478709e-16 0.000000000000000000e+00 -2.039783279394616295e-15 -4.317308657824978925e-15 1.324273203259123477e+01 0.000000000000000000e+00 0.000000000000000000e+00 0.000000000000000000e+00 0.000000000000000000e+00 0.000000000000000000e+00
3.943146967166766558e-15 5.806410875430891849e+00 1.029876464251672097e+01 2.790932649544685534e-02 -2.387363152747414841e+00 5.918487040371227683e-16 -1.437619946551817351e+00 -2.896520028641212671e-07 6.206516805823654614e+00 3.462535961409633600e+00 -2.201237055188110858e+00 3.098519722145922779e-14 -7.216027233634149010e-16 3.839409199706589781e+00 -7.216364706283387277e-16 -1.737867012812166712e+00 -1.853825159860409116e-03 8.286559429776984487e-16 -1.049486030652729689e-15 9.589649485835134712e-03 0.000000000000000000e+00 0.000000000000000000e+00 0.000000000000000000e+00 0.000000000000000000e+00 0.000000000000000000e+00
-3.677756283512432223e+00 -7.381235115524264145e+00 -3.289317716091726962e-01 3.576924818874629106e-08 -7.428148236037141139e+00 -4.050111448650994816e+00 -1.209332283788911866e+01 -1.027932980609674019e+01 1.148813025231087304e+00 3.683594176357316563e+00 -1.393095068739478570e+01 -8.957013592559466275e+00 1.803786295020013206e-06 -6.719147986364103708e+00 3.202657560670587701e-12 -1.653918005264701918e+01 -1.006299102811400736e+01 -4.984977588696369644e+00 -6.631409665164975098e-02 -1.276325845825860617e+00 0.000000000000000000e+00 0.000000000000000000e+00 0.000000000000000000e+00 0.000000000000000000e+00 0.000000000000000000e+00
-1.578848403080318441e+01 -1.389766530426316038e+01 -1.062389548573263554e+01 -9.153011205764979508e+00 -1.879738233269141645e+01 -1.827345096563498572e+01 -1.920222740007141482e+01 -2.445132868645530522e+01 -9.425616180751005047e+00 -1.252607694770212632e+01 -2.213459519946584919e+01 -2.223580655982550525e+01 -9.908633541292669378e+00 -1.859927185186391085e+01 -1.097156298764091353e+01 -2.862431357959368938e+01 -2.193915733933890877e+01 -1.563828668740593741e+01 -1.365181230440611415e+01 -1.655527275517875552e+01 0.000000000000000000e+00 0.000000000000000000e+00 0.000000000000000000e+00 0.000000000000000000e+00 0.000000000000000000e+00
2.588831890239086775e+01 -2.478642186444162121e+01 -2.042900180930337584e+01 -2.522451487922512214e+01 2.717269207062207670e+01 2.967585963161910101e+01 3.000000000000000000e+01 1.573082693426404965e+01 -2.190453501550789284e+01 2.581566258709814932e+01 3.000000000000000000e+01 2.806527311031949523e+01 -2.249472975817761977e+01 2.766011951237247501e+01 -2.301276822506182640e+01 3.000000000000000000e+01 -2.878800064962312533e+01 -2.624569919105428895e+01 -2.631126554709271304e+01 2.695177458879869548e+01 0.000000000000000000e+00 0.000000000000000000e+00 0.000000000000000000e+00 0.000000000000000000e+00 0.000000000000000000e+00
1.304792495558266907e+01 -3.000000000000000000e+01 1.884357835270539283e+01 1.426010815164673851e+01 1.687035910914617531e+01 1.370293297479714489e+01 3.000000000000000000e+01 8.353189310124238542e-02 2.513461129467798827e+01 8.306962627110626940e+00 1.905144493133840911e+01 1.357620588971651365e+01 2.686814380389520451e+01 1.432266139897180324e+01 1.533530829728382550e+01 2.310097948452777672e+01 2.469003170965390836e+01 3.000000000000000000e+01 2.813898381358455580e+01 1.195630953682149489e+01 0.000000000000000000e+00 0.000000000000000000e+00 0.000000000000000000e+00 0.000000000000000000e+00 0.000000000000000000e+00
1.048438559258158209e+00 2.708689797683739542e+01 7.034156392656364609e+00 7.013578726120928142e-01 5.331572030876627899e+00 1.078811676789098284e+00 2.956642367784644776e+01 -5.247558425483520397e-13 1.729254830019824851e+01 -4.436869032132377957e-13 9.962263432316548872e+00 1.264364141318442991e+00 1.323364862280966392e+01 7.222081338122575689e-01 1.065731373950853822e+00 1.123754050265910109e+01 1.501506404833577868e+01 2.363313930323092293e+01 1.728666476409420483e+01 9.452211009796538874e-03 0.000000000000000000e+00 0.000000000000000000e+00 0.000000000000000000e+00 0.000000000000000000e+00 0.000000000000000000e+00
-4.624171151167616678e+00 2.008033871524681757e+01 -2.559491075678100636e+00 0.000000000000000000e+00 1.310018270236288149e-15 3.284405612863207001e-15 2.026955896821704428e+01 -3.414129414373884286e-03 2.303494901502072700e+00 0.000000000000000000e+00 7.155973937064845636e-01 4.438678543303545987e-15 7.890765923617516497e-01 3.732271553605112757e+00 4.580298102081668881e-16 1.201004210528405558e+00 1.550670734115526139e+00 1.336103535147479704e+01 5.034933473208814014e+00 0.000000000000000000e+00 0.000000000000000000e+00 0.000000000000000000e+00 0.000000000000000000e+00 0.000000000000000000e+00 0.000000000000000000e+00
6.470276474542570710e+00 1.666533644022941019e+01 3.938421733564311911e+00 -5.170022339158506064e+00 -1.726898734574877443e-14 -3.064495143878518846e+00 1.406603660173656500e+01 6.218431016816942103e-01 1.108040593526492223e+01 0.000000000000000000e+00 -1.463909640797777226e-14 -1.776839480254743846e-14 -4.266838130397506290e-16 -2.033640999310690756e+00 -7.884708014482503025e+00 -2.850102819110073028e-14 -3.649791141223942269e-12 9.085510637962932456e-01 -1.071013162820448785e-12 0.000000000000000000e+00 0.000000000000000000e+00 0.000000000000000000e+00 0.000000000000000000e+00 0.000000000000000000e+00 0.000000000000000000e+00
-3.035179990488011459e+00 1.272088855452411593e+01 -4.939044171404616268e-01 -2.394665275514916147e-01 3.389927993550344206e-14 1.103969941148617018e+01 -5.527354337915933336e+00 1.248965299021286590e+01 2.863935593749475736e-05 0.000000000000000000e+00 2.088715185781975714e-14 5.691714968752173903e-14 -4.618042741408248984e-14 9.771056017194492682e+00 1.894784645902533882e+01 0.000000000000000000e+00 -4.824575558794910646e-16 -1.971500593631175972e-14 -1.658146435551746855e-15 0.000000000000000000e+00 0.000000000000000000e+00 0.000000000000000000e+00 0.000000000000000000e+00 0.000000000000000000e+00 0.000000000000000000e+00
-7.186033747383653580e-02 1.356779819448681534e+00 1.386000934592399858e+01 1.100215367289975354e+01 5.661254144189252902e-14 7.012522724386509587e+00 6.722394498838563770e+00 -5.875635915990993219e+00 2.006407358632019872e-13 0.000000000000000000e+00 -3.064538927985802630e-01 -3.246955342983603554e+00 -9.754216228800573554e-03 8.655666180998796477e+00 3.270125161949370529e+00 0.000000000000000000e+00 3.235400743307833897e-14 1.960413168798052772e-14 -1.390619439492254417e-15 0.000000000000000000e+00 0.000000000000000000e+00 0.000000000000000000e+00 0.000000000000000000e+00 0.000000000000000000e+00 0.000000000000000000e+00
3.032269839297023206e-01 2.157112527528684431e+00 2.679122318081459397e+00 -6.270577504983569028e+00 -2.426458516803020347e-15 8.229586235732549326e+00 -2.496732331412535033e-01 2.023698121230665237e+01 -6.400487123958040314e+00 0.000000000000000000e+00 -1.118851263811561303e+01 7.065107335131787458e+00 -1.386902757984111290e+01 3.787665010526092507e-15 3.987062734370662420e-17 0.000000000000000000e+00 -4.355510222220296480e-17 6.086011346602535449e-17 -9.571049395156263978e-16 0.000000000000000000e+00 0.000000000000000000e+00 0.000000000000000000e+00 0.000000000000000000e+00 0.000000000000000000e+00 0.000000000000000000e+00
2.630239949786153719e+00 -1.183251322760391666e+01 8.583179125182487823e+00 1.581181950135634784e+00 1.747992832580641513e-12 -3.864608634501141893e+00 6.326450321786099451e+00 2.967229793387919923e+00 -1.818074406969448020e+01 0.000000000000000000e+00 1.598466519849823619e+01 -7.939381612688385381e-01 1.080990476680829637e+01 -1.743364269815478297e-12 -7.437840645017805254e-13 -4.066746848877352343e-12 -9.911030818102941495e-13 3.888851154776505769e-11 -2.568918429619900058e-10 0.000000000000000000e+00 0.000000000000000000e+00 0.000000000000000000e+00 0.000000000000000000e+00 0.000000000000000000e+00 0.000000000000000000e+00
-1.847975237522164083e+00 -6.183532524316058598e+00 -8.843100662890179819e-01 -3.929761263627691736e+00 1.422963560164457826e-12 5.056816010365110081e+00 3.577805728337364322e+00 7.680817959944040041e+00 2.034893127557313264e+01 0.000000000000000000e+00 8.562896403587487715e-01 1.202626000129088446e+01 -2.098768416967956976e-06 1.562081682275204526e-11 -1.356117980950595880e+00 0.000000000000000000e+00 -5.605939400279975816e-11 2.438118842051926293e-15 4.935038171839273686e-14 0.000000000000000000e+00 0.000000000000000000e+00 0.000000000000000000e+00 0.000000000000000000e+00 0.000000000000000000e+00 0.000000000000000000e+00
6.989101467639465604e+00 1.094761140782722997e+01 -1.488290772748384327e+01 -1.637582698674761517e+01 0.000000000000000000e+00 -1.866923363587200058e+01 -7.299274203735083288e-01 4.123355874957851164e+00 7.623747201822122399e+00 0.000000000000000000e+00 -6.607976022414622008e+00 9.669322371258097348e+00 -6.910059629926145419e+00 -2.753922757294559208e-15 -1.255261225735929642e+01 -3.752429398448897668e+00 -8.021540093995500609e-01 -4.512238980021106814e-03 -2.733761275953855430e-01 0.000000000000000000e+00 0.000000000000000000e+00 0.000000000000000000e+00 0.000000000000000000e+00 0.000000000000000000e+00 0.000000000000000000e+00
-1.082113593233849702e+00 1.733572642666581475e-03 1.879355568559892120e+01 1.671224309880726722e+01 0.000000000000000000e+00 2.144379611206623792e+01 -2.039896173284297376e+01 -2.353572212367005879e-14 -8.618050596867393484e-15 0.000000000000000000e+00 -1.766145798096899000e+01 6.784285497179800117e+00 -1.911672016473959701e+01 0.000000000000000000e+00 -2.271385240377272652e+01 -1.733100319306049997e+01 -1.619612400526824558e+01 -9.363658098246778749e+00 -1.761488803927063884e+01 0.000000000000000000e+00 0.000000000000000000e+00 9.713751943078671842e-15 0.000000000000000000e+00 0.000000000000000000e+00 0.000000000000000000e+00
-1.544906660369199614e+01 -7.783149750069708791e-16 2.203591373144849985e+00 1.242408897219225539e+00 0.000000000000000000e+00 7.288566758013290681e+00 2.364591722644989602e+01 -3.586153128985304361e-01 -1.227964313862819802e-14 0.000000000000000000e+00 1.807899059203611358e+01 5.239243455631479054e-14 1.301959322448076328e+01 0.000000000000000000e+00 2.263840732970790626e+01 1.941339020770044144e+01 2.317253186844811097e+01 2.390545534867897004e+01 -2.126078151537589989e+01 0.000000000000000000e+00 0.000000000000000000e+00 -6.339864933338514904e-15 0.000000000000000000e+00 0.000000000000000000e+00 0.000000000000000000e+00
2.285951549965987084e+01 -7.337598105196915022e+00 6.680903062242660617e+00 -2.587126510539210146e-14 0.000000000000000000e+00 -8.967011679527001178e+00 1.154914696234428639e+01 1.948175760497181130e+01 4.744325306299915351e-15 0.000000000000000000e+00 2.468907927566394545e+00 -7.065245056674251067e+00 4.398703531081711929e-03 -1.500167054541799902e-14 1.197588367744106819e+01 5.642916636298902944e+00 7.741905317026049005e+00 9.810451136150001972e+00 2.588647237929576406e+01 0.000000000000000000e+00 0.000000000000000000e+00 -1.851203353616567849e-16 0.000000000000000000e+00 0.000000000000000000e+00 0.000000000000000000e+00
4.997933151797681717e+00 1.002373509182601907e+01 2.838327382132811660e+00 1.369116667243591793e-13 0.000000000000000000e+00 7.997761685048127234e+00 2.997498246179410106e-03 6.360721752003529517e+00 -1.321622310295492379e-13 0.000000000000000000e+00 6.458189522818663875e+00 9.043581088882005403e+00 -2.862273451679841309e-13 1.902995110002025900e-12 1.165558333441424343e+00 -7.653096403509104029e+00 -8.486219498638783776e+00 2.596237220865325532e-03 1.712285457240269793e+01 0.000000000000000000e+00 0.000000000000000000e+00 1.248494335183076287e-13 0.000000000000000000e+00 0.000000000000000000e+00 0.000000000000000000e+00
1.366857823274847128e+01 8.414698708446165298e+00 -4.938730953599434095e-14 -2.954986905057232338e-15 0.000000000000000000e+00 -2.971228203636766541e+00 -4.413445482593466807e+00 -7.677091954234839533e-02 -8.940375989649794741e-01 0.000000000000000000e+00 3.082575601187406811e+00 -9.308036658355023363e+00 2.775377162091895990e-16 -1.170158232113181207e-01 5.894124133727641179e-15 9.515771580782725891e+00 7.679142113196377295e+00 -1.375621961556417378e-14 1.336149455755878845e+00 0.000000000000000000e+00 0.000000000000000000e+00 -6.293841232800824125e-15 0.000000000000000000e+00 0.000000000000000000e+00 0.000000000000000000e+00
-8.923278162972859917e+00 -5.718210004611603559e+00 -2.115265083411355107e+00 1.083075986016262721e-12 0.000000000000000000e+00 8.198867794753187180e-03 -6.650107828687109368e+00 -1.490843000681797825e+01 -1.123972715978039716e+01 0.000000000000000000e+00 3.044232553598205993e+00 -2.055238681178559546e+01 3.132058948613689404e-13 -1.417940107283931717e+01 0.000000000000000000e+00 5.981665808397042206e+00 -1.346747173313842971e+01 -1.209902461000593910e+01 0.000000000000000000e+00 0.000000000000000000e+00 -2.281259909947687348e+00 -1.296170591486280221e+00 -1.792953957586183034e+00 0.000000000000000000e+00 0.000000000000000000e+00
-2.357819376026811042e+01 -1.727395683817327310e+01 -1.859269152632743527e+01 -3.497235620779830663e-14 0.000000000000000000e+00 7.109556769517502595e+00 2.101977433118830785e+00 -2.368591103891751359e+01 -2.379160099955443641e+01 0.000000000000000000e+00 1.331552310649807263e-03 2.527511091863264525e+01 -6.627108044728051706e-01 -2.221196467937109631e+01 0.000000000000000000e+00 -1.398165412554756237e+01 3.000000000000000000e+01 1.935931392455166744e+01 0.000000000000000000e+00 0.000000000000000000e+00 -1.637802019476405846e+01 -1.750350968989692646e+01 -1.994129177374752970e+01 0.000000000000000000e+00 0.000000000000000000e+00
2.179241479281010285e+01 2.701838547860206319e+01 3.000000000000000000e+01 -2.061689282785374999e-01 0.000000000000000000e+00 -5.669595040972593834e-13 -1.924462683613069009e-12 2.523930549612059693e+01 3.000000000000000000e+01 0.000000000000000000e+00 -5.828975374662481279e+00 8.851578037854704206e+00 1.329433410788145586e+01 3.000000000000000000e+01 0.000000000000000000e+00 3.000000000000000000e+01 2.742050520436376360e+01 -3.564847975168477401e+00 0.000000000000000000e+00 0.000000000000000000e+00 2.639078543012455214e+01 2.912431017944270550e+01 3.000000000000000000e+01 -2.410997160643947568e-13 0.000000000000000000e+00
8.422560428078712746e+00 1.459398133834167410e+01 1.203171801162475241e+01 -1.889286521129681518e+01 0.000000000000000000e+00 -1.052350489865753504e-02 -1.225837473690258306e-02 1.647219610508989263e+01 1.787663886327778684e+01 0.000000000000000000e+00 1.219059472339355032e+01 -3.689718053445169232e+00 1.046129373212600555e+01 1.768045362662836695e+01 0.000000000000000000e+00 1.793312066330318899e+01 4.299412886050734350e+00 -1.970645580384120521e+01 0.000000000000000000e+00 0.000000000000000000e+00 1.559300962320594408e+01 1.161318606997622638e+01 1.491539374950636798e+01 -4.217040161726020334e-12 0.000000000000000000e+00
-9.624636083802604603e+00 5.126954912383728524e-02 0.000000000000000000e+00 2.707259565282724978e+01 0.000000000000000000e+00 -1.372026590786123457e+01 -7.067466209653596287e+00 1.159176976383317383e-02 2.518889916909754501e+00 0.000000000000000000e+00 -1.622005741900980169e+01 1.918614388001310544e+01 1.826371495166969150e-12 7.313192572312902762e+00 0.000000000000000000e+00 2.170277573991164388e+00 4.223847467282735148e-13 2.257869600517744857e+01 0.000000000000000000e+00 0.000000000000000000e+00 2.151470185026808923e-01 6.545022722591510522e+00 -5.840908975367114842e+00 5.767520598408972808e-13 0.000000000000000000e+00
2.877678725799512005e+00 7.910290316314582564e-14 0.000000000000000000e+00 1.386230781760913899e+01 0.000000000000000000e+00 3.736628484226026892e+00 1.400624852873288795e+01 -4.294210032728256188e-01 -1.027528398486875018e-13 0.000000000000000000e+00 2.507631329091280037e+01 1.259443885316669620e+00 -5.164961677251063144e-01 9.683028584559546604e-10 0.000000000000000000e+00 9.217294520148864301e-01 -7.048429789442020699e+00 9.710805811968381107e+00 1.255956838854044263e-14 0.000000000000000000e+00 1.520308858211032543e+01 -1.120123424342639895e+00 1.886260661171438002e+01 5.491062290062110459e-11 0.000000000000000000e+00
-1.802289306351238451e+01 -3.613218798784460983e-14 0.000000000000000000e+00 7.636452651856644458e-01 0.000000000000000000e+00 -1.825174417393690618e+01 -1.016269953219686251e+01 4.017883676867968212e+00 9.542163336000103004e-14 0.000000000000000000e+00 1.117252745138100778e+01 4.853947185406999925e-13 -1.607776772390649356e+01 -2.138275233073336520e-13 0.000000000000000000e+00 -1.091354963185075810e+01 1.221391193113847251e+00 -6.743265899823103245e-11 1.013665788051187026e-14 0.000000000000000000e+00 1.883067663840741535e+00 4.668120551689537656e+00 6.945429893417297551e-01 -2.619718571038002430e+00 0.000000000000000000e+00
2.218872014695195105e+01 -3.363675587877948272e-13 0.000000000000000000e+00 -5.921188220070368047e+00 0.000000000000000000e+00 2.242964939913629507e+01 -2.114125693376836423e+01 -1.331028753574167034e+01 1.273746335734016452e-12 0.000000000000000000e+00 -4.666115318847571247e-01 -5.150664377475814071e+00 2.521334252661378628e+01 -8.552778668614912755e-13 0.000000000000000000e+00 7.546072137513251121e+00 3.569195486943024214e-13 -1.152619835696452633e+01 5.890232758011788188e-14 0.000000000000000000e+00 -4.196057587136135858e+00 -1.255302370938915679e+01 1.261525580329448045e-13 -1.511474068000983451e+01 0.000000000000000000e+00
9.938887166850829402e+00 0.000000000000000000e+00 0.000000000000000000e+00 1.677744225338968320e+01 0.000000000000000000e+00 7.394576835507205459e+00 2.045141648584332472e+01 8.513346582728507528e+00 -1.161146541603163569e-12 0.000000000000000000e+00 4.296726434251533888e+00 -3.107831096560921935e+00 8.798522676437743328e+00 -9.552873907697138648e-13 0.000000000000000000e+00 -3.610557007304366905e+00 -1.063743908330084054e+01 1.668372657447486418e+01 1.917579803241371833e-13 0.000000000000000000e+00 -1.818198128622692877e+01 2.326866730262859662e+01 -4.422621218085499351e+00 -2.281733419729127377e+01 0.000000000000000000e+00
-8.467998127628548315e-08 0.000000000000000000e+00 0.000000000000000000e+00 2.217239853876885880e-01 0.000000000000000000e+00 -1.080472055264838183e+01 3.010766336324937065e+00 -2.989088432939360843e-13 -8.587938167873400203e-13 0.000000000000000000e+00 8.368100871555128606e+00 9.235874187576142091e+00 -4.029119177556110820e-01 -4.881525667313276481e-15 0.000000000000000000e+00 -4.643854518144892474e+00 -1.719828013331214933e+01 5.549561307695559664e-01 5.482817880139772390e-09 0.000000000000000000e+00 2.264393022126074939e+01 9.618839302594791363e+00 -1.793505376663716433e+01 2.485168247441751888e+01 0.000000000000000000e+00
-8.525104488700278106e-12 0.000000000000000000e+00 0.000000000000000000e+00 -6.958237117595954757e+00 0.000000000000000000e+00 -1.394705985062655884e+01 -1.913965990049923864e-12 -8.996104747468305907e-02 6.869508871914453479e-14 0.000000000000000000e+00 4.986521436001032370e+00 6.108722397118438785e+00 7.764240580473138920e+00 -1.279181047600379983e+00 1.501973083278746555e-12 -1.865842559094658171e+01 2.022770658243640440e+01 -5.381666920912475866e-14 -5.532460603890058337e+00 0.000000000000000000e+00 5.470738342460627734e+00 -2.663436177757889212e+00 2.608955561041956983e+01 1.580930897109906930e+01 0.000000000000000000e+00
-8.567374978397081859e-13 0.000000000000000000e+00 0.000000000000000000e+00 2.345474263879928856e+01 0.000000000000000000e+00 1.650111003970144452e+01 -1.857176184249520768e-13 -1.601432340467126991e+01 -1.926851676123425990e-11 0.000000000000000000e+00 5.480468045944363810e-08 -5.077095402178429140e+00 9.400208253447707440e-02 -1.783065157703609316e+01 -9.618562206383457491e-02 1.992120151358908231e+01 2.443306655353409518e+00 9.054485025346803024e-13 -1.921856027167795489e+01 0.000000000000000000e+00 4.456955057435214584e+00 9.418547033717974415e+00 7.821442905493932507e+00 3.717088615895817405e+00 0.000000000000000000e+00
0.000000000000000000e+00 0.000000000000000000e+00 0.000000000000000000e+00 7.277034069505528002e+00 0.000000000000000000e+00 -3.447305158397411251e+00 0.000000000000000000e+00 1.962286081711107855e+01 -7.946042307145878462e-14 0.000000000000000000e+00 -1.121360530467429939e+01 2.132133317669832095e+01 -4.553093172887250795e+00 2.332497849098733411e+01 -1.558034720169307263e+01 8.719361328312703607e-01 5.290215352581368435e+00 -8.642558900648895204e+00 2.096337469562474354e+01 0.000000000000000000e+00 -2.549938129555195054e+00 -2.830788087966314315e+00 -4.485707384412353750e-11 -5.159385901163403725e-10 0.000000000000000000e+00
0.000000000000000000e+00 0.000000000000000000e+00 0.000000000000000000e+00 0.000000000000000000e+00 0.000000000000000000e+00 1.032830161234274868e+01 0.000000000000000000e+00 5.640601799991608267e+00 0.000000000000000000e+00 0.000000000000000000e+00 1.484077263500397592e+01 5.328662935011427848e+00 2.273868957040967231e+01 1.137669566891259798e+01 2.531994501951178478e+01 -2.135077712982353049e+00 -4.402673970411071558e+00 1.949146257514099290e+01 9.286414280648973119e+00 0.000000000000000000e+00 -1.820479581577887984e+01 1.806570866341217396e+01 -1.713070709939155046e-13 -1.434687987792628741e-13 0.000000000000000000e+00
0.000000000000000000e+00 0.000000000000000000e+00 0.000000000000000000e+00 0.000000000000000000e+00 0.000000000000000000e+00 7.649877557839597664e+00 2.685234722944249217e-14 -4.857345936870436971e-12 0.000000000000000000e+00 0.000000000000000000e+00 -1.129482481880718225e+01 4.577255890624218396e-11 3.494866018608783431e+00 -8.468867055213112904e-13 4.930754074046888924e+00 -2.641523457967084543e+00 -9.447022079714938458e-01 5.789714284063262051e-01 -7.190389126919929580e-11 0.000000000000000000e+00 9.136977770753901495e+00 7.006667531122789505e+00 -4.755384800263628975e+00 -8.121620094307425708e-01 0.000000000000000000e+00
0.000000000000000000e+00 0.000000000000000000e+00 0.000000000000000000e+00 0.000000000000000000e+00 0.000000000000000000e+00 -9.564415181674610628e-13 -1.595953747083551975e-13 0.000000000000000000e+00 0.000000000000000000e+00 0.000000000000000000e+00 1.148129720484495797e+00 -9.392930806161894353e+00 -7.894314366290322127e+00 4.132775867602199784e-13 -9.389435963917168948e+00 6.387526890468894436e+00 1.278454763545788175e+01 -6.743996759775601646e+00 1.717540360481118876e-12 0.000000000000000000e+00 -8.398126249197478410e-01 2.994745984181484411e-01 4.572144754304892089e+00 -1.525123670823606226e+01 0.000000000000000000e+00
0.000000000000000000e+00 0.000000000000000000e+00 0.000000000000000000e+00 0.000000000000000000e+00 0.000000000000000000e+00 0.000000000000000000e+00 8.996995617561322556e-15 0.000000000000000000e+00 0.000000000000000000e+00 0.000000000000000000e+00 6.776386492861711908e+00 6.441986968843866457e+00 6.748359689525945448e+00 1.879739002251042829e-16 1.446175596199666380e+01 3.850009023831222787e+00 -2.086618916913288935e+00 5.440595137613037480e+00 -8.609569028671126389e+00 0.000000000000000000e+00 7.333075147358136370e+00 3.680602786344902011e+00 -2.655831502629103280e+00 1.369241958541379844e+01 0.000000000000000000e+00
0.000000000000000000e+00 0.000000000000000000e+00 0.000000000000000000e+00 0.000000000000000000e+00 0.000000000000000000e+00 1.007386435078743367e-13 1.412778648271541527e-10 -9.282910243458456501e-01 0.000000000000000000e+00 0.000000000000000000e+00 6.304324979096470024e-15 4.535416290501590179e-09 1.766185739695638535e-13 1.101042411306996415e-13 6.902400037896119778e-03 -2.821360209371774896e+00 4.171924685927780985e+00 7.535945958407525680e+00 7.910821688237748006e+00 0.000000000000000000e+00 -3.411160347832132622e+00 -2.946949826380894866e+00 5.314594252296418908e+00 -1.642743762273606078e+00 0.000000000000000000e+00
0.000000000000000000e+00 0.000000000000000000e+00 0.000000000000000000e+00 -1.233587330154763129e-02 0.000000000000000000e+00 -3.810582617526216520e+00 -8.770991261767779434e+00 -1.359929923418732223e+01 0.000000000000000000e+00 -6.940582641783164419e+00 -4.466525125776313665e+00 -1.094955333262758046e+01 6.381545242855614257e-10 3.230030355444370520e-06 -7.283661539968874443e+00 -1.741963343053650348e+01 -9.823080658615658933e+00 1.593737558972798479e-08 1.418387204840231508e+00 0.000000000000000000e+00 -1.575042372969489435e+01 -1.058303419680082236e+01 -4.162470245363840249e+00 5.059225982389591536e+00 -1.532435685313087159e+00
0.000000000000000000e+00 0.000000000000000000e+00 0.000000000000000000e+00 -1.191581359712030341e+01 0.000000000000000000e+00 -1.994115371459702502e+01 -1.852811469555414803e+01 -2.330313213279109519e+01 0.000000000000000000e+00 -2.180369383810183592e+01 -2.094639526705322652e+01 -2.473371132157151209e+01 -9.460774799368341093e+00 -1.268340049189949781e+01 -1.946961468997304223e+01 -2.877376474361475545e+01 -2.337076189632248457e+01 -1.166170532299001117e+01 -1.017212615164114276e+01 -1.162245650076843795e+01 -2.022124283663988820e+01 -1.758077964714227548e+01 -1.544238281275551294e+01 -1.357536355968839992e+01 -1.625523547935931035e+01
