# yaw
0.000000000000000000e+00 0.000000000000000000e+00 0.000000000000000000e+00 0.000000000000000000e+00 0.000000000000000000e+00 3.000000000000000000e+01 -3.000000000000000000e+01 0.000000000000000000e+00 -1.947326904457986885e+01 3.000000000000000000e+01 3.000000000000000000e+01 2.574553440362534928e+01 -3.902277172849325595e-11 -2.728792800669813445e+01 0.000000000000000000e+00 3.000000000000000000e+01 1.915337239054687402e+01 1.277655915663453179e+01 -2.731933852366598003e+01 3.000000000000000000e+01 3.000000000000000000e+01 2.333232744588189789e+01 3.000000000000000000e+01 -2.144153161528323537e+01 3.000000000000000000e+01
0.000000000000000000e+00 0.000000000000000000e+00 0.000000000000000000e+00 0.000000000000000000e+00 0.000000000000000000e+00 2.993698786891348362e+01 3.000000000000000000e+01 0.000000000000000000e+00 -3.000000000000000000e+01 2.004183001718869761e+01 2.614783267258773947e+01 9.550331134956072887e+00 3.964773716227903644e-08 2.503559179863717787e+01 3.000000000000000000e+01 2.793190034987625836e+01 3.940240656921636386e-01 -9.439448565060137852e+00 3.000000000000000000e+01 3.000000000000000000e+01 2.382850839262442122e+01 3.000000000000000000e+01 3.000000000000000000e+01 3.000000000000000000e+01 3.000000000000000000e+01
0.000000000000000000e+00 0.000000000000000000e+00 0.000000000000000000e+00 0.000000000000000000e+00 0.000000000000000000e+00 1.222560131931360061e+01 1.673684814992756742e+01 0.000000000000000000e+00 -3.000000000000000000e+01 -1.283464313768818643e+00 2.012697666261362173e+01 -1.441550094397481807e+01 -8.712383819247392774e-03 1.012488391031260271e+01 3.000000000000000000e+01 1.504568686758113749e+01 -2.323279990688683938e+01 -2.828066772113177407e+01 3.000000000000000000e+01 3.000000000000000000e+01 2.165222071503079704e+01 -1.493531109829948411e+00 2.621229493724264614e+01 3.000000000000000000e+01 2.191980583814469696e+01
0.000000000000000000e+00 0.000000000000000000e+00 0.000000000000000000e+00 0.000000000000000000e+00 0.000000000000000000e+00 1.796166419803064462e+00 1.109083390128070690e+01 0.000000000000000000e+00 3.000000000000000000e+01 -2.070116193934633131e+01 7.718751269431501250e+00 2.008375828079066139e+01 -8.905507371048008380e+00 4.939153175328557244e-01 3.000000000000000000e+01 0.000000000000000000e+00 -3.000000000000000000e+01 3.000000000000000000e+01 2.988303806085919945e+01 1.803279170369328455e+01 1.860810266060821760e+01 -2.443566726195567895e+01 1.046512818305722803e+01 3.000000000000000000e+01 1.468474565903822615e+01
0.000000000000000000e+00 0.000000000000000000e+00 0.000000000000000000e+00 0.000000000000000000e+00 0.000000000000000000e+00 0.000000000000000000e+00 -5.466403298128304833e+00 0.000000000000000000e+00 2.928174161695052291e+01 -3.000000000000000000e+01 0.000000000000000000e+00 -3.081064712663200034e+00 -2.199814077955964819e+01 -8.249343049056607313e+00 1.284836462503067622e+01 0.000000000000000000e+00 -3.000000000000000000e+01 3.000000000000000000e+01 -2.554021236677284534e+01 9.417670322325413679e+00 1.385323175949815067e+01 -2.949648653238027762e+01 6.331044550288125627e+00 2.678875372222079676e+01 2.704621813615785797e+01
0.000000000000000000e+00 0.000000000000000000e+00 0.000000000000000000e+00 0.000000000000000000e+00 0.000000000000000000e+00 0.000000000000000000e+00 -1.873028428657489286e+01 0.000000000000000000e+00 3.000000000000000000e+01 2.452723867854711415e+01 0.000000000000000000e+00 2.194473153850971414e+01 -3.000000000000000000e+01 -2.102904554875814114e+01 3.470704262612108071e+00 0.000000000000000000e+00 3.000000000000000000e+01 1.402427927358039739e+01 2.934866234786170835e+01 -1.001999677933278221e+01 8.310425185593770081e+00 3.000000000000000000e+01 -2.531331591703014539e+01 1.106978536463534191e+01 1.549819295642438810e+01
0.000000000000000000e+00 0.000000000000000000e+00 0.000000000000000000e+00 0.000000000000000000e+00 0.000000000000000000e+00 0.000000000000000000e+00 -3.000000000000000000e+01 0.000000000000000000e+00 2.227806190187713753e+01 1.874139428697906240e+01 0.000000000000000000e+00 -1.111405076266489900e+01 3.000000000000000000e+01 3.000000000000000000e+01 -4.240645164988352533e+00 0.000000000000000000e+00 3.000000000000000000e+01 -1.562602292651995484e+01 7.511171782781856265e+00 2.172451031675666755e+01 0.000000000000000000e+00 2.520827043464849382e+01 -2.895198833249407144e+01 -3.361552385559758438e+00 -5.936233860214577440e+00
0.000000000000000000e+00 0.000000000000000000e+00 0.000000000000000000e+00 0.000000000000000000e+00 0.000000000000000000e+00 0.000000000000000000e+00 3.000000000000000000e+01 0.000000000000000000e+00 1.436112930112454933e+01 1.000823109508617748e+01 0.000000000000000000e+00 2.804325234011161427e+01 1.888674820290350098e+01 1.712552924916671060e+01 -2.716498100289486928e+01 0.000000000000000000e+00 2.493801572765820040e+01 -2.613323140245553944e+01 1.995367221118533863e+01 -2.147787525410428167e+00 0.000000000000000000e+00 1.667594156520860338e+01 2.969728383532243754e+01 -1.829534745477418056e+01 2.352141544640854320e+01
0.000000000000000000e+00 0.000000000000000000e+00 0.000000000000000000e+00 0.000000000000000000e+00 0.000000000000000000e+00 0.000000000000000000e+00 1.662993912642940941e+01 0.000000000000000000e+00 7.679997405146568035e+00 -9.971652034052706171e+00 0.000000000000000000e+00 1.374255056482213888e+01 1.051512163639335640e+01 -9.984556905042840214e+00 2.696867185051476312e+01 0.000000000000000000e+00 9.229233208447803705e+00 2.437325356479096783e+01 -9.462544636802105558e+00 -2.070606536678595688e+01 0.000000000000000000e+00 5.373467234883695376e+00 1.118128822535388167e+01 3.000000000000000000e+01 -5.027582806396490689e+00
0.000000000000000000e+00 0.000000000000000000e+00 0.000000000000000000e+00 0.000000000000000000e+00 0.000000000000000000e+00 0.000000000000000000e+00 4.980600852565962633e+00 0.000000000000000000e+00 8.894643218043637445e-01 -1.546801465371188788e+00 0.000000000000000000e+00 -2.238434224770048075e+01 -1.098195975561975501e+01 3.000000000000000000e+01 2.312721131868967461e+01 0.000000000000000000e+00 0.000000000000000000e+00 6.933219676125268016e+00 2.926268075058327156e+01 2.284501389817226169e+01 0.000000000000000000e+00 -1.071927048305111185e+01 3.462871602723962550e+00 3.000000000000000000e+01 -2.202702633887968986e+01
0.000000000000000000e+00 0.000000000000000000e+00 0.000000000000000000e+00 0.000000000000000000e+00 0.000000000000000000e+00 0.000000000000000000e+00 7.342800035677692227e-12 0.000000000000000000e+00 -7.147919839317024016e-01 5.218583451315923050e+00 0.000000000000000000e+00 1.036367247389272173e+01 3.000000000000000000e+01 9.193013587141406262e+00 -9.675668456740959655e+00 0.000000000000000000e+00 0.000000000000000000e+00 -7.683302004077382286e+00 3.901246005804527517e+00 9.587525162189196593e+00 0.000000000000000000e+00 -1.930738421054596188e+01 -4.111427365169222803e+00 2.785458509292753249e+01 -3.000000000000000000e+01
0.000000000000000000e+00 0.000000000000000000e+00 0.000000000000000000e+00 0.000000000000000000e+00 0.000000000000000000e+00 0.000000000000000000e+00 0.000000000000000000e+00 0.000000000000000000e+00 -1.478596793746119786e+01 -2.816530142495168931e+01 0.000000000000000000e+00 -1.909811169347842608e+01 2.272175054666280403e+01 2.903410361430256259e+01 -1.793122339856462233e+01 0.000000000000000000e+00 0.000000000000000000e+00 -1.855417424480831912e+01 2.141777726585594976e+01 7.477619661291382336e+00 0.000000000000000000e+00 -2.443917709551509176e+01 -2.166294755843408382e+01 1.755782706355295986e+01 3.000000000000000000e+01
0.000000000000000000e+00 -3.157848376136277224e+00 -4.606493372798575736e-01 0.000000000000000000e+00 -6.271500721473121764e+00 0.000000000000000000e+00 -8.077096661040313388e-03 0.000000000000000000e+00 -2.160257246070701598e+01 3.000000000000000000e+01 0.000000000000000000e+00 -3.000000000000000000e+01 3.000000000000000000e+01 1.139486712745679853e+01 2.595408366498326558e+01 0.000000000000000000e+00 0.000000000000000000e+00 -3.000000000000000000e+01 -4.599068428506701167e+00 7.752344547248518403e+00 0.000000000000000000e+00 2.425368775340925254e+01 2.259386136300072323e+01 1.859795854492950928e+00 3.000000000000000000e+01
0.000000000000000000e+00 -5.595774385970442744e+00 -8.917039888056473629e+00 0.000000000000000000e+00 -1.145201609609907578e+01 0.000000000000000000e+00 -5.778582823554247128e+00 -2.505036607555162220e+00 3.000000000000000000e+01 2.176287405972439970e+01 0.000000000000000000e+00 3.000000000000000000e+01 3.000000000000000000e+01 -7.480068001136396028e+00 2.290435105856363762e+01 0.000000000000000000e+00 0.000000000000000000e+00 3.000000000000000000e+01 -1.992672594316548640e+01 -3.742522683908852787e+00 0.000000000000000000e+00 1.365528447662129707e+01 2.772951333050080791e+00 -1.287685938557464915e+01 1.748447535468967473e+01
0.000000000000000000e+00 -1.255716678769476147e+01 -1.853704590688244025e+01 -3.844067092721719509e-02 -1.509351598434253461e+01 0.000000000000000000e+00 -9.039915586487214938e+00 -5.649807769175036576e+00 3.000000000000000000e+01 5.334820893249025531e+00 0.000000000000000000e+00 1.480165310088176511e+01 1.476960513920272611e+01 -2.136801517135122097e+01 6.485413519426709961e+00 0.000000000000000000e+00 2.931968516836305041e-11 1.739578480212101042e+01 -3.000000000000000000e+01 -1.695177641123585488e+01 0.000000000000000000e+00 -2.037729364953402733e+00 -2.271855894203955017e+01 2.006725781083388327e+01 -4.698733673615043571e+00
0.000000000000000000e+00 -2.755798474207983162e+01 -1.778613935694983894e+01 -1.344375232608462234e+01 -1.842692017280462125e+01 0.000000000000000000e+00 -1.705531014518026112e+01 -1.438238466416003192e+01 2.289067149983273808e+01 -1.564991360387133490e+01 0.000000000000000000e+00 1.073102843191723998e+01 4.296328781429900046e-01 3.000000000000000000e+01 3.066727985652793753e-02 0.000000000000000000e+00 5.798641676905290923e-11 7.610800595235937216e+00 3.000000000000000000e+01 -3.000000000000000000e+01 0.000000000000000000e+00 -1.679507211580800430e+01 1.902749109475083600e+01 -2.319917436681337364e+01 -2.062612247996025161e+01
0.000000000000000000e+00 -3.000000000000000000e+01 -3.000000000000000000e+01 -2.699748017680876444e+01 -1.869882996164535172e+01 0.000000000000000000e+00 -2.013587745722679401e+01 -2.231959214330559860e+01 1.327846587751039031e+01 3.000000000000000000e+01 0.000000000000000000e+00 -1.126475697660140796e+01 -7.374567268389384811e-01 2.877523164931796629e+01 -1.551849796990812713e+01 0.000000000000000000e+00 0.000000000000000000e+00 0.000000000000000000e+00 -3.000000000000000000e+01 -3.000000000000000000e+01 0.000000000000000000e+00 -2.444012194965768003e+01 -2.174829212116824451e+01 -3.000000000000000000e+01 -2.439021431811059770e+01
0.000000000000000000e+00 -3.000000000000000000e+01 -3.000000000000000000e+01 -3.000000000000000000e+01 -2.726963711340695085e+01 0.000000000000000000e+00 -3.000000000000000000e+01 -3.000000000000000000e+01 9.861367460821782172e-02 2.098671701041752513e+01 0.000000000000000000e+00 -1.906852185411238665e+01 -1.581776161839900219e+01 6.912429927125502971e+00 -5.212865163024874349e+00 0.000000000000000000e+00 -8.481108296879927622e+00 0.000000000000000000e+00 3.000000000000000000e+01 3.000000000000000000e+01 0.000000000000000000e+00 -3.000000000000000000e+01 -3.000000000000000000e+01 -3.000000000000000000e+01 -2.663673226825745743e+01
0.000000000000000000e+00 0.000000000000000000e+00 3.000000000000000000e+01 3.000000000000000000e+01 3.000000000000000000e+01 0.000000000000000000e+00 3.000000000000000000e+01 3.000000000000000000e+01 -1.397788636227858053e-02 3.255486474239036365e+00 0.000000000000000000e+00 -2.994715334691118613e+01 2.999130791654729578e+01 2.208493548269250487e-03 2.387675944089964375e+01 0.000000000000000000e+00 -1.422842861191071329e+01 0.000000000000000000e+00 3.000000000000000000e+01 2.403170945428285066e+01 0.000000000000000000e+00 3.000000000000000000e+01 3.000000000000000000e+01 3.000000000000000000e+01 3.000000000000000000e+01
0.000000000000000000e+00 3.000000000000000000e+01 3.000000000000000000e+01 2.943449593245340878e+01 2.416389567982808373e+01 0.000000000000000000e+00 3.000000000000000000e+01 2.971840808802647516e+01 -1.361673263786256349e+01 1.226455708882624229e+01 0.000000000000000000e+00 3.000000000000000000e+01 1.175615835778861751e+01 -7.212601585060629539e+00 -4.734206335362291185e+00 0.000000000000000000e+00 -1.562606417000316128e+01 0.000000000000000000e+00 1.281057310452554354e+01 1.409507003165198036e+01 0.000000000000000000e+00 2.765412835889726750e+01 2.711282210637957846e+01 3.000000000000000000e+01 2.231627944826451682e+01
0.000000000000000000e+00 3.000000000000000000e+01 2.615193255895344393e+01 1.964467468187915244e+01 2.232309369816651667e+01 0.000000000000000000e+00 2.774200227033903943e+01 2.099201096613926154e+01 3.000000000000000000e+01 -1.184938486698169591e+01 0.000000000000000000e+00 1.704013609796947293e+01 -5.352992502779642336e+00 3.000000000000000000e+01 -3.000000000000000000e+01 0.000000000000000000e+00 -2.569891341364416348e+01 0.000000000000000000e+00 -5.989057154494176416e+00 3.000000000000000000e+01 0.000000000000000000e+00 1.835134068177104538e+01 1.512923196880893251e+01 1.920966717435755911e+01 1.860805811160442147e+01
0.000000000000000000e+00 2.674205523103927717e+01 2.269809198458314725e+01 -9.357876074046398429e-01 3.000000000000000000e+01 0.000000000000000000e+00 2.175503662173264274e+01 1.943567535820275438e+01 -1.955397081965694639e+01 -7.375568553932139615e+00 0.000000000000000000e+00 7.258380726394735305e-01 -2.409061152368330383e+01 2.167066364530677092e+01 -3.788940599630538753e+00 0.000000000000000000e+00 0.000000000000000000e+00 -2.933609741265570392e+00 -2.989305304444825140e+01 3.000000000000000000e+01 0.000000000000000000e+00 0.000000000000000000e+00 1.083470014284006133e+01 7.101350377932788227e+00 1.035979011858821863e+01
0.000000000000000000e+00 1.683377713031216061e+01 1.563969538122881708e+01 3.000000000000000000e+01 1.836828621405475204e+01 0.000000000000000000e+00 1.514039036237296720e+01 2.602182748125736467e+00 -2.822157725601472933e+01 2.679745679896301169e+01 0.000000000000000000e+00 -1.625148083011506372e+01 -3.000000000000000000e+01 0.000000000000000000e+00 3.000000000000000000e+01 0.000000000000000000e+00 0.000000000000000000e+00 -5.271390900689587156e+00 -3.000000000000000000e+01 -3.000000000000000000e+01 0.000000000000000000e+00 0.000000000000000000e+00 0.000000000000000000e+00 0.000000000000000000e+00 1.537481171658564127e+00
0.000000000000000000e+00 0.000000000000000000e+00 0.000000000000000000e+00 0.000000000000000000e+00 0.000000000000000000e+00 0.000000000000000000e+00 0.000000000000000000e+00 0.000000000000000000e+00 0.000000000000000000e+00 0.000000000000000000e+00 0.000000000000000000e+00 0.000000000000000000e+00 0.000000000000000000e+00 0.000000000000000000e+00 0.000000000000000000e+00 0.000000000000000000e+00 0.000000000000000000e+00 0.000000000000000000e+00 0.000000000000000000e+00 0.000000000000000000e+00 0.000000000000000000e+00 0.000000000000000000e+00 0.000000000000000000e+00 0.000000000000000000e+00 0.000000000000000000e+00
0.000000000000000000e+00 0.000000000000000000e+00 0.000000000000000000e+00 0.000000000000000000e+00 0.000000000000000000e+00 0.000000000000000000e+00 0.000000000000000000e+00 0.000000000000000000e+00 0.000000000000000000e+00 0.000000000000000000e+00 0.000000000000000000e+00 0.000000000000000000e+00 0.000000000000000000e+00 0.000000000000000000e+00 0.000000000000000000e+00 0.000000000000000000e+00 0.000000000000000000e+00 0.000000000000000000e+00 0.000000000000000000e+00 0.000000000000000000e+00 0.000000000000000000e+00 0.000000000000000000e+00 0.000000000000000000e+00 0.000000000000000000e+00 0.000000000000000000e+00
0.000000000000000000e+00 0.000000000000000000e+00 0.000000000000000000e+00 0.000000000000000000e+00 0.000000000000000000e+00 0.000000000000000000e+00 0.000000000000000000e+00 0.000000000000000000e+00 0.000000000000000000e+00 0.000000000000000000e+00 0.000000000000000000e+00 0.000000000000000000e+00 0.000000000000000000e+00 0.000000000000000000e+00 0.000000000000000000e+00 0.000000000000000000e+00 0.000000000000000000e+00 0.000000000000000000e+00 0.000000000000000000e+00 0.000000000000000000e+00 0.000000000000000000e+00 0.000000000000000000e+00 0.000000000000000000e+00 0.000000000000000000e+00 0.000000000000000000e+00
0.000000000000000000e+00 0.000000000000000000e+00 0.000000000000000000e+00 0.000000000000000000e+00 0.000000000000000000e+00 0.000000000000000000e+00 0.000000000000000000e+00 0.000000000000000000e+00 0.000000000000000000e+00 0.000000000000000000e+00 0.000000000000000000e+00 0.000000000000000000e+00 0.000000000000000000e+00 0.000000000000000000e+00 0.000000000000000000e+00 0.000000000000000000e+00 0.000000000000000000e+00 0.000000000000000000e+00 0.000000000000000000e+00 0.000000000000000000e+00 0.000000000000000000e+00 0.000000000000000000e+00 0.000000000000000000e+00 0.000000000000000000e+00 0.000000000000000000e+00
0.000000000000000000e+00 -4.447673981924989306e+00 1.017576162075178914e+01 -9.603038690016582279e+00 3.000000000000000000e+01 0.000000000000000000e+00 -2.468058054168877646e+01 1.071602359164012874e+01 1.793645001781543513e+01 -1.045108674858683884e+01 0.000000000000000000e+00 2.570134720380137239e+01 3.000000000000000000e+01 3.000000000000000000e+01 -6.745226036640235012e-01 0.000000000000000000e+00 -7.051008194752595770e+00 3.000000000000000000e+01 2.901467650556772071e+01 1.260175236219651218e+01 0.000000000000000000e+00 0.000000000000000000e+00 0.000000000000000000e+00 0.000000000000000000e+00 0.000000000000000000e+00
0.000000000000000000e+00 -1.863451700288544544e+01 -1.587683236729283820e+01 -3.000000000000000000e+01 3.000000000000000000e+01 0.000000000000000000e+00 3.000000000000000000e+01 -1.279755715128858863e-02 1.129119283448943412e+00 -3.000000000000000000e+01 0.000000000000000000e+00 1.299290635437539265e+01 1.978384472797301186e+01 1.759447263296032915e+01 -2.049357431011210551e+01 0.000000000000000000e+00 -2.502078842738858455e+01 3.000000000000000000e+01 1.755743002541930053e+01 4.285355334215432688e-01 0.000000000000000000e+00 0.000000000000000000e+00 0.000000000000000000e+00 0.000000000000000000e+00 0.000000000000000000e+00
0.000000000000000000e+00 -2.475599668483152982e+01 -3.000000000000000000e+01 -3.000000000000000000e+01 3.000000000000000000e+01 0.000000000000000000e+00 2.450072612528771998e+01 -1.538598916511948822e+01 -2.321563015442843536e+01 2.511330449083024519e+01 0.000000000000000000e+00 7.757198981750768052e-01 5.179985705754193148e+00 4.816351840668500195e+00 3.000000000000000000e+01 0.000000000000000000e+00 3.000000000000000000e+01 2.374864560483774412e+01 1.484429407501312070e+01 0.000000000000000000e+00 0.000000000000000000e+00 0.000000000000000000e+00 0.000000000000000000e+00 0.000000000000000000e+00 0.000000000000000000e+00
0.000000000000000000e+00 2.631617811286622555e+01 2.540378282477528415e+01 3.000000000000000000e+01 2.318351429699467303e+01 0.000000000000000000e+00 2.110062064190343634e+01 -3.035273521257878304e+00 2.547628197812682771e+01 1.338748940632242679e+01 0.000000000000000000e+00 -3.061920074662358027e-12 2.544622402200311839e+01 -9.339174610916742836e+00 1.229798106473802655e+01 0.000000000000000000e+00 2.447925997819147526e+01 1.040700088861883366e+01 1.401483782955365298e-01 -6.324697787507043145e+00 0.000000000000000000e+00 0.000000000000000000e+00 0.000000000000000000e+00 0.000000000000000000e+00 0.000000000000000000e+00
0.000000000000000000e+00 3.000000000000000000e+01 2.973919195307181340e+01 3.000000000000000000e+01 2.070701855206243280e+01 -5.386744440354600261e-02 -1.925299347896949786e+00 2.725417525991158740e+01 -1.125180091728032039e+01 -1.410862358753012913e+01 0.000000000000000000e+00 -1.050365474991737796e-12 -3.257226105942588212e+00 2.212226421477437555e+01 -5.367940276585180470e+00 -8.123483069887955210e+00 1.561007752494850465e+01 1.054270742850299847e+01 0.000000000000000000e+00 -1.173364765309993984e+01 0.000000000000000000e+00 0.000000000000000000e+00 0.000000000000000000e+00 0.000000000000000000e+00 0.000000000000000000e+00
-1.327716428940018289e+00 2.562807977591270969e+01 1.514326855294087615e+01 2.061236042182370554e+01 1.921974067588033463e+01 -3.104638086067240899e+00 -1.929904720785239647e+01 1.918304537901423856e+01 5.511122718286037170e+00 1.385962732802747155e+01 1.432779614535468531e-10 -2.283786624891214867e+00 -2.144375225993626444e+01 4.593864963783787836e+00 -1.477159584194350295e+01 -1.413427034990422193e+01 2.666736278622880096e+00 1.079698432949412146e+00 -9.808279721564470144e-01 -1.661519707528147904e+01 0.000000000000000000e+00 0.000000000000000000e+00 0.000000000000000000e+00 0.000000000000000000e+00 0.000000000000000000e+00
-1.121827000430431198e+01 -7.858795930846491196e+00 8.816569430012840769e+00 4.365111391170252375e+00 9.592674653424374753e+00 -7.934931671085178273e+00 2.050212130836395019e+01 1.388280753678390944e+01 -1.868620706776669493e+01 -1.374309890379776888e+01 -1.965602732970622046e+00 -7.953568503282986590e+00 2.316320986002262217e+01 -1.048485549087587643e+01 -1.825838371324519471e+01 -1.627458819678735225e+01 0.000000000000000000e+00 -5.711547992170976862e+00 -5.933402125274876759e+00 -2.319374251523607100e+01 0.000000000000000000e+00 0.000000000000000000e+00 0.000000000000000000e+00 0.000000000000000000e+00 0.000000000000000000e+00
-1.576162093801420561e+01 -2.435633519764728305e+01 -5.045797312732635653e+00 -1.708424328455025076e+01 -9.058709617740886344e+00 -2.344986086161817340e+01 -6.655017637816055043e+00 -7.607863127124000258e+00 2.081824703702888613e+01 -1.815530595980693462e+01 -1.042188829111903203e+01 -2.151883476420229258e+01 8.365619979527403771e+00 -1.920436762192436575e+01 -2.534642498311113812e+01 -2.486220139974062349e+01 0.000000000000000000e+00 -2.206582465729533737e+01 -1.223782876835065458e+01 -3.000000000000000000e+01 0.000000000000000000e+00 0.000000000000000000e+00 0.000000000000000000e+00 0.000000000000000000e+00 0.000000000000000000e+00
-2.174730978795179936e+01 -1.874174502626474847e+01 2.317512564585157975e+01 2.695848022850650949e+01 -1.813316927091522146e+01 -3.000000000000000000e+01 -3.000000000000000000e+01 -1.751169362491045334e+01 5.320734599661408382e+00 -3.000000000000000000e+01 -3.000000000000000000e+01 -2.667154989933068165e+01 -2.035083483746892519e+00 3.000000000000000000e+01 -3.000000000000000000e+01 -3.000000000000000000e+01 0.000000000000000000e+00 3.000000000000000000e+01 -1.822971506709242462e+01 -3.000000000000000000e+01 0.000000000000000000e+00 0.000000000000000000e+00 0.000000000000000000e+00 0.000000000000000000e+00 0.000000000000000000e+00
3.000000000000000000e+01 3.000000000000000000e+01 8.224018686046584037e+00 -1.792943001791348934e+01 2.750781161225516058e+01 3.000000000000000000e+01 2.703783162867819456e+01 3.000000000000000000e+01 0.000000000000000000e+00 3.000000000000000000e+01 3.000000000000000000e+01 3.000000000000000000e+01 -1.527011758528148455e+01 2.153483620311543234e+01 3.000000000000000000e+01 3.000000000000000000e+01 0.000000000000000000e+00 2.102508611345435341e+01 -2.853141037026684046e+01 3.000000000000000000e+01 0.000000000000000000e+00 0.000000000000000000e+00 0.000000000000000000e+00 0.000000000000000000e+00 0.000000000000000000e+00
2.014918894067261945e+01 3.000000000000000000e+01 -3.986940248847580803e-01 -2.084652374833432731e+01 1.348931693269741672e+01 2.768267170811417088e+01 -1.735441079637222828e+01 2.226234083855300483e+01 -1.153703176251977780e+01 2.761231019157204969e+01 2.246403346802750889e+01 2.360813419462858320e+01 2.489037858855765961e+01 8.867633274304516533e+00 3.000000000000000000e+01 3.000000000000000000e+01 -5.267336103410357184e-01 6.921907268127035273e+00 3.000000000000000000e+01 3.000000000000000000e+01 0.000000000000000000e+00 0.000000000000000000e+00 0.000000000000000000e+00 0.000000000000000000e+00 0.000000000000000000e+00
2.308950916101725426e+01 2.316073828773730980e+01 -2.010786744039128493e+01 -2.959971769190681101e+01 5.324503969023834937e-01 2.197886841548112002e+01 2.090988412247714034e+00 1.986876282445336628e+01 -3.000000000000000000e+01 1.820790721123938027e+01 1.166766210403971904e+01 1.409234949836905315e+01 6.383655164174089514e+00 -6.395251190288471221e-01 1.708182540998760501e+01 2.150097752202881907e+01 -1.085203709421513096e+01 1.248652473827562420e-01 2.880389331433949351e+01 2.196133912917132491e+01 0.000000000000000000e+00 0.000000000000000000e+00 0.000000000000000000e+00 0.000000000000000000e+00 0.000000000000000000e+00
1.077300604913377136e+01 8.944160788797498540e+00 1.641438666881982300e+01 3.000000000000000000e+01 0.000000000000000000e+00 3.000000000000000000e+01 3.000000000000000000e+01 4.110675052684083397e+00 3.000000000000000000e+01 1.598296174506135969e+01 -9.411183945626637737e-01 1.024088235171250894e+01 -2.024314548231414754e-02 -1.462523512494328770e+01 1.772934676868873893e+01 1.664967822581716206e+01 -1.794719264220445609e+01 0.000000000000000000e+00 1.910339856557709837e+01 1.838508500269241352e+01 0.000000000000000000e+00 0.000000000000000000e+00 0.000000000000000000e+00 0.000000000000000000e+00 0.000000000000000000e+00
-1.351866840103367551e+01 -7.826791685849896929e+00 -1.093443981979096868e+01 2.753572476763343246e+01 0.000000000000000000e+00 1.874012041831322861e+01 1.753624155230710002e+01 -1.648565817297154723e+01 3.000000000000000000e+01 1.500434098735023980e+01 -1.160317737904720659e+01 1.427384155334634197e-01 -1.549935425851383641e+01 3.000000000000000000e+01 9.551905488729515170e+00 1.255033101678159468e+01 -2.595498520276644427e+01 -1.551391124875503222e-02 1.674670922596396849e+01 8.317235357322148914e+00 0.000000000000000000e+00 0.000000000000000000e+00 0.000000000000000000e+00 0.000000000000000000e+00 0.000000000000000000e+00
-2.970272284197132251e+01 1.911678152426819821e+01 -3.000000000000000000e+01 1.874773358719193084e+01 0.000000000000000000e+00 1.668401304384985906e+00 2.095016078012521632e+01 -2.416718066237062246e+01 3.000000000000000000e+01 3.850039886088046703e+00 -2.413902438842859866e+01 -4.904759295055084202e-13 -3.000000000000000000e+01 2.030381506472943443e+01 8.886078194430925559e-02 7.072059615137074928e+00 3.000000000000000000e+01 -8.254952884239774136e+00 6.997941735451599143e+00 1.441966086674299152e+00 0.000000000000000000e+00 0.000000000000000000e+00 0.000000000000000000e+00 0.000000000000000000e+00 0.000000000000000000e+00
-2.444740162362932878e+01 1.963800891533408421e+00 2.952221389418246744e+01 1.468720763775760396e+01 0.000000000000000000e+00 -9.090542795469726656e+00 -1.874213237298632961e+01 3.000000000000000000e+01 2.078110278593352334e+01 0.000000000000000000e+00 2.644411069110601176e+01 -1.754348592233236692e+00 3.000000000000000000e+01 4.158955145912291762e+00 0.000000000000000000e+00 1.112412870535641751e+00 2.876134689414477918e+01 -1.961875338884478381e+01 1.619219210329828629e-01 0.000000000000000000e+00 0.000000000000000000e+00 0.000000000000000000e+00 0.000000000000000000e+00 0.000000000000000000e+00 0.000000000000000000e+00
2.765171077011548917e+01 5.581560696274960875e+00 1.900728618842693507e+01 1.204291082658846079e+01 0.000000000000000000e+00 -2.498751612560541346e+01 3.000000000000000000e+01 2.607467485230801785e+01 9.708106380049301265e+00 0.000000000000000000e+00 1.819180767778008345e+01 -1.463730906780788921e+01 -1.349520907653715085e+01 2.347150677546808950e+01 0.000000000000000000e+00 -8.166083049072940577e-18 1.992476804057669781e+01 2.493091301574043328e+01 -5.429813971317967378e-04 0.000000000000000000e+00 0.000000000000000000e+00 0.000000000000000000e+00 -1.091368779599522926e-13 0.000000000000000000e+00 0.000000000000000000e+00
2.353084258196918199e+01 -1.653358319875185956e+01 5.685662029713834720e+00 6.785038016804365135e+00 0.000000000000000000e+00 2.168816717744609690e+01 1.096622980500960942e+01 2.945051747530627928e+00 4.487586356832235640e-04 0.000000000000000000e+00 8.453477695373750933e+00 -2.192136481975036233e+01 2.657319767802908217e+01 -9.945439815531107897e+00 0.000000000000000000e+00 -4.645553090773159588e-01 9.675126478545770681e+00 1.328495674517177250e+01 -4.111087991076939119e+00 0.000000000000000000e+00 0.000000000000000000e+00 0.000000000000000000e+00 2.337750923487669004e-14 0.000000000000000000e+00 0.000000000000000000e+00
1.230658022134235274e+01 2.661189469397189455e+01 -2.248933791304597207e+01 5.717744461713825110e-01 0.000000000000000000e+00 2.461684918436561631e+01 -1.720764154209610908e+01 2.321694305727795538e+01 -4.478646205339672665e-15 0.000000000000000000e+00 7.750985369486730114e+00 3.000000000000000000e+01 8.739861880278105843e+00 2.462216118105174090e+01 0.000000000000000000e+00 -1.289739658953280355e+01 5.570042490802356097e-03 -2.482675964081105580e+00 -1.869531179329714377e+01 0.000000000000000000e+00 0.000000000000000000e+00 0.000000000000000000e+00 -9.313419080765171363e-15 0.000000000000000000e+00 0.000000000000000000e+00
-7.779829987909549160e+00 1.931314106507643302e+01 -2.067513761215363033e+01 -3.781633809481746176e-16 0.000000000000000000e+00 1.059583094170479889e+01 7.701695985502248654e+00 4.190996194951138953e+00 9.924092558142748839e-18 0.000000000000000000e+00 -1.103487164585066127e+00 1.588781701517829603e+01 -1.431871517743657662e+01 8.063333035118592784e-01 0.000000000000000000e+00 -1.919891431575184981e+01 -9.418472309516811691e+00 -2.117888023271158815e+01 -2.526314112010820878e+01 0.000000000000000000e+00 0.000000000000000000e+00 0.000000000000000000e+00 8.464357314543177810e-18 0.000000000000000000e+00 0.000000000000000000e+00
-1.937603699617984887e+01 1.289281820951343249e+00 2.541641963618868161e+01 -5.908062184759582257e-14 0.000000000000000000e+00 1.740280326534254485e+01 7.386334891364886523e+00 -1.485886125105894351e+01 0.000000000000000000e+00 0.000000000000000000e+00 -1.974922885237047510e+01 5.169248737975343788e-01 -2.135916331346677666e+01 -2.130278111482072845e+01 0.000000000000000000e+00 -2.386608873370730066e+01 -2.156528015393308451e+01 -3.000000000000000000e+01 2.738623474683904746e+01 0.000000000000000000e+00 0.000000000000000000e+00 0.000000000000000000e+00 -1.514201992275048807e-13 3.603932049902113943e-12 0.000000000000000000e+00
7.219324777929850612e+00 -2.056654848825159476e+01 5.119739836609034533e+00 -6.254919434192816041e+00 0.000000000000000000e+00 1.972270175350786969e+00 1.817407942085847161e-01 -2.141156123549498957e+01 0.000000000000000000e+00 0.000000000000000000e+00 -2.829228015977542654e+01 -2.620446051476229954e+01 3.000000000000000000e+01 2.482143556439016407e+01 0.000000000000000000e+00 2.415042655799694771e+01 2.266719722843903639e+01 -3.000000000000000000e+01 1.373846225563268497e+01 0.000000000000000000e+00 0.000000000000000000e+00 0.000000000000000000e+00 1.524310188915281978e-11 0.000000000000000000e+00 0.000000000000000000e+00
-1.953020324395570739e+01 1.695394838366129875e+01 -7.098889653855458448e+00 -1.138398752975854755e+01 0.000000000000000000e+00 -4.167243261212507655e+00 -2.222540027824042141e+01 2.583878890378178639e+01 0.000000000000000000e+00 0.000000000000000000e+00 2.973959219686106081e+01 3.000000000000000000e+01 1.826878144656255287e+01 6.623852880198230153e+00 0.000000000000000000e+00 1.754455390440636009e+01 -8.956018139960720603e+00 3.000000000000000000e+01 1.234007674783710456e-01 0.000000000000000000e+00 0.000000000000000000e+00 0.000000000000000000e+00 -6.136193113809485997e-03 0.000000000000000000e+00 0.000000000000000000e+00
2.061399365334981582e+01 -1.516949252131308512e+01 -2.297277395224879015e+01 -1.528503402909333886e+01 0.000000000000000000e+00 -1.658954935063417579e+01 -2.292141111934420294e+01 1.051710647454370395e+01 0.000000000000000000e+00 0.000000000000000000e+00 2.164475845825786848e+01 -5.050849339189785070e+00 1.113479033355817371e+01 -4.790738652322107605e+00 0.000000000000000000e+00 2.161637507435913008e+01 2.275827656451578562e+01 3.000000000000000000e+01 -1.517578891632811455e+01 0.000000000000000000e+00 -3.673107836438761709e+00 0.000000000000000000e+00 -4.779488238474698392e+00 -2.163917646525173488e+00 0.000000000000000000e+00
-6.491105693818222555e+00 -3.000000000000000000e+01 -3.000000000000000000e+01 -1.938018165529734560e+01 0.000000000000000000e+00 -1.599230897088544090e+01 3.000000000000000000e+01 -8.182369603284739057e+00 0.000000000000000000e+00 0.000000000000000000e+00 9.172803503186086616e+00 -2.329316936138425120e+01 2.540215526533283301e-03 -1.718835096842192911e+01 0.000000000000000000e+00 2.467214300403907146e+01 1.397918387011773866e+01 2.028027437298399249e+01 -2.563854610924695976e+01 0.000000000000000000e+00 -1.265284029957475553e+01 -1.006788280285020143e+01 -1.069411239359468091e+01 -1.084364785803891174e+01 0.000000000000000000e+00
-2.701021272766117320e+01 -3.000000000000000000e+01 -3.000000000000000000e+01 -2.742491996489496842e+01 0.000000000000000000e+00 3.000000000000000000e+01 1.895162615590795596e+01 -2.027295684755542382e+01 0.000000000000000000e+00 0.000000000000000000e+00 -1.098357025957085753e+01 3.000000000000000000e+01 -6.604512096020848101e-10 -2.944760744766045590e+01 0.000000000000000000e+00 6.499937652974383973e+00 -1.011088571403107750e+01 1.363344365561172999e+00 -3.000000000000000000e+01 0.000000000000000000e+00 -1.688257609865761921e+01 -2.257154773952630578e+01 -1.990013850686826302e+01 -2.068836841728410292e+01 0.000000000000000000e+00
-3.000000000000000000e+01 -3.000000000000000000e+01 -3.000000000000000000e+01 -3.000000000000000000e+01 0.000000000000000000e+00 -3.000000000000000000e+01 -2.282681142561165544e+01 -3.000000000000000000e+01 0.000000000000000000e+00 0.000000000000000000e+00 5.540804295502214316e+00 2.223607265650600695e+01 -7.581480853695358108e-13 2.329857964839713347e+01 0.000000000000000000e+00 -7.434871316996274793e+00 -3.000000000000000000e+01 -9.534768895499604824e+00 3.000000000000000000e+01 0.000000000000000000e+00 -2.247537562415108781e+01 -3.000000000000000000e+01 -3.000000000000000000e+01 -3.000000000000000000e+01 0.000000000000000000e+00
3.000000000000000000e+01 3.000000000000000000e+01 3.000000000000000000e+01 3.000000000000000000e+01 0.000000000000000000e+00 3.000000000000000000e+01 3.000000000000000000e+01 3.000000000000000000e+01 0.000000000000000000e+00 0.000000000000000000e+00 -9.686611857062132458e+00 1.850546275526271600e+01 -8.181750731759248290e-10 4.236211180982541791e+00 0.000000000000000000e+00 -2.531300700398102421e+01 3.000000000000000000e+01 2.257779663698655526e+01 2.087469366117395353e+01 0.000000000000000000e+00 3.000000000000000000e+01 3.000000000000000000e+01 3.000000000000000000e+01 3.000000000000000000e+01 0.000000000000000000e+00
2.500328467152037959e+01 3.000000000000000000e+01 3.000000000000000000e+01 3.000000000000000000e+01 0.000000000000000000e+00 3.000000000000000000e+01 3.000000000000000000e+01 2.607757144271107563e+01 0.000000000000000000e+00 0.000000000000000000e+00 7.967290385669516528e-01 1.553556638570545045e+00 -3.034639867941369973e-01 -6.183899052097411271e-07 0.000000000000000000e+00 -3.000000000000000000e+01 2.930701822795826317e+01 3.120080644468687936e+00 1.368979944631174561e+01 0.000000000000000000e+00 2.276969699288607174e+01 2.737899164559526355e+01 2.644754132439129179e+01 3.000000000000000000e+01 0.000000000000000000e+00
1.817841955128359643e+01 2.741117859741429541e+01 2.359368563268719754e+01 2.297045132802568546e+01 0.000000000000000000e+00 2.128343213093403818e+01 2.430247597817615812e+01 1.622496060300744603e+01 0.000000000000000000e+00 0.000000000000000000e+00 -2.098315321837754865e+01 -1.654140970156094426e+01 -6.644372574863353975e+00 -7.705427177704294195e+00 0.000000000000000000e+00 3.000000000000000000e+01 1.806379904094615796e+01 -9.950549545037864263e+00 8.666467714267398481e-01 0.000000000000000000e+00 2.309657058383093542e+01 2.776682302813164682e+01 1.662627478831431560e+01 2.058131587630839476e+01 0.000000000000000000e+00
1.581429639115189367e+01 1.955856442351734970e+01 1.703769670583312745e+01 1.525810104015324420e+01 0.000000000000000000e+00 3.000000000000000000e+01 -5.159561500854685789e+00 1.200525015200019308e+00 0.000000000000000000e+00 0.000000000000000000e+00 3.000000000000000000e+01 2.559477891813537198e+01 -1.960271852473079690e+01 -6.107310624780471819e+00 0.000000000000000000e+00 -1.541504625616878954e+00 -4.523141072744504498e+00 2.292835454200099576e+01 -9.508861529344657670e-01 0.000000000000000000e+00 1.701278895793512547e+01 8.710016407070996891e+00 2.529619741804266297e+01 1.041324623341299116e+01 0.000000000000000000e+00
1.198880115341678732e+01 1.305421540699898841e+01 3.551641390941022713e+00 1.419894321564868278e+01 0.000000000000000000e+00 1.323756304632721381e+01 2.558440289328589401e+01 -1.478922608175089375e-11 0.000000000000000000e+00 0.000000000000000000e+00 1.671037496488179031e+01 7.431928311199241577e+00 -2.224598389052695779e+01 -1.080124080989022239e+01 0.000000000000000000e+00 -2.592337448693511348e+01 -2.874379138224489338e+01 3.796013431849759812e+00 -1.126430893616714535e+01 0.000000000000000000e+00 -1.833554576519805224e+01 -1.582525121441513960e+01 2.214928110579429799e+01 -2.486454009882776095e+00 0.000000000000000000e+00
6.961585769747719254e+00 5.891575690952520539e+00 2.914949360281440111e-03 2.003908325132522261e+00 0.000000000000000000e+00 1.702059679601997999e+01 1.624388327132247412e+01 0.000000000000000000e+00 0.000000000000000000e+00 0.000000000000000000e+00 4.543545330497136270e+00 -2.026949782829022606e+00 -3.000000000000000000e+01 -1.733726025013416105e+01 0.000000000000000000e+00 3.000000000000000000e+01 -5.353714273576515303e-01 -5.128538378591166634e-10 -1.965012695827281064e+01 0.000000000000000000e+00 2.493541473327591262e+01 2.488817197588816299e+01 5.541173499834083138e+00 -1.576551096527761509e+01 0.000000000000000000e+00
0.000000000000000000e+00 0.000000000000000000e+00 0.000000000000000000e+00 0.000000000000000000e+00 0.000000000000000000e+00 8.705922562953103405e-01 -7.712693219789963806e+00 0.000000000000000000e+00 -1.542657146940644175e+01 0.000000000000000000e+00 1.187777206478999226e+01 -1.666627575674315764e+01 -3.000000000000000000e+01 -2.462052408197169839e+01 0.000000000000000000e+00 3.000000000000000000e+01 -1.383627579577508904e+01 -4.225969792203533082e+00 -3.000000000000000000e+01 0.000000000000000000e+00 1.264441175350660984e+01 -2.846432153812073373e+00 -1.053805514409881816e+01 -2.334800927563404471e+01 0.000000000000000000e+00
0.000000000000000000e+00 0.000000000000000000e+00 0.000000000000000000e+00 0.000000000000000000e+00 0.000000000000000000e+00 -1.981070163736797696e+01 -2.390756576598487015e+01 0.000000000000000000e+00 -2.315325054512516800e+01 0.000000000000000000e+00 -1.569071619740010526e+00 2.332865608270423152e+01 -3.000000000000000000e+01 -3.000000000000000000e+01 0.000000000000000000e+00 3.000000000000000000e+01 -1.927087011788026416e+01 -1.608047915709652642e+01 2.252798215395012349e+01 0.000000000000000000e+00 3.789205755323564435e-05 -2.068595581811930018e+01 -2.580568543831930839e+01 2.756651060650954221e+01 0.000000000000000000e+00
0.000000000000000000e+00 0.000000000000000000e+00 0.000000000000000000e+00 0.000000000000000000e+00 0.000000000000000000e+00 2.386337409684928090e+01 1.866964277166260544e+01 0.000000000000000000e+00 -1.742532529071172220e+01 0.000000000000000000e+00 -2.110083103528395654e+01 1.256904419886387991e+01 3.000000000000000000e+01 3.000000000000000000e+01 0.000000000000000000e+00 2.293694733643295436e+01 -3.000000000000000000e+01 -3.000000000000000000e+01 2.005969483867065506e+01 0.000000000000000000e+00 -5.355346696907913540e+00 3.000000000000000000e+01 3.000000000000000000e+01 2.026354095031076241e+01 0.000000000000000000e+00
0.000000000000000000e+00 0.000000000000000000e+00 0.000000000000000000e+00 0.000000000000000000e+00 0.000000000000000000e+00 3.292922834779233199e+00 7.100297218689799905e+00 0.000000000000000000e+00 -2.313838863688855341e+01 0.000000000000000000e+00 3.000000000000000000e+01 4.874816026904676004e-12 1.555037703550435424e+01 3.000000000000000000e+01 0.000000000000000000e+00 1.003013813992291325e+01 3.000000000000000000e+01 3.000000000000000000e+01 -3.139729305554189498e+00 0.000000000000000000e+00 -2.417538248103486254e+01 2.318399383907597056e+01 3.000000000000000000e+01 7.759585168109257580e+00 0.000000000000000000e+00
0.000000000000000000e+00 0.000000000000000000e+00 0.000000000000000000e+00 0.000000000000000000e+00 0.000000000000000000e+00 -1.568809742319552925e+01 -2.386978161578592506e+01 0.000000000000000000e+00 3.000000000000000000e+01 0.000000000000000000e+00 -2.167606849921413925e+01 -1.137072640429270982e-02 -3.229204740275624541e+00 3.000000000000000000e+01 0.000000000000000000e+00 2.332199069475519027e-01 2.415375518885081974e+01 1.968817107351036455e+01 -1.904362052420166762e+01 0.000000000000000000e+00 -3.000000000000000000e+01 1.610363260348662351e+01 2.430474498669884298e+01 -1.185537618276157446e+01 0.000000000000000000e+00
0.000000000000000000e+00 0.000000000000000000e+00 0.000000000000000000e+00 0.000000000000000000e+00 0.000000000000000000e+00 -2.336306334887794378e+01 -2.487515790703603358e+01 0.000000000000000000e+00 3.000000000000000000e+01 0.000000000000000000e+00 2.916134340733120922e+01 -1.134561348171935080e+01 -1.975107902018278594e+01 2.173420995743664363e+01 0.000000000000000000e+00 -1.461833327045606801e+01 2.819754034407776189e+01 6.621446979177041392e+00 2.657819555903100905e+01 0.000000000000000000e+00 3.000000000000000000e+01 9.101572891109114494e+00 1.067933597141847102e+01 3.000000000000000000e+01 0.000000000000000000e+00
0.000000000000000000e+00 0.000000000000000000e+00 0.000000000000000000e+00 0.000000000000000000e+00 0.000000000000000000e+00 2.638011694798288787e+01 3.000000000000000000e+01 0.000000000000000000e+00 2.586279065780380293e+01 0.000000000000000000e+00 1.544862423653701100e+01 2.026680224590721835e+01 3.000000000000000000e+01 6.843686576119808684e+00 0.000000000000000000e+00 4.516081314334844166e+00 3.000000000000000000e+01 -3.627562093027216772e-01 1.054552699378174729e+01 0.000000000000000000e+00 2.890261156336947579e+01 -2.178255220919247748e+01 8.152774704987419963e-01 2.082520601033866825e+01 -6.332118260325146686e+00
0.000000000000000000e+00 0.000000000000000000e+00 0.000000000000000000e+00 0.000000000000000000e+00 0.000000000000000000e+00 1.373250999480520562e+01 1.834703439213207687e+01 0.000000000000000000e+00 1.375300886758342678e+01 0.000000000000000000e+00 -1.582387560757325451e+00 -1.509466216760707802e+01 2.281849754561765664e+01 1.858008360310305696e+00 0.000000000000000000e+00 -1.365424242695197954e+01 1.709601610188751408e+01 -1.572165254184248617e+01 -1.189709591755752499e-01 -7.803057985946413311e+00 1.370056087840331926e+01 2.147017698443120537e+01 -1.566569881219854032e+01 1.529952486009569590e+01 -1.128931636450059450e+01
0.000000000000000000e+00 0.000000000000000000e+00 0.000000000000000000e+00 0.000000000000000000e+00 0.000000000000000000e+00 1.365480274386601467e+00 5.561455713197013040e+00 0.000000000000000000e+00 6.108355402106240284e+00 0.000000000000000000e+00 -2.468755625190708258e+01 3.000000000000000000e+01 1.573349655752919851e+01 5.979210980653145840e-09 -6.276781381362769530e+00 -3.000000000000000000e+01 3.241489459920652738e+00 1.686269204939015864e+01 -1.721778138568183891e+01 -1.620230964183233979e+01 4.538269832503202039e+00 4.667312102896055137e+00 -1.131718047037455488e+00 1.072447808806504810e+01 -1.472661193322394091e+01
0.000000000000000000e+00 0.000000000000000000e+00 0.000000000000000000e+00 0.000000000000000000e+00 0.000000000000000000e+00 -1.596445945255136500e+01 -4.133758820872526663e+00 0.000000000000000000e+00 -1.713921664107965315e+00 0.000000000000000000e+00 1.179942801349394976e+01 -5.413257135765295880e-01 3.796980469651358714e+00 6.383840734794787727e-11 -1.891919059658915714e+01 -7.571015763579185709e+00 1.342152895571488358e+01 0.000000000000000000e+00 -2.429892421369094890e+01 -2.423483906250161013e+01 -2.581943824320618575e+01 -1.662973685229620457e+01 -2.434212943278992114e+01 -1.613084800400404717e+01 -1.697553818989720043e+01
0.000000000000000000e+00 0.000000000000000000e+00 0.000000000000000000e+00 0.000000000000000000e+00 0.000000000000000000e+00 -2.595796701094677772e+01 -1.331001565483767202e+01 0.000000000000000000e+00 -8.230106105642514436e+00 -9.660876330744368801e+00 -1.872602243299749958e+01 -3.000000000000000000e+01 1.639984161119141065e-07 -8.661318354429804245e+00 -2.859820751662678973e+01 -3.000000000000000000e+01 9.772883144747019912e-01 -1.427757059102379422e+01 2.731411736728907158e+01 -3.000000000000000000e+01 -3.000000000000000000e+01 -1.817189523488103120e+01 -3.000000000000000000e+01 -2.693567470861632884e+01 -2.013136747154687356e+01
0.000000000000000000e+00 0.000000000000000000e+00 0.000000000000000000e+00 0.000000000000000000e+00 0.000000000000000000e+00 -3.000000000000000000e+01 -2.881994948068982865e+01 0.000000000000000000e+00 -1.123722424418184396e+01 -3.000000000000000000e+01 -3.000000000000000000e+01 -3.000000000000000000e+01 1.411603555688738890e-09 -2.600939505587103184e+01 -3.000000000000000000e+01 -3.000000000000000000e+01 -2.083692436958897076e+01 2.938935248847046111e+01 7.946027457598281885e+00 -3.000000000000000000e+01 -2.513155220842725512e+01 3.000000000000000000e+01 -2.484097700152645061e+01 3.000000000000000000e+01 -2.721690872652483506e+01
