# yaw
0.000000000000000000e+00 0.000000000000000000e+00 0.000000000000000000e+00 0.000000000000000000e+00 0.000000000000000000e+00 3.000000000000000000e+01 1.360358914576646554e-09 -2.395998260987173012e+01 3.086318603845663539e-08 3.000000000000000000e+01 3.000000000000000000e+01 3.000000000000000000e+01 2.489444382434487935e+01 -1.263780871724163468e+01 3.000000000000000000e+01 3.000000000000000000e+01 -1.190209798452251055e+00 -3.000000000000000000e+01 3.000000000000000000e+01 3.000000000000000000e+01 3.000000000000000000e+01 -1.086154177047966662e+01 3.000000000000000000e+01 2.308311325028628147e+01 3.000000000000000000e+01
0.000000000000000000e+00 0.000000000000000000e+00 0.000000000000000000e+00 0.000000000000000000e+00 0.000000000000000000e+00 3.000000000000000000e+01 -2.159350644102916994e-01 3.000000000000000000e+01 9.574805021662384143e-10 3.000000000000000000e+01 2.814789452577833728e+01 3.000000000000000000e+01 9.998938956430833969e+00 -2.253074361632540601e+01 2.781968089382223752e+01 3.000000000000000000e+01 -2.319831405825240012e+01 1.014167149741998308e+01 2.378141135744376555e+01 2.165680376747742031e+01 2.515276482351344711e+01 3.000000000000000000e+01 1.857049690416432952e+01 5.891083837623660280e+00 2.275334919464762606e+01
0.000000000000000000e+00 0.000000000000000000e+00 0.000000000000000000e+00 0.000000000000000000e+00 0.000000000000000000e+00 3.000000000000000000e+01 -1.452678994301794901e+01 -3.000000000000000000e+01 0.000000000000000000e+00 3.000000000000000000e+01 1.862638972729673270e+01 2.247434134577889608e+01 -1.470873226383834265e+01 -3.000000000000000000e+01 1.765214196924842938e+01 2.339834876271305220e+01 -1.892526888708622934e+01 -1.836985560712314225e+01 1.034961673461528697e+01 9.201133036386214270e-01 2.031497500840779580e+01 3.000000000000000000e+01 2.341812205079710907e+01 -4.964188485819682306e+00 2.373066145070260546e+01
0.000000000000000000e+00 0.000000000000000000e+00 0.000000000000000000e+00 0.000000000000000000e+00 0.000000000000000000e+00 2.277536415604098607e+01 -1.901129361215468450e+01 3.000000000000000000e+01 6.049063674554873731e-08 2.028951928283696304e+01 3.133399916490696935e+00 1.247637356501365957e+01 -2.595893520246287167e+01 2.664065858554619126e+01 1.352394681225204742e+01 1.312484510387029957e+01 -3.000000000000000000e+01 3.000000000000000000e+01 -9.977252964005501212e+00 -1.185721134008737288e+01 1.811969757692406802e+01 1.779354333642756814e+01 1.900539529335143385e+01 -2.285005628236967468e+01 2.573668919503012376e+01
0.000000000000000000e+00 0.000000000000000000e+00 0.000000000000000000e+00 0.000000000000000000e+00 0.000000000000000000e+00 1.620458809046732185e+01 -3.000000000000000000e+01 3.000000000000000000e+01 5.378567213846915443e-07 1.410961230209110262e+01 0.000000000000000000e+00 1.134127889209539930e+01 2.603476961634835618e+01 1.365274491297213011e+01 5.690006987534156124e+00 3.283289014003973327e-01 -3.000000000000000000e+01 3.000000000000000000e+01 -3.000000000000000000e+01 3.000000000000000000e+01 1.395923193050413325e+01 -3.501917375715939418e+00 -8.677006246603694573e-01 1.332453460229943154e+01 -1.803781116166690845e-01
0.000000000000000000e+00 0.000000000000000000e+00 0.000000000000000000e+00 0.000000000000000000e+00 0.000000000000000000e+00 4.131828048099380091e+00 3.000000000000000000e+01 3.000000000000000000e+01 4.103720733323991712e-07 8.394616527109082682e+00 0.000000000000000000e+00 1.046841109910060297e+01 1.602755846298819264e+01 6.100147138622038057e+00 -1.015162783257795098e+01 0.000000000000000000e+00 3.000000000000000000e+01 3.000000000000000000e+01 2.347286251543396673e+01 2.708872948213482346e+01 8.379062563262197116e+00 -2.058645690864382871e+01 3.000000000000000000e+01 -1.374185046291785994e+01 -2.284911194826804248e+01
0.000000000000000000e+00 0.000000000000000000e+00 0.000000000000000000e+00 0.000000000000000000e+00 0.000000000000000000e+00 2.216097686301969974e-02 2.112310219009397727e+01 -6.818442063453730162e-01 0.000000000000000000e+00 0.000000000000000000e+00 0.000000000000000000e+00 2.888593793521314346e-02 -1.674215184798662293e+01 -4.136069396069046351e-07 -2.292421722494393421e+01 0.000000000000000000e+00 3.000000000000000000e+01 3.000000000000000000e+01 1.932181687953399063e+00 1.422941155071341512e+01 1.357936899725182833e+00 -2.486803309090565151e+01 3.000000000000000000e+01 3.000000000000000000e+01 3.000000000000000000e+01
0.000000000000000000e+00 0.000000000000000000e+00 0.000000000000000000e+00 0.000000000000000000e+00 0.000000000000000000e+00 0.000000000000000000e+00 1.674474614662127081e+01 -2.587554098660893587e+01 7.812587004782120827e-07 0.000000000000000000e+00 0.000000000000000000e+00 9.427981547962836818e-08 2.615521363347197692e+01 -6.662289981246856563e+00 2.718574746472967973e+01 0.000000000000000000e+00 2.742146697742526129e+01 2.118405176723939221e+01 2.816432268692444651e+01 -1.874798155752196394e+01 2.142405090718270388e-09 -3.000000000000000000e+01 1.092137274393191859e+01 -3.000000000000000000e+01 2.609723049947318430e+01
0.000000000000000000e+00 0.000000000000000000e+00 0.000000000000000000e+00 0.000000000000000000e+00 0.000000000000000000e+00 0.000000000000000000e+00 1.074347354683426570e+00 3.000000000000000000e+01 -1.070551361162288551e+00 -1.078059896051974248e-01 0.000000000000000000e+00 2.677837810632719158e-07 -4.147075097333527083e+00 -2.085671970621285709e+01 1.344863626691806680e+01 0.000000000000000000e+00 1.354581658615564699e+01 4.069445220155544440e+00 1.884046019621447954e+01 1.986972470285593317e+01 0.000000000000000000e+00 3.000000000000000000e+01 2.059873691922866623e+00 2.172495362025201260e+01 -4.571969687140073013e+00
0.000000000000000000e+00 0.000000000000000000e+00 0.000000000000000000e+00 0.000000000000000000e+00 0.000000000000000000e+00 0.000000000000000000e+00 -8.210843315553912447e+00 2.379819324758955190e+01 -9.539757171758388665e+00 -1.193295193791780662e+01 0.000000000000000000e+00 9.463896838869172926e-05 -2.812720563806249885e+01 3.000000000000000000e+01 -6.415023966270655187e+00 0.000000000000000000e+00 -1.679646490350738874e+00 -5.366427416469015110e-01 3.000000000000000000e+01 1.694224920942184198e+01 0.000000000000000000e+00 1.844525514744957562e+01 -2.345515315111466137e+01 -1.266437162597580190e+01 2.047552253012166190e+01
0.000000000000000000e+00 -3.792558722368550193e-08 1.699736858905461275e-11 0.000000000000000000e+00 0.000000000000000000e+00 0.000000000000000000e+00 -1.684916436645396232e+01 1.060603378737227409e+01 -1.738279950137327035e+01 -1.836162602686323098e+01 0.000000000000000000e+00 -3.544167976595927894e-09 7.952463962239108008e-01 8.538491221160938949e+00 -2.188670283005565054e+01 0.000000000000000000e+00 -1.241341423215240880e+01 -8.111715328067758080e+00 -1.705899816884325304e+01 -2.441285857610937882e+01 0.000000000000000000e+00 -1.479968102946661013e+01 -2.681723277176774545e+01 3.000000000000000000e+01 7.929834951963960599e+00
0.000000000000000000e+00 -5.571107669067257850e-01 1.028252204253351459e-09 0.000000000000000000e+00 0.000000000000000000e+00 0.000000000000000000e+00 -2.315912637418529485e+01 8.751779506514383022e-02 -3.000000000000000000e+01 -2.350085333198499526e+01 0.000000000000000000e+00 -5.719871447587908992e-07 -2.496510567991566276e+01 -5.141189586644352438e+00 3.000000000000000000e+01 0.000000000000000000e+00 -2.213178955446567997e+01 -1.953390509127065400e+01 -2.254480822080297742e+01 -3.000000000000000000e+01 0.000000000000000000e+00 -3.000000000000000000e+01 -1.049486892120242842e+01 1.607902773513198014e+01 -1.199529290037815699e+01
0.000000000000000000e+00 -1.650030936062056597e+01 -9.190754106647328035e-09 4.170652115920085691e-09 0.000000000000000000e+00 0.000000000000000000e+00 -3.000000000000000000e+01 -4.814579615097853365e-07 -3.000000000000000000e+01 2.739102315255741260e+01 0.000000000000000000e+00 4.449537120530996379e-07 2.301609643662897398e+01 -2.575788925303634258e+01 -1.150114791065619357e+01 0.000000000000000000e+00 2.652426860591280544e+01 -1.795226362972264766e+01 3.000000000000000000e+01 3.000000000000000000e+01 0.000000000000000000e+00 2.961669694177673406e+01 -3.000000000000000000e+01 6.390858394210047422e+00 1.939659880809182368e+01
0.000000000000000000e+00 -2.016446607663917945e+01 2.176471882371388482e-08 -1.472368324123397854e-01 0.000000000000000000e+00 0.000000000000000000e+00 -3.000000000000000000e+01 -8.578088601554966219e-01 -3.000000000000000000e+01 3.000000000000000000e+01 0.000000000000000000e+00 2.245650412371842346e-09 9.209931895343829167e-01 3.000000000000000000e+01 -3.000000000000000000e+01 0.000000000000000000e+00 1.886426118905773563e+01 -2.451391460150285795e+01 2.705975583945549090e+01 3.000000000000000000e+01 0.000000000000000000e+00 8.391954008048026381e+00 3.000000000000000000e+01 -4.509330524775542748e-01 2.098658283416726889e+00
0.000000000000000000e+00 -1.096457432204267590e+01 -5.056598328370362482e-06 -4.413826969682948409e+00 0.000000000000000000e+00 0.000000000000000000e+00 1.814216553213091387e+01 -1.183801515088042855e+01 3.000000000000000000e+01 2.827916260676505189e+01 0.000000000000000000e+00 6.951830360123546210e-07 -1.967588821287658263e+01 3.000000000000000000e+01 -3.000000000000000000e+01 0.000000000000000000e+00 4.559591731839467421e+00 3.000000000000000000e+01 1.387697544777331515e+01 1.822529328861992326e+01 0.000000000000000000e+00 -7.228874421632456304e+00 3.000000000000000000e+01 -7.197202819774402904e+00 -1.746345128488966836e+01
0.000000000000000000e+00 -2.134362408749104034e+01 -2.418922593627809980e-01 -1.403731579943040941e+01 -8.887389851740005398e+00 0.000000000000000000e+00 2.698463935322695129e+00 -1.790797235387844566e+01 1.792742635143268970e+01 9.976474626263705403e+00 0.000000000000000000e+00 1.696464523934047776e-08 2.254442424851557547e+01 3.000000000000000000e+01 2.758112563006667628e+01 0.000000000000000000e+00 -1.169893986708851585e+01 3.000000000000000000e+01 2.798337028369845214e+01 8.394851034010047952e-01 0.000000000000000000e+00 -2.368381523932622912e+01 2.942140827619282462e+01 -1.906288129798079822e+01 -3.000000000000000000e+01
0.000000000000000000e+00 -3.000000000000000000e+01 -1.374858634557573644e+01 -3.000000000000000000e+01 -1.457822628689675426e+01 0.000000000000000000e+00 3.000000000000000000e+01 -3.000000000000000000e+01 7.182036596889683544e+00 3.000000000000000000e+01 0.000000000000000000e+00 6.259502567312452298e-07 1.067051339513670349e+01 -3.000000000000000000e+01 1.535257113228226444e+01 0.000000000000000000e+00 -2.104700369281308525e+01 3.000000000000000000e+01 1.783303455478463917e+01 -1.416707528513970615e+01 0.000000000000000000e+00 -2.623603733489878920e+01 1.374630494637442624e+01 3.000000000000000000e+01 3.000000000000000000e+01
0.000000000000000000e+00 3.000000000000000000e+01 -3.000000000000000000e+01 -3.000000000000000000e+01 -2.191768900228912287e+01 0.000000000000000000e+00 2.066542603034003989e+01 -3.000000000000000000e+01 -6.806636905041047569e+00 -2.498752121648204394e+01 0.000000000000000000e+00 0.000000000000000000e+00 1.091844599390304916e-06 2.186959569849261698e+01 1.783192148520421583e+01 0.000000000000000000e+00 -2.867526621562222999e+01 3.000000000000000000e+01 7.557327344973443495e-01 -2.966787639572236657e+01 0.000000000000000000e+00 2.877653727542955053e+01 -2.316015716618806053e+01 3.000000000000000000e+01 -3.000000000000000000e+01
0.000000000000000000e+00 3.000000000000000000e+01 -3.000000000000000000e+01 3.000000000000000000e+01 -3.000000000000000000e+01 0.000000000000000000e+00 -3.863524097930228329e+00 -3.000000000000000000e+01 -1.554882682321354004e+01 1.657811970025283088e+01 0.000000000000000000e+00 0.000000000000000000e+00 -1.312701197257146873e-02 2.706333988236430699e+01 -2.567213696062394801e-01 0.000000000000000000e+00 3.000000000000000000e+01 3.000000000000000000e+01 -7.534265030763928728e+00 2.175361864807537415e+01 0.000000000000000000e+00 1.119034839329411035e+01 -3.000000000000000000e+01 3.000000000000000000e+01 3.000000000000000000e+01
0.000000000000000000e+00 3.000000000000000000e+01 2.430492353652108761e+01 3.000000000000000000e+01 3.000000000000000000e+01 0.000000000000000000e+00 3.000000000000000000e+01 -3.000000000000000000e+01 3.000000000000000000e+01 -1.408042509599996706e+01 0.000000000000000000e+00 0.000000000000000000e+00 -1.119640537873825004e+01 1.092759403718972244e+01 -1.757582561056439729e+01 0.000000000000000000e+00 2.388643012755984785e+01 1.930537260163792723e+01 -1.463211947098998600e+01 9.384242252523005590e+00 0.000000000000000000e+00 -6.125610714688026093e+00 2.078988916859555047e+01 3.000000000000000000e+01 2.191269226320545727e+01
0.000000000000000000e+00 2.301933763844758474e+01 1.917782147210265364e+01 -3.000000000000000000e+01 3.000000000000000000e+01 0.000000000000000000e+00 1.753989681590605443e+01 2.230450047618915832e+01 2.508106064558964476e+01 -3.000000000000000000e+01 0.000000000000000000e+00 2.676567812554124344e-05 3.000000000000000000e+01 5.586675308014019681e-01 -2.724168490596976611e+01 0.000000000000000000e+00 1.110958575895325673e+01 5.066078604669706387e+00 -1.519596219840396145e+01 -9.703345770616078170e+00 0.000000000000000000e+00 -3.000000000000000000e+01 1.831224894850971951e+00 2.326276850007880270e+01 1.929766319294462562e+01
0.000000000000000000e+00 2.367554222928382401e+01 -2.791986005281901839e+01 3.000000000000000000e+01 2.707770401742170918e+01 0.000000000000000000e+00 1.772711296016083793e+00 1.463091112367464675e+01 1.658576164932697949e+01 -3.000000000000000000e+01 0.000000000000000000e+00 0.000000000000000000e+00 3.000000000000000000e+01 -9.835115978548014226e+00 3.000000000000000000e+01 0.000000000000000000e+00 7.726964255771183510e+00 0.000000000000000000e+00 3.000000000000000000e+01 -3.000000000000000000e+01 0.000000000000000000e+00 3.000000000000000000e+01 1.889042958066144862e-05 1.765781262834918408e+01 1.463813109838121207e+01
0.000000000000000000e+00 1.064364231348087841e+01 3.000000000000000000e+01 2.664866221555489290e+01 1.018394379927093674e+01 0.000000000000000000e+00 -3.502695336062961601e-02 5.072487346844234857e+00 -3.496100003025510272e+00 3.000000000000000000e+01 0.000000000000000000e+00 0.000000000000000000e+00 -2.884460543349652539e+01 -3.000000000000000000e+01 3.000000000000000000e+01 0.000000000000000000e+00 0.000000000000000000e+00 0.000000000000000000e+00 1.995561182075986295e+01 3.000000000000000000e+01 0.000000000000000000e+00 -3.000000000000000000e+01 6.060764668647548861e-06 6.385126680368322649e-01 3.156210553201948876e+00
0.000000000000000000e+00 0.000000000000000000e+00 0.000000000000000000e+00 0.000000000000000000e+00 0.000000000000000000e+00 0.000000000000000000e+00 0.000000000000000000e+00 0.000000000000000000e+00 0.000000000000000000e+00 0.000000000000000000e+00 0.000000000000000000e+00 0.000000000000000000e+00 0.000000000000000000e+00 0.000000000000000000e+00 0.000000000000000000e+00 0.000000000000000000e+00 0.000000000000000000e+00 0.000000000000000000e+00 0.000000000000000000e+00 0.000000000000000000e+00 0.000000000000000000e+00 0.000000000000000000e+00 0.000000000000000000e+00 0.000000000000000000e+00 0.000000000000000000e+00
0.000000000000000000e+00 0.000000000000000000e+00 0.000000000000000000e+00 0.000000000000000000e+00 0.000000000000000000e+00 0.000000000000000000e+00 0.000000000000000000e+00 0.000000000000000000e+00 0.000000000000000000e+00 0.000000000000000000e+00 0.000000000000000000e+00 0.000000000000000000e+00 0.000000000000000000e+00 0.000000000000000000e+00 0.000000000000000000e+00 0.000000000000000000e+00 0.000000000000000000e+00 0.000000000000000000e+00 0.000000000000000000e+00 0.000000000000000000e+00 0.000000000000000000e+00 0.000000000000000000e+00 0.000000000000000000e+00 0.000000000000000000e+00 0.000000000000000000e+00
0.000000000000000000e+00 0.000000000000000000e+00 0.000000000000000000e+00 0.000000000000000000e+00 0.000000000000000000e+00 0.000000000000000000e+00 0.000000000000000000e+00 0.000000000000000000e+00 0.000000000000000000e+00 0.000000000000000000e+00 0.000000000000000000e+00 0.000000000000000000e+00 0.000000000000000000e+00 0.000000000000000000e+00 0.000000000000000000e+00 0.000000000000000000e+00 0.000000000000000000e+00 0.000000000000000000e+00 0.000000000000000000e+00 0.000000000000000000e+00 0.000000000000000000e+00 0.000000000000000000e+00 0.000000000000000000e+00 0.000000000000000000e+00 0.000000000000000000e+00
0.000000000000000000e+00 0.000000000000000000e+00 0.000000000000000000e+00 0.000000000000000000e+00 0.000000000000000000e+00 0.000000000000000000e+00 0.000000000000000000e+00 0.000000000000000000e+00 0.000000000000000000e+00 0.000000000000000000e+00 0.000000000000000000e+00 0.000000000000000000e+00 0.000000000000000000e+00 0.000000000000000000e+00 0.000000000000000000e+00 0.000000000000000000e+00 0.000000000000000000e+00 0.000000000000000000e+00 0.000000000000000000e+00 0.000000000000000000e+00 0.000000000000000000e+00 0.000000000000000000e+00 0.000000000000000000e+00 0.000000000000000000e+00 0.000000000000000000e+00
0.000000000000000000e+00 3.000000000000000000e+01 -3.000000000000000000e+01 -1.955093275256074037e+01 1.863975625467227104e+01 0.000000000000000000e+00 9.301842818093650767e-01 2.588099599855122435e+01 -1.779174166692788717e+01 1.118552970789330203e+01 0.000000000000000000e+00 0.000000000000000000e+00 3.000000000000000000e+01 0.000000000000000000e+00 -2.543209919929042329e+01 0.000000000000000000e+00 0.000000000000000000e+00 -2.467018248259876856e+01 3.000000000000000000e+01 3.000000000000000000e+01 0.000000000000000000e+00 3.370050798650449733e-05 0.000000000000000000e+00 -3.000000000000000000e+01 0.000000000000000000e+00
0.000000000000000000e+00 3.000000000000000000e+01 2.793294309199813696e+01 -1.067014547531232083e+01 -2.036392638870784921e+01 0.000000000000000000e+00 -3.000000000000000000e+01 2.122334592219487348e+01 3.000000000000000000e+01 1.380254324514699782e+01 0.000000000000000000e+00 0.000000000000000000e+00 3.000000000000000000e+01 -1.494156234442705689e+01 2.986049572046393052e+01 0.000000000000000000e+00 0.000000000000000000e+00 3.000000000000000000e+01 2.590917654005667714e+01 3.000000000000000000e+01 0.000000000000000000e+00 3.515953936413858252e-06 0.000000000000000000e+00 3.000000000000000000e+01 0.000000000000000000e+00
0.000000000000000000e+00 3.000000000000000000e+01 1.366292879335390431e+01 -3.000000000000000000e+01 3.000000000000000000e+01 0.000000000000000000e+00 -3.000000000000000000e+01 5.569733601211876106e+00 2.226343047782757267e+01 -1.440337492989631407e+01 0.000000000000000000e+00 5.836774720664112320e-07 1.835768746607203994e+01 2.013491809852647307e+01 2.108343570784704823e+01 0.000000000000000000e+00 0.000000000000000000e+00 3.000000000000000000e+01 1.673575353565181700e+01 1.063861819006975828e+01 0.000000000000000000e+00 4.963144066148083532e-07 0.000000000000000000e+00 3.000000000000000000e+01 0.000000000000000000e+00
-6.236419468094778651e+00 3.000000000000000000e+01 2.923654305451796986e+01 3.000000000000000000e+01 2.869804351209193882e+01 0.000000000000000000e+00 -3.000000000000000000e+01 -8.296511183037356388e-08 -8.807125944915195959e+00 -1.984270742902716478e+01 0.000000000000000000e+00 -7.855694222624464689e-07 -3.922977354582294907e-01 -3.081380125657103175e+00 7.926347888983035439e+00 -1.061937906246916530e+00 -1.941828871492795641e-08 3.000000000000000000e+01 6.025818834739669505e+00 3.830230288327142463e-02 0.000000000000000000e+00 6.118747763280178452e-11 0.000000000000000000e+00 2.920742475370401792e+01 0.000000000000000000e+00
-1.134876299311667758e+01 2.167070886428357568e+01 1.047581357640591193e+01 2.366527394746726287e+01 9.030435821600525159e+00 -4.852478161009718960e+00 3.000000000000000000e+01 6.722637489885099780e-08 3.000000000000000000e+01 3.000000000000000000e+01 0.000000000000000000e+00 3.151300846475598919e-10 3.000000000000000000e+01 2.503267192360179294e+01 -1.277319459490929532e+01 -3.716444151580113431e+00 0.000000000000000000e+00 3.000000000000000000e+01 -2.368456412763651070e-03 1.400322818585691188e-08 0.000000000000000000e+00 0.000000000000000000e+00 0.000000000000000000e+00 1.335341195688938676e+01 0.000000000000000000e+00
-1.477100991919446571e+01 -1.314504110195467135e+01 -8.112844804877054727e+00 1.580390457291756512e+01 -2.186971376442574666e+01 -9.292144997916688354e+00 1.844186935685404194e+01 5.251736701369877357e-07 1.963571082038797400e+01 -2.143947280230754426e+00 -8.035946132675807263e+00 -1.274031605518580745e+00 1.841106574680836871e+01 1.535340825288756683e+01 2.485628493013411244e+01 -1.042585394096477458e+01 0.000000000000000000e+00 1.743011164059949536e+01 -7.944083808615925335e+00 -3.146801612479563597e-07 0.000000000000000000e+00 0.000000000000000000e+00 0.000000000000000000e+00 -7.490333020248297835e+00 0.000000000000000000e+00
-1.549792641011601191e+01 2.579520040860391106e+01 2.627525785547744519e+01 1.842278402505161239e+01 -1.930744676734546417e+01 -2.577068932001417068e+01 9.306481203253817114e+00 1.513406068398229550e-07 1.654445148855623060e+01 -3.000000000000000000e+01 -1.008010101181859142e+01 -1.058120249562422011e+01 1.390556183989989147e+00 -4.498303759607718888e+00 2.957125682242148557e+00 -2.212991733712382114e+01 0.000000000000000000e+00 3.400222864876527584e+00 -1.476471264668186656e+01 -9.189863975605595536e-01 0.000000000000000000e+00 0.000000000000000000e+00 0.000000000000000000e+00 -2.445727758898921067e+01 0.000000000000000000e+00
-1.941733319273217973e+01 7.978033865207215136e+00 1.814820700796166086e+00 5.762786897102580852e+00 -2.296588484250126783e+01 -3.000000000000000000e+01 -1.334474606805809849e+01 -6.709170940890590245e-07 4.993838854824177886e+00 -3.000000000000000000e+01 -1.660779185924549495e+01 -2.431754392424344147e+01 1.975202581325686260e-09 -1.868999667968045486e+01 -1.455673623383807502e+01 -2.659657672691389507e+01 0.000000000000000000e+00 -6.175339397445353207e+00 -2.071682891007822391e+01 -1.154205847619810932e+01 0.000000000000000000e+00 0.000000000000000000e+00 0.000000000000000000e+00 2.719256757430113680e+01 0.000000000000000000e+00
-2.702146977781094250e+01 -1.425087171849667200e+01 -1.973079918589534643e+01 -7.162712361481698764e+00 -2.555507202579639170e+01 -3.000000000000000000e+01 2.118955626944676141e+01 -1.007341058583947485e-01 3.000000000000000000e+01 -3.000000000000000000e+01 -3.000000000000000000e+01 -3.000000000000000000e+01 -1.457643648869803021e-01 -2.507785301515712817e+01 -3.000000000000000000e+01 -3.000000000000000000e+01 -1.333559863812040564e-08 -1.805749272022051244e+01 -3.000000000000000000e+01 -3.000000000000000000e+01 0.000000000000000000e+00 0.000000000000000000e+00 0.000000000000000000e+00 1.955752612896351295e+01 0.000000000000000000e+00
3.000000000000000000e+01 2.763146859715962833e+01 3.000000000000000000e+01 -2.125974672095617990e+01 3.000000000000000000e+01 3.000000000000000000e+01 2.673466875900434303e+00 -1.089527191068574474e+01 2.085363802161448632e+01 3.000000000000000000e+01 3.000000000000000000e+01 -3.000000000000000000e+01 -1.163486968103080521e+01 2.201341550984549755e+01 3.000000000000000000e+01 3.000000000000000000e+01 0.000000000000000000e+00 -1.988085025020794205e+01 3.000000000000000000e+01 3.000000000000000000e+01 0.000000000000000000e+00 0.000000000000000000e+00 0.000000000000000000e+00 4.367136656043139276e+00 0.000000000000000000e+00
2.483630837716137663e+01 1.498581417063065224e+01 9.745377928694880509e+00 3.000000000000000000e+01 2.396151988900852814e+01 3.000000000000000000e+01 -4.338618870895420004e-02 -1.442214101834899687e+01 6.277812787182784682e+00 3.000000000000000000e+01 2.564670663144844198e+01 3.000000000000000000e+01 -2.141577320524472228e+01 1.579993664308367940e+01 2.125023148884217861e+01 3.000000000000000000e+01 0.000000000000000000e+00 -2.298283156790697035e+01 2.604290252330154587e+01 2.110344461858995047e+01 0.000000000000000000e+00 0.000000000000000000e+00 0.000000000000000000e+00 -2.140245383413497513e-10 0.000000000000000000e+00
3.000000000000000000e+01 -7.027178639771470614e+00 -1.143807825189248994e+01 -3.000000000000000000e+01 1.757269194115086108e+01 2.760036498538699945e+01 -1.663787428954460523e+01 -2.727275205198552754e+01 -1.794003228300322661e+01 2.389608544365533760e+01 1.675507970724850537e+01 1.872758255092312041e+01 2.445444714174226419e+01 -3.783139721579753978e+00 9.541369144842716921e+00 2.402519830303329584e+01 -1.755752078221358087e-06 -3.000000000000000000e+01 1.625667640756063648e+01 5.056167222258619809e+00 0.000000000000000000e+00 0.000000000000000000e+00 0.000000000000000000e+00 1.208596971916864686e-08 0.000000000000000000e+00
2.517108763779050307e+01 1.565923607923478578e+01 -2.091327893609867772e+01 3.000000000000000000e+01 1.572373841639680769e+01 -3.000000000000000000e+01 -2.299428823256725707e+01 -2.193309341650771671e+01 -3.000000000000000000e+01 1.513765644200644012e+01 1.004461094935467713e+01 4.999972762425588080e+00 1.066364769297227255e+01 -2.305252359008859031e+01 2.327624117767356038e-07 1.730031843525559054e+01 -6.492985382875096783e-08 3.000000000000000000e+01 4.567265982823220050e+00 7.611373380911163559e-04 0.000000000000000000e+00 0.000000000000000000e+00 0.000000000000000000e+00 1.571598007506008430e-10 0.000000000000000000e+00
1.119257671880882832e+01 1.953718288478965803e+01 -2.152743582317719628e+01 1.722661685059065562e+01 1.248967737488922047e+01 2.657989945029561341e+01 -3.000000000000000000e+01 -3.000000000000000000e+01 2.550849527179732235e+01 5.225263768284500010e+00 1.595663807586765515e+00 -1.991649475527482238e+01 2.302317161517978827e-01 2.733066340226503854e+01 1.323645002046666902e-04 1.258903362735633458e+01 1.021824925804080202e-05 2.022080674554616309e+01 8.105270292612085647e-01 -9.367383903960517344e+00 0.000000000000000000e+00 0.000000000000000000e+00 0.000000000000000000e+00 -6.613362756959850763e-02 0.000000000000000000e+00
-5.128749372994004574e+00 9.661582152869506501e+00 3.000000000000000000e+01 -2.999637344659108695e+00 7.174509089127300676e+00 9.133871076690150304e+00 3.000000000000000000e+01 -3.000000000000000000e+01 2.020847094371452357e+01 -4.008403631085533884e-04 -3.627521316635020199e+00 3.000000000000000000e+01 -1.242806118579107277e+01 2.238443609525753430e+01 -4.537146593894738765e-05 7.174496081027850636e+00 1.823863702468304801e-05 1.552194747145387943e+01 2.782002782044162500e-03 -1.654199224461542528e+01 0.000000000000000000e+00 -4.048329976724412388e-06 0.000000000000000000e+00 -8.838395282724960111e+00 0.000000000000000000e+00
2.298004734438988095e+01 -1.763869759045802255e+01 2.750388327823634782e+01 -1.856549715855800287e+01 1.118345137067844997e+00 -1.790704410652524281e+00 1.375630819249782810e+01 2.287716991146284329e+01 -7.112872072452149086e-02 3.782945909477056803e-06 -1.999504069608060419e+01 2.565653647043399843e+01 2.503807787267696128e+01 3.773454287411908581e+00 0.000000000000000000e+00 1.118345912417220367e+00 2.745302566223789482e-05 3.810904296807515301e+00 4.353683956613670775e-03 3.000000000000000000e+01 0.000000000000000000e+00 -2.466190716567170368e-05 0.000000000000000000e+00 -1.999429155532003577e+01 0.000000000000000000e+00
-1.892235846249151088e+00 2.102490968918584358e+01 1.294029608717248081e+01 2.431076933993987055e+01 0.000000000000000000e+00 -1.799900814187525810e+01 -1.817100154286772096e+01 2.392070704664715919e+01 -2.151274450756292111e+01 0.000000000000000000e+00 3.000000000000000000e+01 1.829217478635091609e+01 9.851093355346943525e+00 -1.883400064951384900e-03 -7.929541075091589759e-05 -5.283079757050136299e-09 9.614079619471717179e-04 -3.703792477252870058e-04 -2.514543426136713750e-03 1.767599653931907611e+01 0.000000000000000000e+00 3.613511659603402140e-05 0.000000000000000000e+00 -3.000000000000000000e+01 0.000000000000000000e+00
-2.773001075540300508e+00 -1.658671721734377824e+00 -1.185121125064432235e+01 1.143896280081240491e+01 0.000000000000000000e+00 1.851492048651587652e+01 1.341777074279801063e+01 2.031233342546774523e+01 1.550760400454801946e+01 0.000000000000000000e+00 2.447614274926174360e+01 4.574124607915874385e+00 -8.443807673206677578e+00 -2.286838079577051958e-02 5.421685734127518515e-07 2.336697376042861684e-07 1.183928119535783749e-06 2.322566894574089266e-06 8.751106901012980078e-05 3.022209321637653545e+00 0.000000000000000000e+00 3.718040755175987049e-05 1.957346988536753417e-07 2.381543954350690129e+01 0.000000000000000000e+00
2.366116582246628752e+01 -2.007188955902538652e+01 -2.191326472397136271e+01 -8.290085192488838572e+00 0.000000000000000000e+00 6.639094471145207343e+00 2.533674864853023914e-02 9.904778429024499786e+00 -1.512115481562035235e+01 0.000000000000000000e+00 1.704759132003990629e+01 -2.216657933873582564e+01 2.361870693660936027e+01 -1.021670131789986158e+01 0.000000000000000000e+00 -6.654510052152942556e+00 0.000000000000000000e+00 -2.397713785274482312e-01 -1.152257634875239033e-04 -6.717270925256528358e+00 0.000000000000000000e+00 -1.173156776102141308e+00 1.088591726895546819e-05 -1.584709124803585922e+01 0.000000000000000000e+00
1.350273830607562431e+01 -1.554903276207318896e+01 2.887589961410612815e+01 -1.829028073794642495e+01 0.000000000000000000e+00 -1.027236501042836103e+01 -1.695557396351466961e+00 1.811168488499586005e-01 -2.126444696804547263e+01 0.000000000000000000e+00 7.552086980808051742e+00 2.728419922268031073e+01 -5.194699696527864674e+00 -9.180635258107063379e+00 0.000000000000000000e+00 -1.706437982341466153e+01 1.691571651692719432e-06 -1.818394454885909894e+01 -3.324324288892616889e-03 -1.687422235058270203e+01 0.000000000000000000e+00 -8.394752708939899222e+00 3.890959377216710010e-06 2.362367030221436792e+01 0.000000000000000000e+00
-1.500746265530369827e+00 -2.032737633662675236e+01 1.035254217610080829e+01 -2.307350300189319725e+01 0.000000000000000000e+00 -1.869959120316217138e+01 -1.380073993754946571e+01 3.907531099247373019e-03 -3.000000000000000000e+01 0.000000000000000000e+00 -6.599029878752205924e+00 2.254524198394008039e+01 -2.287512269304683343e+01 -1.611821977085444146e+01 0.000000000000000000e+00 -2.245189343464922516e+01 -9.431749079650039178e-09 -2.647076288647204478e+01 1.438142713081678203e-06 -2.797844578771814383e+01 0.000000000000000000e+00 -2.242118587017703035e+01 1.462622943453077608e-04 -3.585987960610592218e+00 0.000000000000000000e+00
-7.915812339134748576e+00 3.000000000000000000e+01 8.689131422293801255e-02 2.627211137996189194e+01 0.000000000000000000e+00 1.841346474198579486e+01 -1.929644383111210004e+01 1.758141084583808678e-05 -3.000000000000000000e+01 0.000000000000000000e+00 3.000000000000000000e+01 5.606164726601698511e+00 3.000000000000000000e+01 -2.894764158670870557e+01 0.000000000000000000e+00 2.526992549807010846e+01 -1.211331037182059806e-05 2.134339937446369362e+01 8.088840553563946486e-06 3.000000000000000000e+01 0.000000000000000000e+00 -2.606974378656464353e+01 5.456150749004854472e-07 1.998762045927498932e+01 0.000000000000000000e+00
-2.262554095833585777e+01 2.914796696169469215e+01 -8.301897821487560947e+00 1.721242499774462686e+01 0.000000000000000000e+00 2.322100501535846018e+00 -1.921145074903738958e+01 -7.213596939150779264e-02 3.000000000000000000e+01 0.000000000000000000e+00 -3.000000000000000000e+01 -1.491170041914454103e+01 1.913518185692150197e+01 -3.000000000000000000e+01 0.000000000000000000e+00 1.556623437453697001e+01 -4.247325687778160785e-08 -1.789452270714255633e+01 0.000000000000000000e+00 2.749829338631702313e+01 -4.206237930785415256e-10 3.000000000000000000e+01 -1.247406504555709228e+00 1.168644271195477202e+00 0.000000000000000000e+00
-3.000000000000000000e+01 1.488215888243796137e+01 -2.417363066057156828e+01 3.694661091410458731e+00 0.000000000000000000e+00 -2.133681486938964638e-04 -3.000000000000000000e+01 -1.730385907657129962e+01 1.849684950060173350e+01 0.000000000000000000e+00 -2.329261959084317013e+01 -3.000000000000000000e+01 7.987900623030753877e+00 2.889450355568725470e+01 0.000000000000000000e+00 3.799053478376668735e+00 -8.089608634437581452e-07 -1.782564278995951312e+01 1.511576953375867480e-06 2.012617616289590927e+01 -1.144774539465611002e-01 3.000000000000000000e+01 -5.755260551419446813e+00 -1.416472602844381035e+00 0.000000000000000000e+00
3.000000000000000000e+01 1.482160274978409964e+00 1.302633398216502947e+01 -1.195439335698297256e+01 0.000000000000000000e+00 -1.143455704243659987e+01 3.000000000000000000e+01 3.000000000000000000e+01 5.301211221928901374e+00 0.000000000000000000e+00 -2.285417386040829513e+01 2.147799055422471781e+01 2.389992424038799967e+00 2.641740610671962841e+01 0.000000000000000000e+00 -1.771397161322086689e+01 -2.107867685901659301e-08 -2.733271955850931434e+01 4.259589648005182765e-07 5.703908456707334373e+00 -1.086312484237476816e+01 3.000000000000000000e+01 -1.344519667637615079e+01 -1.956768278871520295e+01 0.000000000000000000e+00
3.000000000000000000e+01 3.000000000000000000e+01 -3.000000000000000000e+01 -2.079486000511686328e+01 0.000000000000000000e+00 2.754267004499045512e+01 3.000000000000000000e+01 -3.000000000000000000e+01 -8.446019951831621242e+00 0.000000000000000000e+00 3.000000000000000000e+01 1.004248801965064963e+01 5.717430731700482830e-08 2.098752662776490396e+01 0.000000000000000000e+00 3.000000000000000000e+01 -4.965069825307099616e-01 3.000000000000000000e+01 -3.841216485937149566e-07 4.048127661859945436e-01 -1.804370229283065541e+01 1.287938001009192135e+01 -2.071489773222592490e+01 3.000000000000000000e+01 0.000000000000000000e+00
-2.765778912013145785e+01 -3.000000000000000000e+01 -3.000000000000000000e+01 -3.000000000000000000e+01 0.000000000000000000e+00 9.679486351346000106e+00 2.592296907364096015e+01 -3.000000000000000000e+01 -2.489716533187059611e+01 0.000000000000000000e+00 3.000000000000000000e+01 -1.289236380619002631e+01 1.460070742774733827e-09 4.687219241201888487e+00 0.000000000000000000e+00 3.000000000000000000e+01 -2.198911666911548579e+01 -3.000000000000000000e+01 0.000000000000000000e+00 2.509686058692037687e-09 -2.104494032817260418e+01 8.937849364989238765e-01 3.000000000000000000e+01 -3.000000000000000000e+01 0.000000000000000000e+00
3.000000000000000000e+01 3.000000000000000000e+01 3.000000000000000000e+01 -3.000000000000000000e+01 0.000000000000000000e+00 3.000000000000000000e+01 9.383572475308953997e+00 3.000000000000000000e+01 1.118258631448179408e+01 0.000000000000000000e+00 1.815191069781804245e+01 -1.318217352379193663e+01 -4.055874177952144000e-01 2.122744683099380553e-02 0.000000000000000000e+00 3.000000000000000000e+01 -3.000000000000000000e+01 -3.000000000000000000e+01 0.000000000000000000e+00 0.000000000000000000e+00 3.000000000000000000e+01 -7.386312402998832900e-06 3.000000000000000000e+01 2.220958901756830173e+01 0.000000000000000000e+00
2.069902528256264773e+01 3.000000000000000000e+01 1.958966818103267116e+01 3.000000000000000000e+01 0.000000000000000000e+00 3.000000000000000000e+01 -1.416759971773618432e+01 -3.000000000000000000e+01 -1.106495760339726964e+01 0.000000000000000000e+00 2.230684573717209407e+00 3.000000000000000000e+01 -1.968700040581955690e+01 1.451788920038600544e-10 0.000000000000000000e+00 2.365231793277201433e+01 1.659436418111924283e+01 3.000000000000000000e+01 1.434068997148819894e-08 0.000000000000000000e+00 3.000000000000000000e+01 -2.643048131688909841e+00 2.520771806495653777e+01 1.309997848044034363e+01 0.000000000000000000e+00
1.833071175347211224e+01 1.346952720430457084e+01 7.167840790930016581e+00 1.952932515264492608e+01 0.000000000000000000e+00 3.000000000000000000e+01 3.000000000000000000e+01 -1.962688113092974751e+00 -3.000000000000000000e+01 0.000000000000000000e+00 2.802132780057422323e+01 1.821311160024858111e+01 -3.000000000000000000e+01 -4.329171241820740229e-03 0.000000000000000000e+00 3.000000000000000000e+01 -9.341655455626373117e-01 2.280153237825463819e+01 5.900745902106019473e-08 0.000000000000000000e+00 2.892774680147465105e+01 3.000000000000000000e+01 1.729555687235762562e+01 -3.231189142122404753e-03 0.000000000000000000e+00
1.484416940170985200e+01 5.980396182166247687e-01 3.313599067364847439e-01 1.496830068966185934e+01 0.000000000000000000e+00 -3.000000000000000000e+01 2.360997542860969034e+01 2.427455080205242410e+01 3.000000000000000000e+01 0.000000000000000000e+00 1.235229306419930850e+01 -1.633756566279016331e+00 1.280970281315474502e+01 -3.711182255588895806e+00 0.000000000000000000e+00 1.800680707301968653e+01 -1.887153913072685540e+01 3.000000000000000000e+01 0.000000000000000000e+00 0.000000000000000000e+00 1.355869759687362475e+01 3.000000000000000000e+01 1.099329649812779230e+01 -8.857368774198498329e+00 0.000000000000000000e+00
8.352527339120181082e+00 -5.667134685865469207e-08 2.941252358330823060e-10 4.570438645419842238e+00 0.000000000000000000e+00 1.272811141746761798e+01 9.055302372435511060e+00 1.778475481667977576e+01 1.680527985423594828e+01 0.000000000000000000e+00 -4.387919149029783306e+00 2.970476053072739830e+01 -8.657268311075082323e+00 -1.628743327249309303e+01 0.000000000000000000e+00 5.194621952912958918e-01 3.000000000000000000e+01 3.000000000000000000e+01 0.000000000000000000e+00 0.000000000000000000e+00 -4.479732080942523176e+00 2.046330999242067605e+01 2.088469755832099040e+00 2.231642753245829169e+01 0.000000000000000000e+00
7.051960612094563263e-01 1.110559853881455630e-10 -2.571670042404361797e-10 -7.363841019207604631e-11 0.000000000000000000e+00 -7.032895566870008608e+00 -1.253520430639879812e+01 -2.879142026448441083e+00 -1.191664268461434339e+01 0.000000000000000000e+00 -1.549997611219789562e+01 -2.815400591669570929e+01 -2.256500568337945722e+01 -2.374999007611362245e+01 0.000000000000000000e+00 -2.265294119839226283e+01 2.550049357537494998e+01 3.000000000000000000e+01 0.000000000000000000e+00 0.000000000000000000e+00 -1.803261807983861331e+01 2.994972310063129139e+00 4.151332149617127887e-06 -2.720572438951161409e+00 0.000000000000000000e+00
0.000000000000000000e+00 4.434297411725129593e-12 1.645078762473852912e-09 0.000000000000000000e+00 0.000000000000000000e+00 -1.675688223863074455e+01 -2.217053125282063419e+01 1.839211754284021438e+01 -2.093958348660642343e+01 0.000000000000000000e+00 2.034504871235787604e+01 3.000000000000000000e+01 3.000000000000000000e+01 3.000000000000000000e+01 0.000000000000000000e+00 -2.258361581789851158e+01 3.000000000000000000e+01 1.110855021605233262e+01 -7.348663407529858467e-06 3.769127076058065425e-11 -2.176690017821530532e+01 -5.297102374109736722e-01 -3.591150273704464713e+00 3.000000000000000000e+01 -7.974554445019192847e-09
0.000000000000000000e+00 2.136724876935900501e-12 0.000000000000000000e+00 0.000000000000000000e+00 0.000000000000000000e+00 -2.102865109483477468e+01 2.363679462007995724e+01 -2.958616939477276997e+00 -2.439029166697602946e+01 0.000000000000000000e+00 -1.149715801889934319e+01 2.049033514493364194e+01 1.691473724655812205e+01 3.000000000000000000e+01 0.000000000000000000e+00 3.000000000000000000e+01 2.426698109472848586e+01 -2.025692884344127975e+01 1.681943212997850457e-05 -2.204280623920553683e+00 -2.575416958965443825e+01 -8.418623459471582748e+00 -1.404479833986188098e+01 -3.000000000000000000e+01 -5.420339690443621743e-08
0.000000000000000000e+00 0.000000000000000000e+00 0.000000000000000000e+00 0.000000000000000000e+00 0.000000000000000000e+00 3.000000000000000000e+01 9.649694295807305977e+00 3.000000000000000000e+01 3.000000000000000000e+01 0.000000000000000000e+00 9.784784695326562698e+00 6.146448715667757412e+00 -2.165305383502430914e+01 2.863058623952970194e+01 0.000000000000000000e+00 3.000000000000000000e+01 1.416820753406721956e+01 2.688031323535904349e+01 -5.310129299773292451e-07 -1.234558106293285107e+01 3.000000000000000000e+01 -2.004920936541846999e+01 -2.023298961534263185e+01 -3.000000000000000000e+01 3.149396366136112369e-08
0.000000000000000000e+00 0.000000000000000000e+00 0.000000000000000000e+00 0.000000000000000000e+00 0.000000000000000000e+00 2.743610924572735854e+01 -4.445384669361771124e+00 -2.071210664385549194e+01 2.822546973602144860e+01 0.000000000000000000e+00 -9.774577400435541463e+00 5.311113363422322422e-09 -3.000000000000000000e+01 1.849999768063129224e+01 0.000000000000000000e+00 -3.000000000000000000e+01 -2.123921437353867958e+00 2.629146522360765559e+01 -5.668779868339371208e-09 -2.471783101267095262e+01 3.000000000000000000e+01 3.000000000000000000e+01 3.000000000000000000e+01 -3.000000000000000000e+01 9.338360198030542169e-09
0.000000000000000000e+00 0.000000000000000000e+00 0.000000000000000000e+00 0.000000000000000000e+00 0.000000000000000000e+00 2.088448237419938991e+01 -1.785539749194397885e+01 -2.932375467399542046e+01 2.154486634799811995e+01 0.000000000000000000e+00 -2.679731886945535635e+01 -1.695537662389644984e+00 -2.527125768813838391e+01 -1.678259618794210439e+01 0.000000000000000000e+00 3.000000000000000000e+01 -1.687534337417622154e+01 6.790646617841638033e+00 1.365940990759831176e-07 3.000000000000000000e+01 2.435911956262716060e+01 2.108409814354484624e+01 2.265810778043781326e+01 -3.000000000000000000e+01 -1.539627639494363462e-07
0.000000000000000000e+00 0.000000000000000000e+00 0.000000000000000000e+00 0.000000000000000000e+00 0.000000000000000000e+00 9.539462518875415853e+00 -2.835497942610932398e+01 3.000000000000000000e+01 1.896677951082478586e+01 1.048470086143641371e-10 1.607762021356527882e+01 -1.314326291863382501e+01 -2.213129620479149295e+01 -2.811491328143942781e+01 3.295434883325935859e-11 2.754050554344746971e+01 1.518872177416230151e+01 -2.398217906674140476e+00 -7.564777537485797568e-09 2.083015691904213185e+01 5.383528773823287317e+00 2.239686951326653386e+01 1.588362904596375458e+01 3.000000000000000000e+01 -2.003830630119232100e-09
0.000000000000000000e+00 0.000000000000000000e+00 0.000000000000000000e+00 0.000000000000000000e+00 0.000000000000000000e+00 -4.282230719891851223e+00 -3.000000000000000000e+01 2.099345617595924907e+01 7.735819623069169815e+00 -1.880970643523255381e+00 2.829249861570424796e-01 3.000000000000000000e+01 3.000000000000000000e+01 2.098729674831932002e+01 1.981310824308032719e-09 -3.000000000000000000e+01 -4.604268009459910438e+00 -2.414993091157593952e+01 3.020343505835651496e-09 9.697525857774650149e+00 -1.064090621705797801e+01 -3.216555042022903432e+00 6.225306468803907478e+00 1.802958048284801507e+01 3.491918183048914641e-07
0.000000000000000000e+00 0.000000000000000000e+00 0.000000000000000000e+00 0.000000000000000000e+00 0.000000000000000000e+00 -1.322709360889799335e+01 3.000000000000000000e+01 1.403192702448553675e+01 4.857634365808893406e+00 -1.376863414252762929e+01 -4.578645991117493708e-01 3.000000000000000000e+01 2.554380705082780523e+01 1.362247748339705211e+01 -2.562589130487861327e-02 8.274572283904289449e+00 3.000000000000000000e+01 3.000000000000000000e+01 -9.012614623659369551e-09 -2.000609523726240369e+01 -3.000000000000000000e+01 2.509577042904425781e+01 -1.147694642556819744e+01 3.028479427949377190e+00 4.903391242337632464e-05
0.000000000000000000e+00 0.000000000000000000e+00 0.000000000000000000e+00 0.000000000000000000e+00 0.000000000000000000e+00 -2.297338213011885344e+01 1.998905460912852305e+01 1.839924985043363037e+01 5.046937925705435174e-02 -1.091998511680905182e+01 -1.423373377847218713e+01 5.485379218082085728e+00 1.802186448066810343e+01 3.717071462917644065e-02 -7.904692212267440787e+00 -7.760195302386340366e+00 3.000000000000000000e+01 2.061142021599470553e+01 -1.380154475382762167e-13 2.169925945367434750e+01 3.000000000000000000e+01 1.428500680125044653e+01 2.936651469329285291e+01 -4.365250540113827959e+00 -8.110505874763319412e+00
0.000000000000000000e+00 0.000000000000000000e+00 0.000000000000000000e+00 0.000000000000000000e+00 0.000000000000000000e+00 -3.000000000000000000e+01 4.378554367217559751e+00 -1.827357125632272528e+01 -1.625599108489067022e-07 -1.898776907504518618e+01 -2.711199385347436674e+01 -1.506123193529917970e+01 1.162120535283697720e+01 -1.030411970480188814e-10 -1.195773934163286789e+01 -2.370525614211609877e+01 -1.551913612354358740e+01 1.987126086813491899e+00 -5.835180175878088571e-01 -8.963551985496383878e+00 8.105834906525103634e+00 -1.417360116331219722e+01 2.144670413319148494e+01 3.000000000000000000e+01 -1.548612080354762632e+01
0.000000000000000000e+00 0.000000000000000000e+00 0.000000000000000000e+00 0.000000000000000000e+00 0.000000000000000000e+00 -3.000000000000000000e+01 5.078567679261954820e-03 -5.244848658833806354e+00 5.290559430000610007e-08 -3.000000000000000000e+01 -2.109941647058306202e+01 -3.000000000000000000e+01 -7.029336684337991414e+00 -7.036470727460294538e-07 -2.364403455402629817e+01 -3.000000000000000000e+01 3.000000000000000000e+01 -2.141655736605957427e-02 3.000000000000000000e+01 -2.359569546727203360e+01 -2.604812758619268820e+01 -1.967278684487527940e+01 -1.264030662353496659e+01 1.692096047777821965e+01 -1.833980132478328429e+01
0.000000000000000000e+00 0.000000000000000000e+00 0.000000000000000000e+00 0.000000000000000000e+00 0.000000000000000000e+00 -3.000000000000000000e+01 8.923147591251371198e-09 -1.644616741038478835e+01 8.127114906820419287e-09 -3.000000000000000000e+01 -3.000000000000000000e+01 -3.000000000000000000e+01 -2.219416548695944158e+01 -1.103064227159900490e+01 -3.000000000000000000e+01 -3.000000000000000000e+01 1.718334493040268640e+01 -1.672356718492237704e+01 -3.000000000000000000e+01 -3.000000000000000000e+01 -2.814419616372761013e+01 2.079938235080784992e+01 3.000000000000000000e+01 3.000000000000000000e+01 -2.174745752178872849e+01
