# yaw
0.000000000000000000e+00 0.000000000000000000e+00 0.000000000000000000e+00 0.000000000000000000e+00 0.000000000000000000e+00 3.000000000000000000e+01 -3.000000000000000000e+01 0.000000000000000000e+00 -1.427464920944791604e+00 3.000000000000000000e+01 3.000000000000000000e+01 2.702155964873257687e+01 3.000000000000000000e+01 3.000000000000000000e+01 2.074156344028438426e+01 3.000000000000000000e+01 -2.749671775556341302e+01 1.252394080967639134e+01 2.599799242783361919e+01 3.000000000000000000e+01 3.000000000000000000e+01 -1.492883607786781575e+01 -4.013221381907480442e-03 3.000000000000000000e+01 2.719652108076314789e+01
0.000000000000000000e+00 0.000000000000000000e+00 0.000000000000000000e+00 0.000000000000000000e+00 0.000000000000000000e+00 3.000000000000000000e+01 3.000000000000000000e+01 0.000000000000000000e+00 -7.734765313505524986e+00 3.000000000000000000e+01 2.350670567783944875e+01 8.773770379912093631e+00 3.000000000000000000e+01 2.497484979446359787e+01 9.617312937087799440e+00 2.782339273410005376e+01 2.406626009941795274e+01 -1.536513039799922886e+01 8.331252772146344299e+00 2.885478209729367904e+01 2.220819602074209698e+01 -3.000000000000000000e+01 -1.594319057050102728e+01 3.000000000000000000e+01 1.664498326350090451e+01
0.000000000000000000e+00 0.000000000000000000e+00 0.000000000000000000e+00 0.000000000000000000e+00 0.000000000000000000e+00 2.663863344741835348e+01 2.181232432303153601e+01 0.000000000000000000e+00 -1.617780426725490983e+01 2.420417177242778450e+01 1.465278291952135525e+01 -1.058923501067655337e+01 1.821988146126100006e+01 1.395762569456132951e+01 -7.840036639255068884e+00 2.090979958674689598e+01 -2.203293223461325212e+01 5.047889735978344561e+00 -4.685659336444404632e-02 2.293952898031521670e+01 1.528351826049632400e+01 -3.000000000000000000e+01 -2.580460787686654101e+01 3.000000000000000000e+01 -1.002611985028263142e+01
0.000000000000000000e+00 0.000000000000000000e+00 0.000000000000000000e+00 0.000000000000000000e+00 0.000000000000000000e+00 1.583586830577120352e+01 2.040018638840405529e+01 0.000000000000000000e+00 -2.449620041254571490e+01 1.838359297979530993e+01 4.722646315351017865e-01 -2.239481207151595044e+01 6.196156567444575991e+00 2.776026002315565844e+00 -2.113633195584573343e+01 7.928875564578298452e+00 3.000000000000000000e+01 1.301457647437242748e+01 -1.452733942501169295e+01 -1.074857822884470693e+01 1.422623617828435982e+01 3.000000000000000000e+01 2.667784813012989176e+01 3.000000000000000000e+01 3.000000000000000000e+01
0.000000000000000000e+00 0.000000000000000000e+00 0.000000000000000000e+00 0.000000000000000000e+00 0.000000000000000000e+00 1.534048523103885664e+01 8.049096680771903323e+00 0.000000000000000000e+00 2.439579723967536040e+01 1.290774936261925099e+01 0.000000000000000000e+00 3.000000000000000000e+01 4.094300602131774498e-03 -3.726750651567679373e+00 2.682049467984497326e+01 0.000000000000000000e+00 3.000000000000000000e+01 1.998719140558700147e-01 1.251234613876638235e+01 2.416184528367354645e+01 1.034042581773125136e+01 3.000000000000000000e+01 2.775151074179068367e+00 2.228007882618188873e+01 2.345424466848107770e+01
0.000000000000000000e+00 0.000000000000000000e+00 0.000000000000000000e+00 0.000000000000000000e+00 0.000000000000000000e+00 1.295219825239253053e+00 8.153378156208923144e+00 0.000000000000000000e+00 1.949414059000302757e+01 5.801828724650667013e+00 0.000000000000000000e+00 3.000000000000000000e+01 -3.227253063291105839e+00 -2.090191176802729700e+01 9.894599958359915348e+00 0.000000000000000000e+00 -9.221100332324372317e+00 -1.939831897116794224e+01 -1.631157872231120010e+01 -1.267606124035782500e+01 4.885236362429257184e+00 3.000000000000000000e+01 1.304252985063930481e+01 3.000000000000000000e+01 1.347898233679554281e+01
0.000000000000000000e+00 0.000000000000000000e+00 0.000000000000000000e+00 0.000000000000000000e+00 0.000000000000000000e+00 -3.517320930718759957e-08 9.237724095232159316e-01 0.000000000000000000e+00 1.905266072377715858e+01 1.487254815670321166e-09 0.000000000000000000e+00 3.000000000000000000e+01 -2.356771859660463164e+01 3.000000000000000000e+01 -1.312561559308519676e+01 0.000000000000000000e+00 -2.619563569859737839e+01 -3.000000000000000000e+01 -1.785374933574177803e+01 -2.588327247703998779e+01 0.000000000000000000e+00 2.705370247160364272e+01 -1.349677067243524142e+01 2.448402178078729108e+01 -1.585903462539660858e+00
0.000000000000000000e+00 0.000000000000000000e+00 0.000000000000000000e+00 0.000000000000000000e+00 0.000000000000000000e+00 0.000000000000000000e+00 -5.365475105215867727e-08 0.000000000000000000e+00 1.259550639239562031e+01 7.575972265977011308e-11 0.000000000000000000e+00 3.000000000000000000e+01 1.944655749630202024e+01 2.783353055427756217e+01 2.532505114008375102e+01 0.000000000000000000e+00 3.000000000000000000e+01 2.356137842410798555e+01 3.000000000000000000e+01 2.841876504044635254e+01 0.000000000000000000e+00 1.146220485861041816e+01 4.398200301913667509e+00 -3.832987632562558089e-02 7.495734658372555259e+00
0.000000000000000000e+00 0.000000000000000000e+00 0.000000000000000000e+00 0.000000000000000000e+00 0.000000000000000000e+00 0.000000000000000000e+00 -1.277677484263416387e-10 0.000000000000000000e+00 1.229127521512796140e+00 -1.934093251814706260e+00 0.000000000000000000e+00 1.910714252080131104e+01 -1.167525156958499011e+01 2.927201964278092916e+01 3.122238108038550397e+00 0.000000000000000000e+00 2.296350090032369096e+01 6.470091629801080657e+00 2.296893782986253996e+01 2.560944764339716073e+01 0.000000000000000000e+00 -4.114381142215509435e+00 -1.195856983872930890e+01 2.583013574598755913e-01 -2.210434877784193830e+01
0.000000000000000000e+00 0.000000000000000000e+00 0.000000000000000000e+00 0.000000000000000000e+00 0.000000000000000000e+00 0.000000000000000000e+00 -4.866504250527120839e-14 0.000000000000000000e+00 -4.316006886977184820e+00 -1.395252052618654837e+01 0.000000000000000000e+00 1.322470213855240750e+01 2.370612787780122943e+01 2.494127375357618703e+01 2.637161222713716313e+01 0.000000000000000000e+00 7.818754125397499699e+00 -1.930962183695313072e+01 6.541658015513082347e+00 6.280766473915504911e+00 0.000000000000000000e+00 -1.514709066810171656e+01 2.104441172541629967e+01 7.742690052996585415e+00 3.000000000000000000e+01
0.000000000000000000e+00 0.000000000000000000e+00 -1.488758363551728189e-14 0.000000000000000000e+00 0.000000000000000000e+00 0.000000000000000000e+00 1.192385404916108660e-15 -3.686069585431755521e-14 -1.262272185582031270e+01 -1.934264679533734466e+01 0.000000000000000000e+00 3.627778539082689435e-01 -2.626847832538319327e+00 -3.388323138472784102e+00 1.158497618467156265e+01 0.000000000000000000e+00 3.417219136896391257e-02 -2.142426146879062543e+01 1.150673524030681882e+01 4.315615991793652073e-01 0.000000000000000000e+00 -2.272035700743883879e+01 5.734626775838144397e+00 -7.188278635176676090e+00 -2.887155002111235191e+01
0.000000000000000000e+00 0.000000000000000000e+00 -2.122638340252141656e-16 0.000000000000000000e+00 0.000000000000000000e+00 0.000000000000000000e+00 1.521295293207120333e-17 0.000000000000000000e+00 1.616258344519137680e+01 -2.494255223149234268e+01 0.000000000000000000e+00 2.055313299063416714e-13 4.912677936378232246e+00 1.532248584590105978e+01 -1.516563996032716055e+01 0.000000000000000000e+00 0.000000000000000000e+00 -2.106981053320944142e+01 2.651805346141108544e+01 -1.313896543907159220e+01 0.000000000000000000e+00 2.945848582860937626e+01 1.106399252435339520e+01 1.946871240985755591e+01 3.000000000000000000e+01
0.000000000000000000e+00 -8.755954694280207451e-02 -2.899935186633440520e-01 0.000000000000000000e+00 0.000000000000000000e+00 0.000000000000000000e+00 1.219248847118454537e-14 -9.913106701857827829e-01 -1.879695994201994935e+01 2.543286019244071028e+01 0.000000000000000000e+00 2.969841867292664335e-10 1.594044473298408526e+01 1.614106055820033703e+01 1.815938105722472429e+01 0.000000000000000000e+00 0.000000000000000000e+00 2.836562759104072384e+01 6.636485592658397437e+00 2.493958492034050067e+01 0.000000000000000000e+00 2.054502480602373993e+01 9.811539889567204575e-01 -1.145420130428015781e+01 2.589423432127594893e+01
0.000000000000000000e+00 -3.494705611414000046e+00 -1.243731596985980659e+01 0.000000000000000000e+00 -8.972481806370860746e-14 0.000000000000000000e+00 -3.232719810671213576e-15 -1.867742222257161133e+00 -4.678031676956240226e+00 3.000000000000000000e+01 0.000000000000000000e+00 -2.623779122590109286e-02 -7.303318511538501312e+00 -1.256697331523098371e-01 -9.081956021632289211e-01 0.000000000000000000e+00 -5.587693682440426635e+00 -2.253232424698777692e+01 1.745583998060716979e+01 1.976999174675728810e+01 0.000000000000000000e+00 9.895049086173534292e+00 -1.472858528563011404e+01 -6.606029545829756877e+00 1.798414281943634663e+01
0.000000000000000000e+00 -1.450502768551923793e+01 -7.285937598502563617e+00 -2.668882352246845890e+00 -1.345119460068143535e+00 0.000000000000000000e+00 6.121291491822272562e-14 -1.471300672611706339e+01 1.716395777556322599e+01 3.000000000000000000e+01 0.000000000000000000e+00 -1.558357448731568118e+00 6.096301612836234618e+00 -1.664460509960380818e+01 -1.906673748565702553e+01 0.000000000000000000e+00 -8.510871385013340173e+00 -2.863972594659561111e+01 1.722413941369788404e+01 -2.192070856552788438e+00 0.000000000000000000e+00 -5.286598818055992410e+00 -3.000000000000000000e+01 -1.497189285464825659e+01 9.159779622411509115e-01
0.000000000000000000e+00 -1.945502493589069815e+01 -1.588933624572258729e+01 -1.559063110532963492e+01 -9.298277034854816492e+00 0.000000000000000000e+00 0.000000000000000000e+00 -1.867421441693374362e+01 1.644952597608412503e+01 2.540258564130877517e+01 0.000000000000000000e+00 -1.504419422685400498e+01 -1.602669776881549168e+01 -7.892281539270357804e+00 2.397101124322549381e+01 0.000000000000000000e+00 -1.112748118896841198e+01 -3.000000000000000000e+01 7.768144350243481711e+00 -1.829966021264414522e+01 0.000000000000000000e+00 -1.573390585315487478e+01 2.121230335275750178e+01 -3.000000000000000000e+01 -1.320930185260592893e+01
0.000000000000000000e+00 -3.000000000000000000e+01 -2.050911797147140803e+01 -2.423076562690181035e+01 -1.395822084542519015e+01 0.000000000000000000e+00 0.000000000000000000e+00 -3.000000000000000000e+01 -2.778384066188280155e+00 8.274812866643685538e+00 0.000000000000000000e+00 -1.675184644524897237e+01 -3.000000000000000000e+01 -2.384256032955309124e+01 5.997891335382178113e+00 0.000000000000000000e+00 -2.046875549203925715e+01 -3.000000000000000000e+01 -1.097574681185553916e-02 1.662574384570645947e+01 0.000000000000000000e+00 -2.587272136054764005e+01 -1.858080832667584303e+01 -3.000000000000000000e+01 -2.691547783762196744e+01
0.000000000000000000e+00 -3.000000000000000000e+01 -3.000000000000000000e+01 -3.000000000000000000e+01 -1.933642875744909873e+01 0.000000000000000000e+00 0.000000000000000000e+00 -3.000000000000000000e+01 -1.648104542743210743e+01 -1.323044351218665504e+01 0.000000000000000000e+00 -2.354682516567191186e+01 3.000000000000000000e+01 3.000000000000000000e+01 4.635601339406588139e-01 0.000000000000000000e+00 0.000000000000000000e+00 -3.000000000000000000e+01 -1.500426323250970739e+01 0.000000000000000000e+00 0.000000000000000000e+00 -3.000000000000000000e+01 -3.000000000000000000e+01 -3.000000000000000000e+01 -2.583218434362241567e+01
0.000000000000000000e+00 3.000000000000000000e+01 3.000000000000000000e+01 3.000000000000000000e+01 3.000000000000000000e+01 0.000000000000000000e+00 0.000000000000000000e+00 3.000000000000000000e+01 3.631295331325521847e+00 -2.903439516764308337e+01 0.000000000000000000e+00 -3.000000000000000000e+01 3.000000000000000000e+01 3.000000000000000000e+01 -1.921694283559949312e+00 0.000000000000000000e+00 2.822583531220666941e+01 3.000000000000000000e+01 2.782323590060828522e+01 -9.184548407044431428e+00 0.000000000000000000e+00 3.000000000000000000e+01 3.000000000000000000e+01 3.000000000000000000e+01 3.000000000000000000e+01
0.000000000000000000e+00 3.000000000000000000e+01 2.959824426154850840e+01 3.000000000000000000e+01 1.770016098040278507e+01 0.000000000000000000e+00 0.000000000000000000e+00 3.000000000000000000e+01 -2.101408339301178430e+01 -2.050509699361624172e+01 0.000000000000000000e+00 3.000000000000000000e+01 3.000000000000000000e+01 2.921823707091882483e+01 -1.279067768447164077e+01 0.000000000000000000e+00 1.891724979034418652e+01 3.000000000000000000e+01 1.016939585228447207e+01 -2.954064698240441444e+01 0.000000000000000000e+00 3.000000000000000000e+01 2.535834463394122196e+01 3.000000000000000000e+01 2.186887614532534840e+01
0.000000000000000000e+00 3.000000000000000000e+01 1.972892524329949993e+01 3.000000000000000000e+01 1.630903809535385562e+01 0.000000000000000000e+00 -1.668739350986335377e-12 3.000000000000000000e+01 1.847727333176917597e+01 -3.000000000000000000e+01 0.000000000000000000e+00 3.000000000000000000e+01 1.386702925324086166e+01 2.228006942646085520e+01 -3.000000000000000000e+01 0.000000000000000000e+00 1.850244416344077791e+01 2.702511310247559706e+01 -2.129474030809469554e+01 -3.000000000000000000e+01 0.000000000000000000e+00 1.567812444735926825e+01 1.993015381871431657e+01 2.726269425556495918e+01 1.522128855740383280e+01
0.000000000000000000e+00 2.521016955942575066e+01 1.909764211839462078e+01 1.742717237120765361e+01 -6.681150598835565724e-01 0.000000000000000000e+00 0.000000000000000000e+00 3.000000000000000000e+01 -5.138834463785427742e-01 3.000000000000000000e+01 0.000000000000000000e+00 3.000000000000000000e+01 1.174969872539534554e+00 2.799090641141867053e+01 2.598607251641840321e+01 0.000000000000000000e+00 9.315229286783537788e+00 1.378322566967562501e+01 3.000000000000000000e+01 3.000000000000000000e+01 0.000000000000000000e+00 1.236242856747866803e+01 1.340636961334233668e+01 2.396860110181354031e+01 1.385772757455645277e+01
0.000000000000000000e+00 1.375439582659342719e+01 1.767111856884943322e+01 0.000000000000000000e+00 1.389229838458416921e+01 0.000000000000000000e+00 0.000000000000000000e+00 2.016543531641285014e+01 -1.871946323578603355e+01 -2.452611456365302089e+01 0.000000000000000000e+00 2.310224579285640090e+01 -1.089037512051196721e+01 3.000000000000000000e+01 1.621562249836046377e+01 0.000000000000000000e+00 -6.531304184255903422e+00 7.190447136469439116e+00 3.000000000000000000e+01 3.000000000000000000e+01 0.000000000000000000e+00 0.000000000000000000e+00 0.000000000000000000e+00 1.206265981530540188e+01 4.642509483471854104e+00
0.000000000000000000e+00 0.000000000000000000e+00 0.000000000000000000e+00 0.000000000000000000e+00 0.000000000000000000e+00 0.000000000000000000e+00 0.000000000000000000e+00 0.000000000000000000e+00 0.000000000000000000e+00 0.000000000000000000e+00 0.000000000000000000e+00 0.000000000000000000e+00 0.000000000000000000e+00 0.000000000000000000e+00 0.000000000000000000e+00 0.000000000000000000e+00 0.000000000000000000e+00 0.000000000000000000e+00 0.000000000000000000e+00 0.000000000000000000e+00 0.000000000000000000e+00 0.000000000000000000e+00 0.000000000000000000e+00 0.000000000000000000e+00 0.000000000000000000e+00
0.000000000000000000e+00 0.000000000000000000e+00 0.000000000000000000e+00 0.000000000000000000e+00 0.000000000000000000e+00 0.000000000000000000e+00 0.000000000000000000e+00 0.000000000000000000e+00 0.000000000000000000e+00 0.000000000000000000e+00 0.000000000000000000e+00 0.000000000000000000e+00 0.000000000000000000e+00 0.000000000000000000e+00 0.000000000000000000e+00 0.000000000000000000e+00 0.000000000000000000e+00 0.000000000000000000e+00 0.000000000000000000e+00 0.000000000000000000e+00 0.000000000000000000e+00 0.000000000000000000e+00 0.000000000000000000e+00 0.000000000000000000e+00 0.000000000000000000e+00
0.000000000000000000e+00 0.000000000000000000e+00 0.000000000000000000e+00 0.000000000000000000e+00 0.000000000000000000e+00 0.000000000000000000e+00 0.000000000000000000e+00 0.000000000000000000e+00 0.000000000000000000e+00 0.000000000000000000e+00 0.000000000000000000e+00 0.000000000000000000e+00 0.000000000000000000e+00 0.000000000000000000e+00 0.000000000000000000e+00 0.000000000000000000e+00 0.000000000000000000e+00 0.000000000000000000e+00 0.000000000000000000e+00 0.000000000000000000e+00 0.000000000000000000e+00 0.000000000000000000e+00 0.000000000000000000e+00 0.000000000000000000e+00 0.000000000000000000e+00
0.000000000000000000e+00 0.000000000000000000e+00 0.000000000000000000e+00 0.000000000000000000e+00 0.000000000000000000e+00 0.000000000000000000e+00 0.000000000000000000e+00 0.000000000000000000e+00 0.000000000000000000e+00 0.000000000000000000e+00 0.000000000000000000e+00 0.000000000000000000e+00 0.000000000000000000e+00 0.000000000000000000e+00 0.000000000000000000e+00 0.000000000000000000e+00 0.000000000000000000e+00 0.000000000000000000e+00 0.000000000000000000e+00 0.000000000000000000e+00 0.000000000000000000e+00 0.000000000000000000e+00 0.000000000000000000e+00 0.000000000000000000e+00 0.000000000000000000e+00
0.000000000000000000e+00 0.000000000000000000e+00 0.000000000000000000e+00 0.000000000000000000e+00 3.000000000000000000e+01 0.000000000000000000e+00 -1.219829202577738729e-04 -1.507614460670405343e+01 2.746272997645883152e+01 -9.445501876888236836e+00 0.000000000000000000e+00 -8.343408069679764338e+00 6.698597300941329991e+00 0.000000000000000000e+00 -2.736474255748257889e+01 0.000000000000000000e+00 2.621229935194993033e+01 0.000000000000000000e+00 0.000000000000000000e+00 -2.665286416451686691e+01 0.000000000000000000e+00 0.000000000000000000e+00 0.000000000000000000e+00 0.000000000000000000e+00 0.000000000000000000e+00
0.000000000000000000e+00 2.670909350675052707e+01 1.761655345450587262e+01 8.831892728212343613e+00 3.000000000000000000e+01 0.000000000000000000e+00 2.987100378088937349e-07 1.930728519050914116e+01 5.397718282135974377e+00 -1.213174792367378352e+01 0.000000000000000000e+00 -1.895554781154256929e+01 -1.177545972265623320e+01 -1.846669901761312005e+01 2.522792383304206609e+01 0.000000000000000000e+00 2.202608209181772736e+01 -7.932128670224569256e-09 3.000000000000000000e+01 3.000000000000000000e+01 0.000000000000000000e+00 0.000000000000000000e+00 0.000000000000000000e+00 0.000000000000000000e+00 0.000000000000000000e+00
0.000000000000000000e+00 2.716818467996352737e+01 -1.307419255650458823e+01 -1.682806524920928481e+01 2.234831887795540695e+01 0.000000000000000000e+00 4.412519290323996224e-09 -1.626134139414141799e+01 1.289925787296661142e+01 -2.490784179905014284e+01 0.000000000000000000e+00 -3.000000000000000000e+01 2.078224997582984557e+01 2.864804588676140185e+01 7.921379169454711544e+00 0.000000000000000000e+00 7.250713681343600392e+00 -1.694160156968598700e-09 3.000000000000000000e+01 2.142310952333076202e+01 0.000000000000000000e+00 0.000000000000000000e+00 0.000000000000000000e+00 0.000000000000000000e+00 0.000000000000000000e+00
-2.814604834553764423e+00 2.381613297634574877e+01 2.152782653153120052e+01 -1.719414507161584993e+01 1.828386394867922959e+01 0.000000000000000000e+00 2.828009811447845724e-12 2.316230841464510348e+01 -1.994991228817124984e+00 2.545127692504623340e+01 0.000000000000000000e+00 3.000000000000000000e+01 2.996123296231953059e+00 1.737343600454396508e+01 -1.632792390174567032e+01 0.000000000000000000e+00 8.018797466316331113e-02 -2.205014296365607453e-14 1.909595270925597177e+01 6.283651399415953520e+00 0.000000000000000000e+00 0.000000000000000000e+00 0.000000000000000000e+00 0.000000000000000000e+00 0.000000000000000000e+00
-7.930326614336645541e+00 2.631630807813522921e+01 -3.194641334049543424e+00 2.211632603339226577e+01 -1.346937859173093166e+01 -4.844329338564221654e-01 -5.596244717629733634e-01 -5.862174175613402843e-02 1.423391155577170153e+01 1.868045950558422064e+01 0.000000000000000000e+00 2.909684317465395154e+01 -1.663793956139057073e+01 -1.698874439380087509e+01 1.689713666121257418e+01 -3.943418486645272836e+00 0.000000000000000000e+00 -2.850573510281003152e-15 6.261059403013319091e+00 1.253320815704827250e-02 0.000000000000000000e+00 0.000000000000000000e+00 0.000000000000000000e+00 0.000000000000000000e+00 0.000000000000000000e+00
-1.068281667858034645e+01 2.580125727647643075e+01 -2.257267581222872010e+01 7.511484839687273762e+00 3.000000000000000000e+01 -9.420038093238574106e+00 -6.023185125204967960e+00 1.652137404009525667e+01 -6.701604186040119870e-01 1.779897468681507533e+01 0.000000000000000000e+00 2.003799645777336025e+01 3.000000000000000000e+01 1.557725315289349943e+01 1.818732891657542261e+00 -8.690855526620355320e+00 0.000000000000000000e+00 0.000000000000000000e+00 -4.595554089056753944e-02 -5.346344033117876648e+00 0.000000000000000000e+00 0.000000000000000000e+00 0.000000000000000000e+00 0.000000000000000000e+00 -3.322968455614302448e-17
-1.181571974338724473e+01 1.806073791723754596e+01 9.504277144240033337e+00 1.568175529257125511e+01 1.776534740082561825e+01 -1.819265016048724704e+01 -1.639066638296992551e+01 1.600242107589315665e+01 -1.934447450324143603e+01 -2.436385216799314435e+01 -4.627906591713330187e+00 7.950023383665026699e+00 -7.866532740356335651e+00 -8.993419449672190424e+00 -5.994199183219222071e-01 -2.075995114557684218e+01 0.000000000000000000e+00 0.000000000000000000e+00 -5.335506520391215979e+00 -1.425440406002167038e+01 0.000000000000000000e+00 0.000000000000000000e+00 0.000000000000000000e+00 0.000000000000000000e+00 0.000000000000000000e+00
-1.395381669686735293e+01 9.124720892784067061e+00 1.974101644547776147e+01 -3.395745210175780571e+00 -6.324184464411737316e+00 -2.377144380977832228e+01 -2.599820632760719263e+01 -6.118142966131913774e+00 -1.270061134221603716e+01 -2.538601324133677650e+01 -1.461040525809046109e+01 -4.902569266324615427e+00 -3.000000000000000000e+01 -1.781316443884286471e+01 -1.356250176005245223e+01 -2.336793427760876085e+01 -2.091303678640307417e+00 -7.667920492777616350e-17 -1.114702876856206615e+01 -2.260131077898028096e+01 0.000000000000000000e+00 0.000000000000000000e+00 0.000000000000000000e+00 0.000000000000000000e+00 0.000000000000000000e+00
-2.195472074721370603e+01 -1.620491182104171912e+01 9.166422507337708581e+00 1.245384416978640907e+01 -1.582267459423679590e+01 -2.899184501500651123e+01 -3.000000000000000000e+01 -2.013474860301497671e+01 3.000000000000000000e+01 -3.000000000000000000e+01 -3.000000000000000000e+01 -2.136223225811805904e+01 3.000000000000000000e+01 -3.000000000000000000e+01 1.807637253817212653e+01 -3.000000000000000000e+01 -6.132635948878689014e+00 0.000000000000000000e+00 -1.382863066754220327e+01 -3.000000000000000000e+01 0.000000000000000000e+00 0.000000000000000000e+00 0.000000000000000000e+00 0.000000000000000000e+00 0.000000000000000000e+00
3.000000000000000000e+01 2.917321083834665885e+01 -1.993724492405509613e-02 -1.560195460327928352e+01 2.699276988118502629e+01 3.000000000000000000e+01 3.000000000000000000e+01 2.357183069220017302e+01 2.710964656605455048e+01 3.000000000000000000e+01 3.000000000000000000e+01 -2.420498210403112793e+01 1.598519120953449146e+01 3.000000000000000000e+01 1.119480638560750130e+01 3.000000000000000000e+01 -1.530562930693279533e+01 0.000000000000000000e+00 -1.672176936599342767e+01 3.000000000000000000e+01 0.000000000000000000e+00 0.000000000000000000e+00 0.000000000000000000e+00 0.000000000000000000e+00 0.000000000000000000e+00
2.432697319766633015e+01 1.189693822129386014e+01 -9.068806822575652404e+00 -2.296272032356112547e+01 1.576584733253836390e+01 2.866577285704378397e+01 2.576743958765842635e+01 2.182542003054134483e+01 1.986243123733021676e+01 2.604462956102251425e+01 2.134632414365557196e+01 3.000000000000000000e+01 7.471783786855064058e-01 2.355737277549547315e+01 -4.885410815093930381e+00 2.836353960368191451e+01 -1.069596876460585655e+01 0.000000000000000000e+00 -1.351237213983125152e+01 2.729732133492276347e+01 0.000000000000000000e+00 0.000000000000000000e+00 0.000000000000000000e+00 0.000000000000000000e+00 0.000000000000000000e+00
2.961258844769371024e+01 -2.359034750217226251e-01 -2.334661513540283284e+00 -2.837695454316303056e+01 1.343539910335287679e+01 3.000000000000000000e+01 1.382322848764309242e+01 1.399982281390090399e+00 -1.715089787395226217e+00 1.512822680635124684e+01 1.209328834925563001e+01 2.270146281720609238e+01 -8.062035759750127983e-01 1.563500153137233006e+01 -2.082391132456320904e+01 2.172578846203061076e+01 -1.464056279510374914e+01 5.446579525491926099e-16 1.529661814174654388e+01 9.901148610485250856e+00 0.000000000000000000e+00 0.000000000000000000e+00 0.000000000000000000e+00 0.000000000000000000e+00 0.000000000000000000e+00
1.980620642929811837e+01 6.935476912848966613e+00 -2.340251372150813225e+01 -3.000000000000000000e+01 1.209806170689672200e+01 3.000000000000000000e+01 -1.055204664520695523e+01 -1.829909712839556946e+01 2.267592276914654192e+01 1.777619588501728964e+00 6.028797876334704320e+00 9.227852275111985136e+00 -1.604538823728664809e+01 1.363085280326090443e+00 1.918602187817703353e+01 1.587660787715599575e+01 -1.919483671453653884e+01 2.318185783079047942e-18 1.463241263644304091e+01 3.085758085619521029e+00 0.000000000000000000e+00 0.000000000000000000e+00 0.000000000000000000e+00 0.000000000000000000e+00 0.000000000000000000e+00
7.922849242352606680e+00 -9.738957541002449814e-01 2.376362115010012843e+01 -3.000000000000000000e+01 8.931745519583115467e+00 3.000000000000000000e+01 2.383936719765426560e+01 1.070277592127830069e+01 -3.048903445976888005e+00 0.000000000000000000e+00 -1.836534929604204613e+00 1.294470708209738141e-01 2.435194156102825147e+01 9.867476427313761190e-15 6.961384048285581549e+00 1.129949399285826495e+01 2.128960641716895097e+01 2.119148649746721926e-18 1.432424888877273261e+01 3.685583702556758951e-03 0.000000000000000000e+00 0.000000000000000000e+00 0.000000000000000000e+00 0.000000000000000000e+00 0.000000000000000000e+00
7.894717151585058268e+00 1.189531624455468872e+01 2.217274037097773487e+01 3.000000000000000000e+01 4.156663554558586604e+00 2.151467796577228953e+01 1.509660768212795157e+00 -1.387624507161952714e+01 -6.403292605271413862e+00 0.000000000000000000e+00 -1.627315722101804951e+01 -4.477590504578115471e+00 2.091682272382803021e+00 5.831933333961796212e-15 -1.014088967672984154e+01 5.143658719929955048e+00 1.606431259987606808e+01 2.810585803659209552e-17 7.990767818180304793e+00 1.114576417839238108e-16 0.000000000000000000e+00 0.000000000000000000e+00 0.000000000000000000e+00 0.000000000000000000e+00 0.000000000000000000e+00
-1.000795043011692442e+01 -1.569604173436661121e+01 3.293008915467373399e+00 2.195432393431427442e+01 0.000000000000000000e+00 1.153536277687534195e+01 -1.401663635536582930e+01 -1.865642201920143251e+01 -1.416260588829543998e+01 0.000000000000000000e+00 -2.937678980531169870e+01 -2.322665098056602417e+01 -1.877425663370290465e+01 2.988443009440194956e-13 -2.375618473796735586e+01 3.478219683000272772e-21 1.132642253945081556e+01 3.069125436958750351e-17 2.013241474576092482e+00 2.896376693894606925e-16 0.000000000000000000e+00 0.000000000000000000e+00 0.000000000000000000e+00 0.000000000000000000e+00 0.000000000000000000e+00
-1.317528412763410373e+00 2.239553903892923259e+01 9.451233324475159847e+00 1.057877493832623195e+01 0.000000000000000000e+00 -9.380940424756326834e+00 1.957493364991469420e+01 1.831421357859045429e+01 1.835415819459419495e+01 0.000000000000000000e+00 2.617332740134496660e+01 2.570364591737500959e+01 1.948349839496085423e+01 -1.022968892046554703e-16 3.000000000000000000e+01 -2.027998971597044092e-02 1.583880172692877863e+01 -9.143597449336168032e-18 4.547711028150847601e-01 2.004053711349579910e-18 0.000000000000000000e+00 0.000000000000000000e+00 0.000000000000000000e+00 0.000000000000000000e+00 0.000000000000000000e+00
-7.882560293018800124e+00 1.159483809794914499e+01 -1.743517210453041599e+01 2.026182474352035967e-01 0.000000000000000000e+00 -8.351823765811414724e-01 2.553069449848573669e+01 -3.689524631255897802e+00 1.232592511010489567e+01 0.000000000000000000e+00 2.084897751339733318e+01 2.484537683792545693e+00 1.144657331723083438e+01 -5.682917206128760766e-18 2.679717042591094511e+01 -8.141015914244221108e+00 6.387487787467193812e+00 1.484222977067651708e-15 -5.199614891030245545e+00 5.545631102989316654e-19 0.000000000000000000e+00 0.000000000000000000e+00 0.000000000000000000e+00 0.000000000000000000e+00 0.000000000000000000e+00
2.146981918331319861e+01 -9.894019278141218621e+00 2.124425254304593835e+01 -1.270927040027792110e+01 0.000000000000000000e+00 7.579553227609233446e+00 1.203633046264004314e+01 -2.371333365778299651e+01 1.674972569371939723e+00 0.000000000000000000e+00 2.108837504445902766e+01 -1.888143690263246555e+01 3.221579356318518883e+00 2.723573433329550527e-19 1.486003503494739952e+01 -1.724411175273434793e+01 -7.837619583801956891e-01 -1.988561238209999600e-23 -1.518168905078866437e+01 0.000000000000000000e+00 0.000000000000000000e+00 0.000000000000000000e+00 0.000000000000000000e+00 0.000000000000000000e+00 0.000000000000000000e+00
1.314610045469357935e+01 -6.904746438168668732e+00 -4.123875563519658338e-01 -1.914278387290394789e+01 0.000000000000000000e+00 1.255518573122688153e+01 7.054816335376356662e+00 -1.899047405911692010e+01 -8.285815517903325698e-06 0.000000000000000000e+00 5.689137757547539920e+00 5.025008936169943929e+00 3.024507840894066855e-15 3.769037852324150305e-17 7.172665261930048775e-02 -2.210682070822361567e+01 -8.327603590028264335e+00 2.586551310563202798e-17 -2.387723446445038533e+01 0.000000000000000000e+00 0.000000000000000000e+00 0.000000000000000000e+00 0.000000000000000000e+00 0.000000000000000000e+00 0.000000000000000000e+00
-1.525265978458712812e+00 1.012822343020069304e+01 9.739885956472637218e+00 -2.389037916189107591e+01 0.000000000000000000e+00 -1.677937997195243014e+01 1.206318202801515405e+01 2.444812674559112153e+01 0.000000000000000000e+00 0.000000000000000000e+00 1.171195754968807279e+01 2.033092063876425470e+01 -1.236795104776914541e-11 0.000000000000000000e+00 -1.120557419840616120e+01 2.817550715966973129e+01 -1.508434697853196838e+01 -8.295326817006324712e-14 3.000000000000000000e+01 0.000000000000000000e+00 0.000000000000000000e+00 0.000000000000000000e+00 0.000000000000000000e+00 0.000000000000000000e+00 0.000000000000000000e+00
1.385916109397279250e+01 -3.571866234461657630e+00 -1.228507837295636307e+01 2.439494239431297729e+01 0.000000000000000000e+00 2.105863963777049008e+01 5.519625031347710653e+00 1.304212746908906695e+01 0.000000000000000000e+00 0.000000000000000000e+00 1.457668261704619717e+01 -1.174537949282532701e+01 -5.509774795683753610e-05 0.000000000000000000e+00 1.827545763048521010e+01 1.870421695275678431e+01 -8.558857416791322947e+00 -2.068414146243824359e+00 1.980649289977780114e+01 0.000000000000000000e+00 0.000000000000000000e+00 0.000000000000000000e+00 -2.728354513649395852e-01 0.000000000000000000e+00 0.000000000000000000e+00
-2.361004395776595821e+00 -9.277936628868502567e+00 -2.557272648426670969e+01 1.401101652282704890e+01 0.000000000000000000e+00 -1.756063698519597871e+00 -1.089913952673534325e+01 -8.330402219752309989e+00 1.751030172116429766e-17 0.000000000000000000e+00 -3.580493970610629351e+00 2.095599675973802078e+01 -1.303476972206324858e+00 0.000000000000000000e+00 5.760285177182831617e+00 -6.524058937553425253e+00 -2.270209780916839648e+01 -8.269754147347185835e+00 1.040545194743484103e+01 0.000000000000000000e+00 0.000000000000000000e+00 0.000000000000000000e+00 -5.813059486253025376e+00 0.000000000000000000e+00 0.000000000000000000e+00
-1.013306619628750838e+01 -2.570095789627807648e+01 7.095638408592417790e+00 5.719350601787305255e-01 0.000000000000000000e+00 2.307200708503301101e+01 -1.965753352230619910e+01 -2.942406986837027461e+01 -9.206048745054578134e-15 0.000000000000000000e+00 9.196912573799052026e+00 8.335562826238454015e-01 -6.456749303276736462e+00 0.000000000000000000e+00 -1.616636130853048303e-01 -3.000000000000000000e+01 -8.480438287361780070e+00 -5.850021397367178189e+00 3.031381363080808189e+00 0.000000000000000000e+00 -1.199586705878076254e+00 -2.590808241411086232e+00 -2.036614044101068899e+01 -9.140094240014954963e+00 0.000000000000000000e+00
-2.205074346654725659e+01 -2.624576936355370194e+01 -2.052188139949917556e+01 -1.162409087090822979e+01 0.000000000000000000e+00 3.961280182582562315e+00 3.000000000000000000e+01 -3.000000000000000000e+01 1.175187733524356588e-12 0.000000000000000000e+00 3.563327245992848002e+00 -2.145579375843385250e+01 -1.418853580409703063e+01 0.000000000000000000e+00 -8.043083532148802561e+00 -3.000000000000000000e+01 2.324700052817991036e+01 -2.037489264419805224e+01 1.925940864127341705e-13 0.000000000000000000e+00 -1.072726048380622821e+01 -9.024175253743388581e+00 -1.537231672452860920e+01 -1.491284749047739311e+01 0.000000000000000000e+00
-1.787512752759539225e+01 -3.000000000000000000e+01 -2.142268304919525690e+01 -2.263250534196976105e+01 0.000000000000000000e+00 -8.154736041740576757e-01 1.939968368811942767e+01 -2.813219045732127910e+01 -3.435138409019338757e-01 0.000000000000000000e+00 -2.043065076385132883e+01 5.355400974356324895e+00 -2.082266795246783175e+01 0.000000000000000000e+00 -1.570450512534265819e+01 3.000000000000000000e+01 1.374279652819777198e+01 -3.000000000000000000e+01 1.014446218358137445e-13 0.000000000000000000e+00 -1.293294229167031517e+01 -2.370582076476823019e+01 -2.133034664535754032e+01 -2.324250057408261938e+01 0.000000000000000000e+00
-2.538010311897060944e+01 -3.000000000000000000e+01 -2.963588435391321951e+01 -3.000000000000000000e+01 0.000000000000000000e+00 -1.783852442991443610e+01 1.015872636967412923e+00 -3.000000000000000000e+01 -9.795834378556346422e+00 0.000000000000000000e+00 -1.097881472454491458e+01 -7.491867002809334463e-10 3.000000000000000000e+01 0.000000000000000000e+00 -2.416736890156040829e+01 -2.250279863873124953e+01 -2.056860433122596632e+01 -3.000000000000000000e+01 3.451085260023102680e-17 0.000000000000000000e+00 -1.817383690804276952e+01 -3.000000000000000000e+01 -3.000000000000000000e+01 -3.000000000000000000e+01 0.000000000000000000e+00
3.000000000000000000e+01 3.000000000000000000e+01 3.000000000000000000e+01 3.000000000000000000e+01 0.000000000000000000e+00 1.815416359958271997e+01 -1.331396079549551359e-01 3.000000000000000000e+01 -1.045547779440271263e+01 0.000000000000000000e+00 -1.432010113023432751e+01 -1.009083358398402730e+01 3.000000000000000000e+01 0.000000000000000000e+00 2.649506435844955732e+01 3.000000000000000000e+01 -3.000000000000000000e+01 3.000000000000000000e+01 -4.878662905811564698e+00 0.000000000000000000e+00 3.000000000000000000e+01 3.000000000000000000e+01 3.000000000000000000e+01 3.000000000000000000e+01 0.000000000000000000e+00
2.260699146845950125e+01 3.000000000000000000e+01 2.364535708600067565e+01 2.739173935719040642e+01 0.000000000000000000e+00 -2.059974033450830966e+00 -1.460578670018759340e+01 3.000000000000000000e+01 -1.895119574487443970e+01 0.000000000000000000e+00 -2.833369706885476091e+01 -3.000000000000000000e+01 2.055780028979162211e+01 0.000000000000000000e+00 1.390579804183205681e+01 2.365444240912179552e+01 2.123327567908361857e+01 3.000000000000000000e+01 -8.742244160766579952e+00 0.000000000000000000e+00 1.535116202024551768e+01 3.000000000000000000e+01 2.671539113493681583e+01 3.000000000000000000e+01 0.000000000000000000e+00
1.455969547550460419e+01 2.623030244339484796e+01 1.867498778101106183e+01 1.236750967717172678e+01 0.000000000000000000e+00 -2.185883947630936674e+01 1.771004206298458072e+01 1.888468262492863303e+01 -1.830382513827202118e+01 0.000000000000000000e+00 3.000000000000000000e+01 3.000000000000000000e+01 1.599373894396669549e+01 0.000000000000000000e+00 1.271209385529844127e+01 1.760408226019163180e+01 1.857859746771775677e+00 2.440269828364291982e+01 -2.087709912725524575e+01 0.000000000000000000e+00 2.480863070194809694e+01 2.141258160504299468e+01 1.752794558112183410e+01 2.361206840927773953e+01 0.000000000000000000e+00
1.175178837551285582e+01 1.927123065904423882e+01 1.093155793465208703e+01 4.172184122072410517e+00 0.000000000000000000e+00 -3.000000000000000000e+01 -7.187929507151033626e+00 6.731344705082619839e+00 1.705720459560125590e+01 0.000000000000000000e+00 2.057273240462782837e+01 2.918341334947652754e+01 9.896866047096430918e+00 0.000000000000000000e+00 1.838785635324036716e-01 1.076471998506699634e+01 0.000000000000000000e+00 1.356669925591686265e+01 -2.173830720646207126e+01 0.000000000000000000e+00 1.130613721966145668e+01 3.000000000000000000e+01 1.449425144780389729e+01 1.489523647847557442e+01 0.000000000000000000e+00
7.430391845278900398e+00 4.517654547113199470e+00 7.419227060468763568e+00 7.143784597385810188e-14 0.000000000000000000e+00 3.000000000000000000e+01 1.279610956741704086e+01 2.998524745453879925e-01 1.782986371138913384e+01 0.000000000000000000e+00 -2.317176090966135138e-01 2.093623525149755338e+01 3.553583666774913219e+00 0.000000000000000000e+00 -2.609261373839336486e-08 1.913312587815754640e+01 -4.706495792921982613e+00 -1.626682153107853068e+01 1.873613942892039574e+01 0.000000000000000000e+00 -5.406557125765718119e+00 1.536036919477293239e+01 1.029335093170397286e+01 4.896321873402157188e+00 0.000000000000000000e+00
2.802954841069228986e-01 0.000000000000000000e+00 2.868065420462329485e+00 0.000000000000000000e+00 0.000000000000000000e+00 3.000000000000000000e+01 8.506762030052403389e+00 1.903938753263899333e-16 1.662738128301382545e+01 0.000000000000000000e+00 1.542371793250320344e+01 2.538799555864764201e+01 2.073321572201185237e-02 0.000000000000000000e+00 -2.070432809516218331e+00 9.723788892091350888e+00 -1.076087760010440064e+01 3.000000000000000000e+01 1.608094662015847121e+01 0.000000000000000000e+00 -1.528410482914685531e+01 4.070310215165964807e-01 -8.933750520695029618e-01 -2.985271803333776044e-16 0.000000000000000000e+00
0.000000000000000000e+00 0.000000000000000000e+00 -1.616378222280898738e-16 0.000000000000000000e+00 0.000000000000000000e+00 3.000000000000000000e+01 -7.402301234975486643e+00 -1.844125896783180421e-13 6.855094651008917239e+00 0.000000000000000000e+00 1.403768609768416376e+01 1.384663940730906972e+01 1.505170764519382091e-08 0.000000000000000000e+00 -1.811055489011697262e+01 -1.242124608547155695e+01 2.379776800481170085e+01 2.255593017896230990e+01 5.796505120773670861e+00 0.000000000000000000e+00 -2.309777342398552236e+01 -6.488239182318199738e+00 -1.541734082401180217e+01 -3.755207505021499678e-08 0.000000000000000000e+00
0.000000000000000000e+00 0.000000000000000000e+00 0.000000000000000000e+00 0.000000000000000000e+00 0.000000000000000000e+00 -2.227225395418937026e+01 1.341142339159083363e+01 -5.457436033812832527e-14 -3.596042850583428319e+00 0.000000000000000000e+00 -6.590048724025274751e+00 1.059550313586497339e+01 1.007522984240856930e-11 0.000000000000000000e+00 3.000000000000000000e+01 2.534622577563323631e+01 1.325395756284694526e+00 9.748502046739773164e+00 3.696877884259134328e-01 0.000000000000000000e+00 -3.000000000000000000e+01 1.727471396105924129e+01 -2.311704641050551245e+01 -2.120524912841401655e+00 0.000000000000000000e+00
0.000000000000000000e+00 0.000000000000000000e+00 0.000000000000000000e+00 0.000000000000000000e+00 0.000000000000000000e+00 -2.508627271804336090e+01 -1.342026887541742219e+01 0.000000000000000000e+00 -1.589238708177688153e+01 0.000000000000000000e+00 7.063060715668427747e+00 -9.265247861558368214e+00 2.769583662489537309e-11 0.000000000000000000e+00 3.000000000000000000e+01 1.209861312167334368e+01 -2.253166696793688573e+01 -1.507595375053879749e+01 3.248439899403126526e-11 0.000000000000000000e+00 -2.834060985168877878e+01 -1.678159701014807226e+01 -2.092146351906116664e+01 -1.396768862570299063e+01 0.000000000000000000e+00
0.000000000000000000e+00 0.000000000000000000e+00 0.000000000000000000e+00 0.000000000000000000e+00 0.000000000000000000e+00 2.853018235847849127e+01 2.696865305169969673e+01 0.000000000000000000e+00 -2.344160901052817536e+01 0.000000000000000000e+00 -1.031473646585737569e+01 1.900029312792455016e+01 -2.628466479864013938e-02 0.000000000000000000e+00 2.259235823132327070e+01 -1.037583144870601970e+01 3.000000000000000000e+01 1.732831477542745446e+01 -2.375824882649004710e+00 0.000000000000000000e+00 2.873728840481616231e+01 1.634964453225011738e+01 -2.451424421332322723e+01 -2.339758402826988615e+01 0.000000000000000000e+00
0.000000000000000000e+00 0.000000000000000000e+00 0.000000000000000000e+00 0.000000000000000000e+00 0.000000000000000000e+00 2.149493955308428639e+01 1.687094271507895726e+01 0.000000000000000000e+00 -3.000000000000000000e+01 0.000000000000000000e+00 1.325917864584136652e+01 3.488921967276615438e-02 -7.542197296039370613e+00 0.000000000000000000e+00 2.257220105353582085e+00 -2.383038388307011601e+01 2.696939248984967819e+01 -1.257292104704882618e+01 -1.451719556656896515e+01 0.000000000000000000e+00 1.651713787044253223e+01 -8.117431524656848474e-02 3.000000000000000000e+01 2.720370854098010227e+01 0.000000000000000000e+00
0.000000000000000000e+00 0.000000000000000000e+00 0.000000000000000000e+00 0.000000000000000000e+00 0.000000000000000000e+00 1.283695621053645120e+01 -4.854049868539521917e+00 0.000000000000000000e+00 2.461542639033330815e+01 0.000000000000000000e+00 -1.347855179144509208e+01 -2.470098721462892755e+01 -1.656079714645949252e+01 0.000000000000000000e+00 -1.271822028492560763e+00 -2.221520204510280649e+01 1.497838022468496888e+01 2.720863293847365583e+01 2.748596931845519720e+01 0.000000000000000000e+00 1.168892256336447844e+01 9.646351457428892218e+00 2.399689714652063799e+01 2.037154959106975127e+01 0.000000000000000000e+00
0.000000000000000000e+00 0.000000000000000000e+00 0.000000000000000000e+00 0.000000000000000000e+00 0.000000000000000000e+00 -1.546408133608128566e+00 -1.507934537572743139e+01 0.000000000000000000e+00 9.788497347869865806e+00 0.000000000000000000e+00 2.184228575153872853e+01 2.384571335663434155e+01 2.220055709021467294e+01 2.059855059502299539e-14 -1.718026788986182751e+01 2.692881806005011569e+01 2.219412188136063335e+00 -5.531682466957600353e-01 1.591460747081793059e+01 0.000000000000000000e+00 -2.573880954075204119e+00 -1.891551926037793763e+01 1.525662382613062817e+01 8.104892621896606641e+00 0.000000000000000000e+00
0.000000000000000000e+00 0.000000000000000000e+00 0.000000000000000000e+00 0.000000000000000000e+00 0.000000000000000000e+00 -1.078392786272507919e+01 1.205638254257930164e+01 0.000000000000000000e+00 2.043993709570904649e+00 -7.616410491547760842e+00 -7.608789869036813869e-01 -1.152909858832570356e+00 -3.000000000000000000e+01 -3.928028102797966961e-14 1.874373597477820752e+01 2.277338823407629320e+01 -2.857278017218481292e+00 1.881970928932441467e+01 -4.459622454093049859e-02 0.000000000000000000e+00 -1.611721481822153734e+01 1.968630489538856310e+01 3.000000000000000000e+01 -1.545390760397295615e+01 0.000000000000000000e+00
0.000000000000000000e+00 0.000000000000000000e+00 0.000000000000000000e+00 0.000000000000000000e+00 0.000000000000000000e+00 -1.771934666380744616e+01 4.782827460513891182e+00 0.000000000000000000e+00 1.313247901416090549e-09 -1.301556934124530684e+01 -1.720431863242760784e+01 -2.223719628776009927e+01 2.627367468744443713e+01 -2.768367793681076690e-14 6.227254450264335439e+00 4.427477649492970180e+00 1.266386341549783801e+01 -3.933664978400888579e+00 -1.610119589651162997e+01 0.000000000000000000e+00 -2.655550322220723558e+01 4.728415188016852788e+00 2.686955760643096625e+01 2.136904960486869953e+01 -4.498742552944236195e+00
0.000000000000000000e+00 0.000000000000000000e+00 0.000000000000000000e+00 0.000000000000000000e+00 0.000000000000000000e+00 -2.358285530257712637e+01 -1.095836753691875742e+01 0.000000000000000000e+00 7.435084482584838300e-12 -1.856156662940309232e+01 -2.760732343835464420e+01 1.843057641850720785e+01 -3.116720504496939825e-01 -2.201606831559231647e+00 1.710837174534129716e-14 -1.788865543950497994e+01 -5.773373179610426398e+00 1.256045098749766353e+01 -2.887082105353398731e+01 -8.293979275306895715e+00 9.221364222831546442e+00 4.149316616891155718e+00 1.546814730008789596e+01 -1.952007495271161730e+01 -1.146557150802694736e+01
0.000000000000000000e+00 0.000000000000000000e+00 0.000000000000000000e+00 0.000000000000000000e+00 0.000000000000000000e+00 -3.000000000000000000e+01 -2.130411410831488439e+01 0.000000000000000000e+00 -4.003583183402006703e-12 -2.512985948172903861e+01 -2.573556673639357228e+01 -4.062105322676599628e-01 -2.610317465866750553e+01 -1.637199748568123425e+01 -5.755087015365410785e+00 -3.000000000000000000e+01 -1.436719436481375034e+01 -1.833503412150766820e+01 -3.000000000000000000e+01 -2.444718088422878211e+01 -1.707866741541842259e+01 -5.120997834431392448e+00 3.060529315393636929e-01 -6.928993382339003304e+00 -1.397279973716115720e+01
0.000000000000000000e+00 0.000000000000000000e+00 0.000000000000000000e+00 0.000000000000000000e+00 0.000000000000000000e+00 -3.000000000000000000e+01 -3.000000000000000000e+01 0.000000000000000000e+00 -4.210376655888754470e-09 -3.000000000000000000e+01 -3.000000000000000000e+01 -2.215442577691858617e+01 -3.000000000000000000e+01 -3.000000000000000000e+01 -1.481383643782825743e+01 -3.000000000000000000e+01 -1.239759819955718179e+01 3.000000000000000000e+01 2.835862311092944310e+01 -3.000000000000000000e+01 -2.374960209042941983e+01 -2.017325091344978105e+01 1.076327083112253469e+01 -2.664831881518213663e+01 -1.637736444235281397e+01
