# yaw
0.000000000000000000e+00 0.000000000000000000e+00 0.000000000000000000e+00 0.000000000000000000e+00 0.000000000000000000e+00 0.000000000000000000e+00 0.000000000000000000e+00 0.000000000000000000e+00 0.000000000000000000e+00 0.000000000000000000e+00 0.000000000000000000e+00 0.000000000000000000e+00 0.000000000000000000e+00 0.000000000000000000e+00 0.000000000000000000e+00 1.089416528525963684e-01 3.329170301771157692e-01 1.089416528526005179e-01 3.329170301771164908e-01 1.089416528525970485e-01 2.258568446034007238e+01 2.619849303144238917e+01 2.258568446034012567e+01 2.619849303144239627e+01 2.258568446034010435e+01
0.000000000000000000e+00 0.000000000000000000e+00 0.000000000000000000e+00 0.000000000000000000e+00 0.000000000000000000e+00 1.198025326625995746e+01 5.117068995703327516e+00 1.198026956904255513e+01 5.117068948660286942e+00 1.199053636914550047e+01 2.901811031602221291e+01 3.000000000000000000e+01 2.901853259633829651e+01 3.000000000000000000e+01 2.902420418457145956e+01 2.914342009161098446e+01 3.000000000000000000e+01 2.914300384597228799e+01 3.000000000000000000e+01 2.914377536410470526e+01 2.659958282475626135e+01 2.992449923234833520e+01 2.659120711051742347e+01 2.992449928505972423e+01 2.659135540596855307e+01
0.000000000000000000e+00 0.000000000000000000e+00 0.000000000000000000e+00 0.000000000000000000e+00 0.000000000000000000e+00 1.487394364101816358e+01 1.173875055359894048e+01 1.490200148106661970e+01 1.172825491622373661e+01 1.989634304954944000e+01 1.817433261178225479e+01 2.194109861854398957e+01 1.844526678069157555e+01 2.193466709831810135e+01 2.087730480293745217e+01 2.387262518694704028e+01 1.824456145497689263e+01 2.213136367395617299e+01 1.824434234583814174e+01 2.241588883070685156e+01 1.604533453377054286e+01 1.547577152056353711e+01 1.203397163447346863e+01 1.550529404100370812e+01 1.203832523261500320e+01
0.000000000000000000e+00 0.000000000000000000e+00 0.000000000000000000e+00 0.000000000000000000e+00 0.000000000000000000e+00 8.108392045421386030e+00 0.000000000000000000e+00 8.154337153758492107e+00 0.000000000000000000e+00 1.997929694112487198e+01 0.000000000000000000e+00 3.257658249840350351e+00 0.000000000000000000e+00 3.219318370564404841e+00 1.585622130900068605e+01 1.747892774792488524e+01 0.000000000000000000e+00 1.326125868215047277e+01 0.000000000000000000e+00 1.807593400759306590e+01 1.353215654981922533e+01 1.595151461629879286e+01 0.000000000000000000e+00 1.768812009123049123e+01 0.000000000000000000e+00
0.000000000000000000e+00 0.000000000000000000e+00 0.000000000000000000e+00 0.000000000000000000e+00 0.000000000000000000e+00 0.000000000000000000e+00 0.000000000000000000e+00 0.000000000000000000e+00 0.000000000000000000e+00 1.324377380314222741e+01 0.000000000000000000e+00 -1.178922283456379283e+00 0.000000000000000000e+00 -1.113122935990315643e+00 6.172284948060156040e+00 0.000000000000000000e+00 1.299241868002527411e+01 1.208885588681168244e+01 1.306960450804368890e+01 2.460937752348823793e+01 9.864530402106730378e+00 2.194614079570673226e+01 1.907914860865432516e+01 2.090078946080829780e+01 1.911844550346688010e+01
0.000000000000000000e+00 0.000000000000000000e+00 0.000000000000000000e+00 0.000000000000000000e+00 0.000000000000000000e+00 0.000000000000000000e+00 0.000000000000000000e+00 0.000000000000000000e+00 0.000000000000000000e+00 1.047891556845902405e+00 0.000000000000000000e+00 0.000000000000000000e+00 0.000000000000000000e+00 0.000000000000000000e+00 0.000000000000000000e+00 0.000000000000000000e+00 0.000000000000000000e+00 0.000000000000000000e+00 0.000000000000000000e+00 9.676310942224583656e+00 0.000000000000000000e+00 -6.152227945405106979e+00 -1.113042082036546532e+01 -1.223082645649206768e+01 0.000000000000000000e+00
0.000000000000000000e+00 0.000000000000000000e+00 0.000000000000000000e+00 0.000000000000000000e+00 0.000000000000000000e+00 0.000000000000000000e+00 -3.185333334487415069e+00 -3.133661941929209327e+00 0.000000000000000000e+00 -1.521305099441320197e+00 0.000000000000000000e+00 0.000000000000000000e+00 0.000000000000000000e+00 0.000000000000000000e+00 0.000000000000000000e+00 0.000000000000000000e+00 0.000000000000000000e+00 0.000000000000000000e+00 0.000000000000000000e+00 0.000000000000000000e+00 0.000000000000000000e+00 0.000000000000000000e+00 -3.383741546963923152e+00 -3.593089584837626749e+00 -3.506948870187558853e+00
0.000000000000000000e+00 0.000000000000000000e+00 0.000000000000000000e+00 0.000000000000000000e+00 0.000000000000000000e+00 0.000000000000000000e+00 -1.631813822970821093e+01 -1.586839754966220895e+01 -1.622134951821310977e+01 -1.509555238913075748e+01 0.000000000000000000e+00 -1.319937947304891424e+01 -1.846965314481656151e+01 -1.686070659843920083e+01 -1.546211456296495790e+01 0.000000000000000000e+00 -2.090731137917623883e+01 -2.387174566200653203e+01 -2.512589019055873152e+01 -1.379775523052830088e+01 0.000000000000000000e+00 -1.343901616053284087e+01 -1.794618426491961571e+01 -2.120430255987735180e+01 -2.020838930815971324e+01
0.000000000000000000e+00 0.000000000000000000e+00 0.000000000000000000e+00 0.000000000000000000e+00 0.000000000000000000e+00 0.000000000000000000e+00 0.000000000000000000e+00 0.000000000000000000e+00 -1.960827223257178886e+01 -1.488014874271558696e+01 0.000000000000000000e+00 0.000000000000000000e+00 -6.572553590761756048e+00 -5.889004839039325034e+00 -2.592053597135343779e+01 0.000000000000000000e+00 -1.993279218086765781e+01 -6.105445512199585423e+00 -2.900096965378875069e+01 -2.323478357978711628e+01 0.000000000000000000e+00 -1.487956733588859315e+01 -2.602619678728775909e+01 -2.363555980423554814e+01 -2.785593747716981383e+01
0.000000000000000000e+00 0.000000000000000000e+00 0.000000000000000000e+00 0.000000000000000000e+00 0.000000000000000000e+00 0.000000000000000000e+00 0.000000000000000000e+00 0.000000000000000000e+00 1.276228746536459235e+00 1.434286290798371866e+01 0.000000000000000000e+00 0.000000000000000000e+00 0.000000000000000000e+00 0.000000000000000000e+00 2.530848833810983578e+01 0.000000000000000000e+00 1.276206811730100643e+00 0.000000000000000000e+00 1.336134925026064346e+00 1.868462393803584831e+01 0.000000000000000000e+00 1.434286020729343925e+01 2.530843318739801262e+01 1.868438247646994199e+01 2.547931763025380647e+01
0.000000000000000000e+00 0.000000000000000000e+00 0.000000000000000000e+00 0.000000000000000000e+00 0.000000000000000000e+00 0.000000000000000000e+00 2.860723441303589709e+01 2.965849188548074267e+01 2.899938461825555791e+01 2.586918022916934135e+01 0.000000000000000000e+00 2.929771661017446149e+01 2.400364959645103724e+01 2.920935196690755831e+01 2.387722554860286195e+01 0.000000000000000000e+00 2.972783429530182175e+01 2.790004992235663650e+01 3.000000000000000000e+01 3.000000000000000000e+01 0.000000000000000000e+00 2.500233309411078508e+01 1.988579484217851956e+01 2.422836472468375391e+01 2.711821658283471237e+01
0.000000000000000000e+00 0.000000000000000000e+00 0.000000000000000000e+00 0.000000000000000000e+00 0.000000000000000000e+00 0.000000000000000000e+00 1.586666705635128594e+01 1.072042398883797709e+01 1.237875305931424919e+01 2.255421212272941034e+01 0.000000000000000000e+00 1.662159836871623142e+01 1.304346780461806254e+01 3.000000000000000000e+01 3.000000000000000000e+01 0.000000000000000000e+00 1.422521224971260700e+01 1.265487334822910626e+01 2.489907116417337463e+01 3.000000000000000000e+01 0.000000000000000000e+00 1.134247223652154624e+01 8.554763837924996395e+00 2.437753615326088052e+01 3.000000000000000000e+01
0.000000000000000000e+00 0.000000000000000000e+00 0.000000000000000000e+00 0.000000000000000000e+00 0.000000000000000000e+00 0.000000000000000000e+00 4.002470560559625135e+00 0.000000000000000000e+00 0.000000000000000000e+00 2.072015430841544870e+01 0.000000000000000000e+00 4.223303082410916787e+00 0.000000000000000000e+00 0.000000000000000000e+00 2.183017416736473137e+01 0.000000000000000000e+00 3.494517865002949364e+00 0.000000000000000000e+00 1.317258553215036487e+00 2.930113470021144906e+01 0.000000000000000000e+00 -1.169142844159180905e+00 -9.222811643711278151e+00 -8.847080641031752180e+00 1.442242745562470674e+01
0.000000000000000000e+00 -3.105814241038442614e-01 0.000000000000000000e+00 0.000000000000000000e+00 -6.633776077701482699e+00 0.000000000000000000e+00 0.000000000000000000e+00 2.239238261730709212e+01 2.907844372049881887e+00 -1.542012965900558186e+01 0.000000000000000000e+00 -1.102231638820112769e+00 1.592206026314727474e+01 1.321495605129975459e+01 3.858404352450918395e+00 0.000000000000000000e+00 0.000000000000000000e+00 2.291375732184307523e+01 0.000000000000000000e+00 0.000000000000000000e+00 0.000000000000000000e+00 -1.136623546551915531e+01 0.000000000000000000e+00 -2.284362984334461899e+01 6.455875248865496019e+00
0.000000000000000000e+00 -1.392622280833802328e+01 -3.335587386519071718e+00 -1.131536020327554226e+01 -1.114820172585666747e+01 0.000000000000000000e+00 -1.169639067533294430e+01 4.869031718180343304e+00 -2.957531807389043621e+01 3.388117403576332620e+00 0.000000000000000000e+00 -1.395081807497709647e+01 4.174603352938420109e+00 -2.917807144838762667e+01 9.226160968128681361e+00 0.000000000000000000e+00 -1.189690207423627477e+01 4.757574228100335922e+00 -2.938359436921118473e+01 1.008198375243685874e+01 0.000000000000000000e+00 -1.809068654377688645e+01 -6.729271434753174574e+00 -2.921994396310440933e+01 1.095360011284838286e+01
0.000000000000000000e+00 -1.367704419961011197e+01 -1.184605754290075197e+01 -2.683578201819889841e+01 -1.446987264661090045e+01 0.000000000000000000e+00 -9.334571075627962955e+00 -1.810008946265373453e+01 0.000000000000000000e+00 0.000000000000000000e+00 0.000000000000000000e+00 -1.372389119660139478e+01 -1.314489751143945284e+01 -1.731278460741747338e+01 0.000000000000000000e+00 0.000000000000000000e+00 -9.206236713562352847e+00 -1.807508805872931035e+01 0.000000000000000000e+00 0.000000000000000000e+00 0.000000000000000000e+00 -2.586646391431562364e+01 -2.181027942203806091e+01 -1.821216741060139910e+01 0.000000000000000000e+00
0.000000000000000000e+00 -1.908205700824083806e+01 -2.690011648477866402e+01 -3.000000000000000000e+01 -1.985123543731300089e+01 0.000000000000000000e+00 -1.449467754601727698e+01 -3.000000000000000000e+01 -2.698152934043557138e+01 -2.171336538642232483e+01 0.000000000000000000e+00 -1.910168076787397595e+01 -2.708885353913773741e+01 -3.000000000000000000e+01 -1.777216100323419923e+01 0.000000000000000000e+00 -1.449288010404956140e+01 -3.000000000000000000e+01 -2.698139638381840655e+01 -2.171764590205808432e+01 0.000000000000000000e+00 -2.151711672089717808e+01 -2.820491543158985337e+01 -3.000000000000000000e+01 -1.775404587177633786e+01
0.000000000000000000e+00 0.000000000000000000e+00 0.000000000000000000e+00 0.000000000000000000e+00 -1.820872200082433068e+01 0.000000000000000000e+00 0.000000000000000000e+00 0.000000000000000000e+00 0.000000000000000000e+00 -2.087290033878461770e+01 0.000000000000000000e+00 0.000000000000000000e+00 0.000000000000000000e+00 0.000000000000000000e+00 -1.820871006932783942e+01 0.000000000000000000e+00 0.000000000000000000e+00 0.000000000000000000e+00 0.000000000000000000e+00 -2.087290033878639051e+01 0.000000000000000000e+00 0.000000000000000000e+00 0.000000000000000000e+00 0.000000000000000000e+00 -1.820871395692713435e+01
0.000000000000000000e+00 0.000000000000000000e+00 0.000000000000000000e+00 0.000000000000000000e+00 1.859689197902941160e+01 0.000000000000000000e+00 0.000000000000000000e+00 0.000000000000000000e+00 0.000000000000000000e+00 2.121893922572761326e+01 0.000000000000000000e+00 0.000000000000000000e+00 0.000000000000000000e+00 0.000000000000000000e+00 1.859689197902967805e+01 0.000000000000000000e+00 0.000000000000000000e+00 0.000000000000000000e+00 0.000000000000000000e+00 2.121893922572787261e+01 0.000000000000000000e+00 0.000000000000000000e+00 0.000000000000000000e+00 0.000000000000000000e+00 1.859689197902950397e+01
0.000000000000000000e+00 2.619181485765319550e+01 3.000000000000000000e+01 2.925637235605715247e+01 2.698250226709931709e+01 0.000000000000000000e+00 1.916238113864260839e+01 2.949113242633034915e+01 2.825094565572614869e+01 2.977273564053765753e+01 0.000000000000000000e+00 2.615773806992184802e+01 3.000000000000000000e+01 2.925727304774342130e+01 2.698226477346434748e+01 0.000000000000000000e+00 1.916238116843108941e+01 2.949113246098104213e+01 2.825094566074866265e+01 2.977273562155981068e+01 0.000000000000000000e+00 2.615766210881854903e+01 3.000000000000000000e+01 2.925670736802438654e+01 2.698151654055074999e+01
0.000000000000000000e+00 2.717420179488393117e+01 2.516937305630295896e+01 3.000000000000000000e+01 1.596906564078397217e+01 0.000000000000000000e+00 1.527042304700552755e+01 2.630729514647946843e+01 2.404782404275039553e+01 2.284413219837384545e+01 0.000000000000000000e+00 2.012022623240659769e+01 2.167815001804251551e+01 3.000000000000000000e+01 1.604628827763496801e+01 0.000000000000000000e+00 1.527927868323922667e+01 2.631664313497436680e+01 2.405005018914097548e+01 2.281034349158262486e+01 0.000000000000000000e+00 2.011016292458220533e+01 2.135134597837759429e+01 2.951094701028766565e+01 1.894358565842150810e+01
0.000000000000000000e+00 1.572425435776495739e+01 1.376524438925533822e+01 1.598464456573418779e+01 0.000000000000000000e+00 0.000000000000000000e+00 0.000000000000000000e+00 0.000000000000000000e+00 2.826061745901885303e+00 0.000000000000000000e+00 0.000000000000000000e+00 0.000000000000000000e+00 0.000000000000000000e+00 1.306668071731608372e+01 0.000000000000000000e+00 0.000000000000000000e+00 0.000000000000000000e+00 0.000000000000000000e+00 2.826001068526923010e+00 0.000000000000000000e+00 0.000000000000000000e+00 0.000000000000000000e+00 0.000000000000000000e+00 1.484921140559500863e+01 1.081073107916847675e+01
0.000000000000000000e+00 9.043885960680064784e+00 0.000000000000000000e+00 1.440994780191542546e+01 0.000000000000000000e+00 0.000000000000000000e+00 0.000000000000000000e+00 0.000000000000000000e+00 0.000000000000000000e+00 0.000000000000000000e+00 0.000000000000000000e+00 0.000000000000000000e+00 0.000000000000000000e+00 0.000000000000000000e+00 0.000000000000000000e+00 0.000000000000000000e+00 0.000000000000000000e+00 0.000000000000000000e+00 0.000000000000000000e+00 0.000000000000000000e+00 0.000000000000000000e+00 0.000000000000000000e+00 0.000000000000000000e+00 0.000000000000000000e+00 0.000000000000000000e+00
0.000000000000000000e+00 0.000000000000000000e+00 0.000000000000000000e+00 0.000000000000000000e+00 0.000000000000000000e+00 0.000000000000000000e+00 0.000000000000000000e+00 0.000000000000000000e+00 0.000000000000000000e+00 0.000000000000000000e+00 0.000000000000000000e+00 0.000000000000000000e+00 0.000000000000000000e+00 0.000000000000000000e+00 0.000000000000000000e+00 0.000000000000000000e+00 0.000000000000000000e+00 0.000000000000000000e+00 0.000000000000000000e+00 0.000000000000000000e+00 0.000000000000000000e+00 0.000000000000000000e+00 0.000000000000000000e+00 0.000000000000000000e+00 0.000000000000000000e+00
0.000000000000000000e+00 0.000000000000000000e+00 0.000000000000000000e+00 0.000000000000000000e+00 0.000000000000000000e+00 0.000000000000000000e+00 0.000000000000000000e+00 0.000000000000000000e+00 0.000000000000000000e+00 0.000000000000000000e+00 0.000000000000000000e+00 0.000000000000000000e+00 0.000000000000000000e+00 0.000000000000000000e+00 0.000000000000000000e+00 0.000000000000000000e+00 0.000000000000000000e+00 0.000000000000000000e+00 0.000000000000000000e+00 0.000000000000000000e+00 0.000000000000000000e+00 0.000000000000000000e+00 0.000000000000000000e+00 0.000000000000000000e+00 0.000000000000000000e+00
0.000000000000000000e+00 0.000000000000000000e+00 0.000000000000000000e+00 0.000000000000000000e+00 0.000000000000000000e+00 0.000000000000000000e+00 0.000000000000000000e+00 0.000000000000000000e+00 0.000000000000000000e+00 0.000000000000000000e+00 0.000000000000000000e+00 0.000000000000000000e+00 0.000000000000000000e+00 0.000000000000000000e+00 0.000000000000000000e+00 0.000000000000000000e+00 0.000000000000000000e+00 0.000000000000000000e+00 0.000000000000000000e+00 0.000000000000000000e+00 0.000000000000000000e+00 0.000000000000000000e+00 0.000000000000000000e+00 0.000000000000000000e+00 0.000000000000000000e+00
0.000000000000000000e+00 0.000000000000000000e+00 0.000000000000000000e+00 0.000000000000000000e+00 0.000000000000000000e+00 0.000000000000000000e+00 0.000000000000000000e+00 0.000000000000000000e+00 0.000000000000000000e+00 0.000000000000000000e+00 0.000000000000000000e+00 0.000000000000000000e+00 0.000000000000000000e+00 0.000000000000000000e+00 0.000000000000000000e+00 0.000000000000000000e+00 0.000000000000000000e+00 0.000000000000000000e+00 0.000000000000000000e+00 0.000000000000000000e+00 0.000000000000000000e+00 0.000000000000000000e+00 0.000000000000000000e+00 0.000000000000000000e+00 0.000000000000000000e+00
0.000000000000000000e+00 0.000000000000000000e+00 0.000000000000000000e+00 0.000000000000000000e+00 0.000000000000000000e+00 0.000000000000000000e+00 0.000000000000000000e+00 0.000000000000000000e+00 0.000000000000000000e+00 0.000000000000000000e+00 0.000000000000000000e+00 0.000000000000000000e+00 0.000000000000000000e+00 0.000000000000000000e+00 0.000000000000000000e+00 0.000000000000000000e+00 0.000000000000000000e+00 0.000000000000000000e+00 0.000000000000000000e+00 0.000000000000000000e+00 0.000000000000000000e+00 0.000000000000000000e+00 0.000000000000000000e+00 0.000000000000000000e+00 0.000000000000000000e+00
0.000000000000000000e+00 1.127633809792200914e+01 1.966194541243217131e+01 1.816345930334939140e+01 2.148238969793804998e+01 0.000000000000000000e+00 1.539722762841176440e+01 1.652062269871889555e+01 2.423999863496434415e+01 1.696310556993439889e+01 0.000000000000000000e+00 1.179602111278690302e+00 1.511259455649797978e+01 1.150102153279942740e+01 1.933379265825987758e+01 0.000000000000000000e+00 2.526084687010184293e+00 0.000000000000000000e+00 1.453854506833839366e+01 1.134276118944724487e+01 0.000000000000000000e+00 0.000000000000000000e+00 0.000000000000000000e+00 0.000000000000000000e+00 0.000000000000000000e+00
0.000000000000000000e+00 1.239356346559717714e+01 2.108026545536716512e+01 2.442349741069673641e+01 2.337272362186416430e+01 0.000000000000000000e+00 1.283207813829961275e+01 1.773587249508938513e+01 1.769496658962496838e+01 1.042759378835641115e+01 0.000000000000000000e+00 7.093994542763412348e+00 9.235554238884732925e+00 8.054404903551162676e+00 8.784467693185844084e+00 0.000000000000000000e+00 1.283782090956012922e+01 1.299354986729560046e+01 1.138093918903702395e+01 1.194745041487628789e+01 0.000000000000000000e+00 0.000000000000000000e+00 0.000000000000000000e+00 0.000000000000000000e+00 0.000000000000000000e+00
0.000000000000000000e+00 1.753698087566993280e+01 1.925696662306366846e+01 2.296831924806389225e+01 1.254927305531604986e+01 0.000000000000000000e+00 0.000000000000000000e+00 0.000000000000000000e+00 0.000000000000000000e+00 -7.710456711611973546e+00 0.000000000000000000e+00 0.000000000000000000e+00 0.000000000000000000e+00 0.000000000000000000e+00 -8.089082200283675306e+00 0.000000000000000000e+00 0.000000000000000000e+00 0.000000000000000000e+00 0.000000000000000000e+00 0.000000000000000000e+00 0.000000000000000000e+00 0.000000000000000000e+00 0.000000000000000000e+00 0.000000000000000000e+00 0.000000000000000000e+00
-6.882389840948646587e+00 -1.399398685672993636e+01 2.480600673852379590e+00 0.000000000000000000e+00 6.069275298227816862e+00 0.000000000000000000e+00 2.930650183328160185e+00 1.204031011390593342e+01 0.000000000000000000e+00 -2.101092006776897492e+01 0.000000000000000000e+00 2.073644714612040829e+01 1.497619156871522073e+01 2.137867047518102126e+01 0.000000000000000000e+00 0.000000000000000000e+00 0.000000000000000000e+00 -1.041856186607531265e-01 0.000000000000000000e+00 -1.121490249762873859e+01 0.000000000000000000e+00 0.000000000000000000e+00 0.000000000000000000e+00 0.000000000000000000e+00 0.000000000000000000e+00
-1.055771163988635841e+01 1.207289938514101557e+01 1.389796708757310029e+01 1.686090156509914806e+01 1.882495823326695472e+01 -1.216859204443642284e+01 -2.933865793181857029e+01 -2.984546657317665108e+01 -2.973992119681402357e+01 -3.000000000000000000e+01 -2.919985383709823523e+00 5.774363467113590609e+00 4.749814458490751790e+00 5.547077818093483437e+00 -4.908154497659925397e+00 -1.343810038686318897e+01 -1.129631865351219311e+01 -1.359362014917398653e+01 -1.074992507850545032e+01 -1.672482310428187091e+01 0.000000000000000000e+00 0.000000000000000000e+00 0.000000000000000000e+00 0.000000000000000000e+00 0.000000000000000000e+00
-1.105857538533485851e+01 -5.696559394812227950e+00 1.445645322342613426e+01 -7.177821832136264568e+00 1.454410865613440151e+01 -2.468518688609612610e+01 -2.288932600628487801e+00 -2.544203144185429721e+01 -2.244823408555260524e+00 -2.488991429744569572e+01 -8.859933669226728981e+00 -1.944349215743426385e+01 -9.801404702601006491e+00 -1.940947387132703739e+01 -1.697085106811652722e+01 -1.456150422433182889e+01 -7.878366927091216887e+00 -1.461129528080560647e+01 -7.804466390788548757e+00 -2.399869639346075445e+01 0.000000000000000000e+00 0.000000000000000000e+00 0.000000000000000000e+00 0.000000000000000000e+00 0.000000000000000000e+00
-1.709913159426607621e+01 -2.190592948063320478e+01 -1.554916536183172049e+01 -2.190631180062257855e+01 -1.543412992434094555e+01 -2.971935146234758918e+01 -2.487694501981534856e+01 -2.979481528745562002e+01 -2.487669526133723608e+01 -2.977502773093973332e+01 -2.455610436426575660e+01 -2.882434990826902066e+01 -2.477737839997558567e+01 -2.882920235094145411e+01 -2.594535694652535440e+01 -2.524440359849028326e+01 -1.847588160205163632e+01 -2.522971503203435262e+01 -1.847524222406098460e+01 -2.964485433122047908e+01 0.000000000000000000e+00 0.000000000000000000e+00 0.000000000000000000e+00 0.000000000000000000e+00 0.000000000000000000e+00
-2.962116346267505307e+01 -2.988450042116496164e+01 -2.962117319167305141e+01 -2.988450042077757374e+01 -2.962118431761733106e+01 -3.000000000000000000e+01 -3.000000000000000000e+01 -3.000000000000000000e+01 -3.000000000000000000e+01 -3.000000000000000000e+01 -2.936683019352202706e+01 -2.923981787828999757e+01 -2.936685397256227148e+01 -2.923981787826918577e+01 -2.936703638161961649e+01 0.000000000000000000e+00 0.000000000000000000e+00 0.000000000000000000e+00 0.000000000000000000e+00 0.000000000000000000e+00 0.000000000000000000e+00 0.000000000000000000e+00 0.000000000000000000e+00 0.000000000000000000e+00 0.000000000000000000e+00
2.976307355633383622e+01 3.000000000000000000e+01 2.976307355633393925e+01 3.000000000000000000e+01 2.976307355633391438e+01 3.000000000000000000e+01 3.000000000000000000e+01 3.000000000000000000e+01 3.000000000000000000e+01 3.000000000000000000e+01 6.654482611207281906e+00 7.432625798912923187e+00 6.654482611207330756e+00 7.432625798912966708e+00 6.654482611207306775e+00 0.000000000000000000e+00 0.000000000000000000e+00 0.000000000000000000e+00 0.000000000000000000e+00 0.000000000000000000e+00 0.000000000000000000e+00 0.000000000000000000e+00 0.000000000000000000e+00 0.000000000000000000e+00 0.000000000000000000e+00
2.474382364756036523e+01 2.855384861993922740e+01 2.474393986104948340e+01 2.855384858228117650e+01 2.475174347767706351e+01 2.861945325878586743e+01 2.972610939052829337e+01 2.861901490350592425e+01 2.972610939041632960e+01 2.861907079837463641e+01 2.913694523945870074e+01 3.000000000000000000e+01 2.913230286493394416e+01 3.000000000000000000e+01 2.913163441848444890e+01 2.409561258663601180e+01 1.807290887370860233e+01 2.407274355280866729e+01 1.807290891615308226e+01 2.407264299440040389e+01 0.000000000000000000e+00 0.000000000000000000e+00 0.000000000000000000e+00 0.000000000000000000e+00 0.000000000000000000e+00
1.272881286072914975e+01 2.402684243328259939e+01 1.286566201356327177e+01 2.400959585392358875e+01 1.440509419821188430e+01 2.742004982574980687e+01 1.922019273050519317e+01 2.780252826546539069e+01 1.922348714326545505e+01 2.557855037640528195e+01 1.887393985970051702e+01 2.178587421059357609e+01 1.630993792384246532e+01 2.177833670138782551e+01 1.618885636808442996e+01 2.687817487248297965e+01 1.419595966508871498e+01 1.915138241252843088e+01 1.420451528491583915e+01 1.918023644029041108e+01 0.000000000000000000e+00 0.000000000000000000e+00 0.000000000000000000e+00 0.000000000000000000e+00 0.000000000000000000e+00
1.724934037025142430e+01 2.964889715554325988e+01 1.794023316240385668e+01 3.000000000000000000e+01 1.160502266581550757e+01 3.000000000000000000e+01 -7.881664048752183849e-01 2.499426059138352940e+01 -3.199687314704386942e-01 1.407091013215910991e+01 1.201802533170618403e+01 4.758307841700449181e+00 5.135848994753877683e+00 4.790091257375417300e+00 5.862330971587671691e+00 1.857605201910206461e+01 8.210217497766064909e+00 9.382162040859791219e+00 7.682766728790594968e+00 9.542239397296901515e+00 0.000000000000000000e+00 0.000000000000000000e+00 0.000000000000000000e+00 0.000000000000000000e+00 0.000000000000000000e+00
2.223581160585374050e+01 3.000000000000000000e+01 1.850784116651673727e+01 2.869923808432939083e+01 9.902014154418843361e+00 2.490734713180729898e+01 2.282680989166923169e+01 2.395367766197484372e+01 2.396143166758544751e+01 4.317783750662713693e+00 3.078475330860470205e+00 -1.457072506614852969e+01 -1.134804633607392788e+01 -1.580017238274938762e+01 3.475877467033436918e+00 1.311759466430473253e+01 3.318785611063878260e+00 5.458453649500039973e+00 4.794612436428558944e+00 5.541367714209784801e+00 0.000000000000000000e+00 0.000000000000000000e+00 0.000000000000000000e+00 0.000000000000000000e+00 0.000000000000000000e+00
-6.391287782704373477e+00 -3.000000000000000000e+01 -1.281674311696868074e+01 -4.534840438853373179e+00 1.775972196782620971e+00 2.188541497942651759e+01 -1.126881675627625923e-01 7.975809105555382583e-01 0.000000000000000000e+00 0.000000000000000000e+00 8.562885437014667644e+00 0.000000000000000000e+00 -1.357838174547864263e+01 0.000000000000000000e+00 0.000000000000000000e+00 5.341606624192093200e+00 0.000000000000000000e+00 -1.025428304660821466e-01 0.000000000000000000e+00 0.000000000000000000e+00 0.000000000000000000e+00 0.000000000000000000e+00 0.000000000000000000e+00 0.000000000000000000e+00 0.000000000000000000e+00
-2.181935250198695897e+01 -2.987834191812651596e+01 -2.792286365244805779e+01 -2.263509258345635899e+01 0.000000000000000000e+00 -8.008122309634398306e+00 -1.060784839442881378e+01 -1.357817240296540184e+01 2.039387176908515897e+00 0.000000000000000000e+00 8.285512348301450558e+00 1.465518936295333852e+01 4.961912683245352618e+00 1.433866198845828777e+01 0.000000000000000000e+00 -8.956554124587217558e+00 -1.023714052086421944e+01 -9.733468228566414027e+00 -1.092540221369425701e+01 0.000000000000000000e+00 0.000000000000000000e+00 0.000000000000000000e+00 0.000000000000000000e+00 0.000000000000000000e+00 0.000000000000000000e+00
-2.425630133332686711e+01 -2.631402205929583360e+01 -2.618405685084782775e+01 -1.827521816023993750e+01 0.000000000000000000e+00 -2.274755598113668853e+01 -2.921969999579116362e+01 -2.825760328199759286e+01 -2.207485159426635235e+01 0.000000000000000000e+00 -1.589103040038479442e+01 -1.136475351863944816e+01 -1.537768381492478120e+01 -1.327007972607199093e+01 0.000000000000000000e+00 -2.008114231293847851e+01 -2.204855797278585072e+01 -2.169810643870370015e+01 -2.283594163316108805e+01 0.000000000000000000e+00 0.000000000000000000e+00 0.000000000000000000e+00 0.000000000000000000e+00 0.000000000000000000e+00 0.000000000000000000e+00
-2.206002116800329205e+01 -2.370062075771796373e+01 -2.252919027933925378e+01 -2.656497397372308455e+01 0.000000000000000000e+00 -2.089702375645030230e+01 -3.000000000000000000e+01 -3.000000000000000000e+01 -3.000000000000000000e+01 0.000000000000000000e+00 -2.229319459438150730e+01 -3.000000000000000000e+01 -3.000000000000000000e+01 -3.000000000000000000e+01 0.000000000000000000e+00 -2.669678569919231492e+01 -3.000000000000000000e+01 -3.000000000000000000e+01 -3.000000000000000000e+01 0.000000000000000000e+00 0.000000000000000000e+00 0.000000000000000000e+00 0.000000000000000000e+00 0.000000000000000000e+00 0.000000000000000000e+00
3.000000000000000000e+01 3.000000000000000000e+01 3.000000000000000000e+01 2.881738755534934526e+01 0.000000000000000000e+00 3.000000000000000000e+01 3.000000000000000000e+01 3.000000000000000000e+01 3.000000000000000000e+01 0.000000000000000000e+00 3.000000000000000000e+01 3.000000000000000000e+01 3.000000000000000000e+01 3.000000000000000000e+01 0.000000000000000000e+00 2.881746041074888254e+01 3.000000000000000000e+01 3.000000000000000000e+01 3.000000000000000000e+01 0.000000000000000000e+00 0.000000000000000000e+00 0.000000000000000000e+00 0.000000000000000000e+00 0.000000000000000000e+00 0.000000000000000000e+00
2.401478145734676417e+01 2.317692442291533439e+01 2.140916538515502054e+01 2.623475834546194463e+01 0.000000000000000000e+00 2.694756505141334202e+01 2.912114359973232780e+01 2.606278040303655175e+01 2.653125067227874467e+01 0.000000000000000000e+00 2.143490260480035658e+01 3.000000000000000000e+01 2.412873539479909724e+01 2.622795909554977101e+01 0.000000000000000000e+00 2.523144729643228601e+01 2.961555140321301138e+01 2.653757874926139593e+01 2.791604201095593751e+01 0.000000000000000000e+00 0.000000000000000000e+00 0.000000000000000000e+00 0.000000000000000000e+00 0.000000000000000000e+00 0.000000000000000000e+00
2.917607918194281069e+01 2.304994673730337240e+01 9.743693124793857407e+00 1.275741769487174437e+01 0.000000000000000000e+00 3.000000000000000000e+01 2.222103784997530695e+01 1.004896213958117457e+01 1.441447627693992928e+01 0.000000000000000000e+00 2.983351791549120691e+01 2.601842232433238422e+01 1.333607452866660381e+01 1.376107736033011975e+01 0.000000000000000000e+00 2.304210630877807731e+01 1.039177619872023151e+01 9.886978117070283290e+00 1.411328976735393681e+01 0.000000000000000000e+00 0.000000000000000000e+00 0.000000000000000000e+00 0.000000000000000000e+00 0.000000000000000000e+00 0.000000000000000000e+00
1.527566075068785700e+01 -1.033684240323188241e+01 -9.825628671619773158e+00 -1.182627066494281065e+00 0.000000000000000000e+00 3.000000000000000000e+01 8.868069059225652140e+00 -1.306406901151169286e+01 3.287336570061792251e+00 0.000000000000000000e+00 2.478204821179335582e+01 3.746757317844152890e+00 -3.502295360333149254e+00 4.632520972751217769e+00 0.000000000000000000e+00 2.344473086556238428e+01 -3.522394975219090174e+00 -1.299379397715575024e+01 4.077439671545163513e+00 0.000000000000000000e+00 -2.210882610449452113e+00 0.000000000000000000e+00 0.000000000000000000e+00 0.000000000000000000e+00 0.000000000000000000e+00
1.327146709484537013e+01 -2.275606716675500962e+01 0.000000000000000000e+00 -1.062197507509382355e+01 0.000000000000000000e+00 0.000000000000000000e+00 2.797401360351400967e+00 2.344861866097752312e+01 -7.351165283331823064e-01 0.000000000000000000e+00 3.963181828408483653e+00 1.480433289079485171e+01 1.658459043218519469e+01 -2.633520475107226755e+00 0.000000000000000000e+00 -1.590550512004951500e+01 8.374649787167657067e+00 2.257796931646197436e+01 0.000000000000000000e+00 0.000000000000000000e+00 -6.162067186642568473e+00 0.000000000000000000e+00 -2.387965460330654377e+00 -1.078342967335775171e+00 0.000000000000000000e+00
8.183678769109119955e+00 -2.966010609489168104e+01 -7.679009829508118834e+00 -1.849117136006226758e+01 0.000000000000000000e+00 7.235728528277835636e+00 -3.000000000000000000e+01 3.292594882787230226e+00 -1.091766279417098140e+01 0.000000000000000000e+00 6.587315356240808661e+00 -3.000000000000000000e+01 3.060671640886073686e+00 -1.232198097061903752e+01 0.000000000000000000e+00 1.462497663002211956e+00 -2.980156983176243912e+01 3.398258427380090207e+00 -1.027869410274493767e+01 0.000000000000000000e+00 -1.147596368790155985e+01 -1.144442080053742039e+01 -3.380587414096446253e+00 -1.227900220589876135e+01 0.000000000000000000e+00
1.312624730510348847e+01 -2.760525930234573977e+01 -1.776972029832137068e+01 -2.472766542975472959e+01 0.000000000000000000e+00 -1.566012012240800466e+01 -2.812723980117066702e+00 -1.993490720787681880e+01 -8.544394177825207493e+00 0.000000000000000000e+00 1.309627151572780512e+01 -2.768036617242025343e+01 -9.710286275957251689e+00 -1.609805506619007431e+01 0.000000000000000000e+00 -1.338842002392247998e+01 -2.973251108935709208e+00 -1.999613240871335407e+01 -8.619047949242508722e+00 0.000000000000000000e+00 -1.138937184528501412e+01 -2.549603176952797057e+01 -8.539352624555419879e+00 -1.596258978054707534e+01 0.000000000000000000e+00
-1.591805987609235373e+01 -2.900961803428238639e+01 -2.744173562047673087e+01 -2.921619301345247166e+01 0.000000000000000000e+00 -2.360426633091367776e+01 -2.657750349215865171e+01 -2.869181167338923899e+01 -2.084947319004503896e+01 0.000000000000000000e+00 -1.605241288951691914e+01 -2.909827320625170799e+01 -2.616900161986888662e+01 -2.783825773442215734e+01 0.000000000000000000e+00 -2.360239700043817734e+01 -2.657748362985762824e+01 -2.868947849720376908e+01 -2.085062747649647008e+01 0.000000000000000000e+00 -1.763340681458409165e+01 -2.875467326197628637e+01 -2.592179707522534216e+01 -2.786109137031019145e+01 0.000000000000000000e+00
-2.860304075093561238e+01 -3.000000000000000000e+01 -2.894957978218348060e+01 -2.639333429115166219e+00 0.000000000000000000e+00 -2.792264879716657688e+01 -3.000000000000000000e+01 -3.000000000000000000e+01 0.000000000000000000e+00 0.000000000000000000e+00 -2.860317590958991829e+01 -3.000000000000000000e+01 -2.894930863307617486e+01 -2.639219286868017100e+00 0.000000000000000000e+00 -2.792264879723015980e+01 -3.000000000000000000e+01 -3.000000000000000000e+01 0.000000000000000000e+00 0.000000000000000000e+00 -2.860193524588918379e+01 -3.000000000000000000e+01 -2.894930804589393603e+01 -2.639219513132767592e+00 0.000000000000000000e+00
3.000000000000000000e+01 3.000000000000000000e+01 4.000995771849914284e+00 0.000000000000000000e+00 0.000000000000000000e+00 3.000000000000000000e+01 2.593209322314117671e+01 1.709362252571011931e+00 0.000000000000000000e+00 0.000000000000000000e+00 3.000000000000000000e+01 3.000000000000000000e+01 4.000995771849964910e+00 0.000000000000000000e+00 0.000000000000000000e+00 3.000000000000000000e+01 2.593209322314103815e+01 1.709362252571020591e+00 0.000000000000000000e+00 0.000000000000000000e+00 3.000000000000000000e+01 3.000000000000000000e+01 4.000995771849902738e+00 0.000000000000000000e+00 0.000000000000000000e+00
2.402162119596830436e+01 2.910089333374279974e+01 2.871909338282081947e+01 3.000000000000000000e+01 0.000000000000000000e+00 2.818518899624742247e+01 2.835940667476124943e+01 2.965765767177069279e+01 2.327857655370063128e+01 0.000000000000000000e+00 2.401875173924030449e+01 2.910102201987265857e+01 2.871957936406356993e+01 3.000000000000000000e+01 0.000000000000000000e+00 2.818518905788386419e+01 2.835940667478960719e+01 2.965765768000856895e+01 2.327857649284583275e+01 0.000000000000000000e+00 2.401857483804475990e+01 2.910036744037797973e+01 2.872528350263237584e+01 3.000000000000000000e+01 0.000000000000000000e+00
1.654621203917175620e+01 2.823502998937062358e+01 1.889204186648822059e+01 2.037290647807815702e+01 0.000000000000000000e+00 2.359637172306723230e+01 2.177429490841960202e+01 2.492598665349795795e+01 1.551769464485560412e+01 0.000000000000000000e+00 1.401610549599315547e+01 2.950567009166836030e+01 1.922784539934950487e+01 2.036177864251530067e+01 0.000000000000000000e+00 2.363127688327847054e+01 2.177019740958170146e+01 2.492686661801464254e+01 1.551218521562844010e+01 0.000000000000000000e+00 1.390645420403667565e+01 2.931513627625448493e+01 2.229415262876490900e+01 2.800930559902147010e+01 0.000000000000000000e+00
1.358348586553807635e+01 1.717998906722938557e+01 5.660921886514778123e+00 1.033189625219896968e+01 0.000000000000000000e+00 2.711300239908510079e+01 0.000000000000000000e+00 6.447654720998425404e+00 6.880713670980870944e+00 0.000000000000000000e+00 3.801825828242317851e+00 1.889850509794060329e+01 5.060197708343072698e+00 1.032833061504882721e+01 0.000000000000000000e+00 2.929914160516973709e+01 0.000000000000000000e+00 6.383487549565259656e+00 7.020847946080858826e+00 0.000000000000000000e+00 3.525031042875322207e+00 2.633876930832390784e+01 1.576952813547067045e+01 2.123228109809027941e+01 0.000000000000000000e+00
8.508527015286409423e+00 4.337642461847178943e+00 3.329696791631308717e+00 5.937095859406728238e+00 0.000000000000000000e+00 2.967385403119961040e+01 2.366425707060738759e+01 -1.443686432291912958e+01 3.792581463732900726e+00 0.000000000000000000e+00 2.427670233972836655e+01 2.420728326418093346e+01 -9.829972660578972565e+00 6.046073991006493564e+00 0.000000000000000000e+00 2.936773071397882973e+01 2.309506719354531867e+01 -1.368217999505743521e+01 4.604550766354179814e+00 0.000000000000000000e+00 2.751550555191953862e+01 2.685910772325213003e+01 3.979888904637104208e+00 1.255057339153119322e+01 0.000000000000000000e+00
2.465696106657020881e+00 0.000000000000000000e+00 0.000000000000000000e+00 0.000000000000000000e+00 0.000000000000000000e+00 -6.390076690961278061e+00 0.000000000000000000e+00 0.000000000000000000e+00 0.000000000000000000e+00 0.000000000000000000e+00 -1.620140488174196491e+01 0.000000000000000000e+00 0.000000000000000000e+00 0.000000000000000000e+00 0.000000000000000000e+00 -2.095966988597617586e+01 0.000000000000000000e+00 0.000000000000000000e+00 0.000000000000000000e+00 0.000000000000000000e+00 -9.664523014123675537e+00 1.708868493701000446e+01 9.585912654573471414e+00 4.165337793295403657e+00 0.000000000000000000e+00
0.000000000000000000e+00 0.000000000000000000e+00 0.000000000000000000e+00 0.000000000000000000e+00 0.000000000000000000e+00 -1.470125732570878085e+01 0.000000000000000000e+00 0.000000000000000000e+00 -1.123904581467821195e+01 0.000000000000000000e+00 -2.316867963237183758e+01 -1.037606780493359082e+01 9.366834340005247839e-01 -1.154188331632084896e+01 0.000000000000000000e+00 -2.277378092375353447e+01 -9.560184276607671450e+00 2.703655169534994407e+00 -9.630834269157642069e+00 0.000000000000000000e+00 -2.023453106981200378e+01 0.000000000000000000e+00 5.136497321241040304e+00 -7.474508690812286638e+00 0.000000000000000000e+00
0.000000000000000000e+00 0.000000000000000000e+00 0.000000000000000000e+00 0.000000000000000000e+00 0.000000000000000000e+00 -2.056739440187611123e+01 -2.532329791667119778e+01 -1.902383272417764104e+01 -2.391390082832508313e+01 0.000000000000000000e+00 -2.659245372696200604e+01 -3.000000000000000000e+01 -1.747841377365233484e+01 -2.499124441290898702e+01 0.000000000000000000e+00 -3.000000000000000000e+01 -2.983948054494434388e+01 -2.116055270895038021e+01 -2.042898722547044699e+01 0.000000000000000000e+00 -2.834938651205076354e+01 -2.170762910958007552e+01 -1.432344515635380588e+01 -1.869808463989505043e+01 0.000000000000000000e+00
0.000000000000000000e+00 0.000000000000000000e+00 0.000000000000000000e+00 0.000000000000000000e+00 0.000000000000000000e+00 -2.577186883965485364e+01 -2.958920470953437132e+01 -3.000000000000000000e+01 -3.000000000000000000e+01 0.000000000000000000e+00 -2.825048679282383546e+01 -3.000000000000000000e+01 -3.000000000000000000e+01 -2.899352240115964463e+01 0.000000000000000000e+00 -2.979401081297573839e+01 -3.000000000000000000e+01 -3.000000000000000000e+01 -2.886136600307002098e+01 0.000000000000000000e+00 -2.620560786744447412e+01 -2.784465615309643738e+01 -2.748168273856689581e+01 -2.583533106115143596e+01 0.000000000000000000e+00
0.000000000000000000e+00 0.000000000000000000e+00 0.000000000000000000e+00 0.000000000000000000e+00 0.000000000000000000e+00 2.778670868431660068e+01 2.977555174731564946e+01 1.041859162971251429e+01 8.790427933217609180e+00 0.000000000000000000e+00 3.000000000000000000e+01 2.971008453089108059e+01 3.000000000000000000e+01 1.041980961543739781e+01 0.000000000000000000e+00 3.000000000000000000e+01 3.000000000000000000e+01 2.971085968259749421e+01 2.977601674893925221e+01 0.000000000000000000e+00 3.000000000000000000e+01 3.000000000000000000e+01 3.000000000000000000e+01 2.778666086610537889e+01 0.000000000000000000e+00
0.000000000000000000e+00 0.000000000000000000e+00 0.000000000000000000e+00 0.000000000000000000e+00 0.000000000000000000e+00 2.529123523352850356e+01 2.970718494230798612e+01 2.956135648653572900e+01 2.879853753098179325e+01 0.000000000000000000e+00 2.061156600671057149e+01 2.893829038171430668e+01 2.481399262582847598e+01 2.958726572809252175e+01 0.000000000000000000e+00 2.483186199808227812e+01 2.993076661116098336e+01 2.875015957106501929e+01 2.877846233644094553e+01 0.000000000000000000e+00 2.750559298943744224e+01 2.986287992435992322e+01 2.466411444280380749e+01 2.602020146800860090e+01 0.000000000000000000e+00
0.000000000000000000e+00 0.000000000000000000e+00 0.000000000000000000e+00 0.000000000000000000e+00 0.000000000000000000e+00 1.272791151151169942e+01 1.440274979866763871e+01 1.692122894864960614e+01 1.639129081894379780e+01 0.000000000000000000e+00 9.032037901292381932e+00 1.135456965525681028e+01 1.243209833095668415e+01 9.737760230048923660e+00 0.000000000000000000e+00 2.006491109816805363e+01 2.449226681600314137e+01 2.775631500540062291e+01 1.409758901322179980e+01 0.000000000000000000e+00 3.000000000000000000e+01 3.000000000000000000e+01 3.000000000000000000e+01 1.982093827388834484e+01 0.000000000000000000e+00
0.000000000000000000e+00 0.000000000000000000e+00 0.000000000000000000e+00 0.000000000000000000e+00 0.000000000000000000e+00 -1.197364440430026766e+00 0.000000000000000000e+00 1.029244894914865677e-01 1.002741822343435063e-01 0.000000000000000000e+00 -8.946468981477751825e+00 0.000000000000000000e+00 0.000000000000000000e+00 0.000000000000000000e+00 0.000000000000000000e+00 -8.568025192727082739e+00 1.114629650806561872e-01 0.000000000000000000e+00 0.000000000000000000e+00 0.000000000000000000e+00 1.380320631799711428e+01 2.660643941378128119e+01 2.080190569044784965e+01 1.961255341019029430e+01 0.000000000000000000e+00
0.000000000000000000e+00 0.000000000000000000e+00 0.000000000000000000e+00 0.000000000000000000e+00 0.000000000000000000e+00 -1.171329167394338455e+01 0.000000000000000000e+00 0.000000000000000000e+00 0.000000000000000000e+00 0.000000000000000000e+00 0.000000000000000000e+00 2.001405538794682926e+01 1.390677817556100138e+01 1.950101090857348751e+01 0.000000000000000000e+00 -2.056725342222911124e+01 0.000000000000000000e+00 1.092701359875779055e+01 0.000000000000000000e+00 0.000000000000000000e+00 4.286022663913448660e+00 0.000000000000000000e+00 3.089111368496262888e-01 -1.370990033687058762e+01 -7.332332329015406103e+00
0.000000000000000000e+00 0.000000000000000000e+00 0.000000000000000000e+00 0.000000000000000000e+00 0.000000000000000000e+00 -1.854795600868867567e+01 -3.456023366195216440e+00 -2.690664333214169091e+00 0.000000000000000000e+00 -2.687208751039836141e+00 -1.048883889450471507e+01 0.000000000000000000e+00 0.000000000000000000e+00 0.000000000000000000e+00 0.000000000000000000e+00 -3.000000000000000000e+01 0.000000000000000000e+00 -3.564285064197683095e+00 0.000000000000000000e+00 -1.180759258561842273e+01 0.000000000000000000e+00 0.000000000000000000e+00 0.000000000000000000e+00 0.000000000000000000e+00 -1.223889995426908683e+01
0.000000000000000000e+00 0.000000000000000000e+00 0.000000000000000000e+00 0.000000000000000000e+00 0.000000000000000000e+00 -2.220979300811000456e+01 -7.809381339241848963e+00 -1.120766654268764206e+01 -8.527341210903740532e+00 -1.111399099312368044e+01 -1.962699682584690208e+01 -1.515283408778532248e+01 -1.203754986890200485e+01 -1.526501934549767192e+01 -1.074551620524817253e+01 -1.308287527907162584e+01 0.000000000000000000e+00 -3.537583982981033159e+00 0.000000000000000000e+00 -2.323674304595971662e+01 0.000000000000000000e+00 0.000000000000000000e+00 0.000000000000000000e+00 0.000000000000000000e+00 -1.362082062590153697e+01
0.000000000000000000e+00 0.000000000000000000e+00 0.000000000000000000e+00 0.000000000000000000e+00 0.000000000000000000e+00 -2.123118455280626904e+01 -1.433203022088133771e+01 -1.884779295615366834e+01 -1.433361318198481094e+01 -1.882759645960371842e+01 -2.787821833170627173e+01 -3.000000000000000000e+01 -2.677575934426957360e+01 -3.000000000000000000e+01 -2.658699775337982629e+01 -3.000000000000000000e+01 -2.663605454095627678e+01 -3.000000000000000000e+01 -2.663616729584679277e+01 -3.000000000000000000e+01 -1.756366648500272021e+01 -2.154378036192680668e+01 -1.757982847542573168e+01 -2.153916568491670702e+01 -1.967753031518440920e+01
0.000000000000000000e+00 0.000000000000000000e+00 0.000000000000000000e+00 0.000000000000000000e+00 0.000000000000000000e+00 0.000000000000000000e+00 0.000000000000000000e+00 0.000000000000000000e+00 0.000000000000000000e+00 0.000000000000000000e+00 -2.534184250386237025e+01 -2.705954684775416297e+01 -2.534155783404957418e+01 -2.705954684785873354e+01 -2.534154373314267161e+01 -2.931910740257433545e+01 -3.000000000000000000e+01 -2.931905142567451605e+01 -3.000000000000000000e+01 -2.931905750321804760e+01 -2.937934759520354078e+01 -2.914073372698576847e+01 -2.937932219928302402e+01 -2.914073372717246002e+01 -2.937949552437808265e+01
