# yaw
0.000000000000000000e+00 0.000000000000000000e+00 0.000000000000000000e+00 0.000000000000000000e+00 0.000000000000000000e+00 3.000000000000000000e+01 2.596522305084371141e+01 0.000000000000000000e+00 0.000000000000000000e+00 3.000000000000000000e+01 1.132356016597465320e+01 3.000000000000000000e+01 5.183781837081357757e+00 -7.136853473844395580e-13 3.000000000000000000e+01 3.000000000000000000e+01 3.000000000000000000e+01 -3.000000000000000000e+01 1.702561540486533076e+01 3.000000000000000000e+01 2.752169691405882546e+01 -2.915373614152737503e+01 -1.975489161774071079e+01 2.564447153445593486e+01 1.772915791026010979e+01
0.000000000000000000e+00 0.000000000000000000e+00 0.000000000000000000e+00 0.000000000000000000e+00 0.000000000000000000e+00 1.527822018268315318e+01 1.204300534929089395e+01 0.000000000000000000e+00 0.000000000000000000e+00 2.860913655805521927e+01 -1.501264683938938942e-04 1.556106943287326416e+01 -6.852330294456934645e+00 -2.531290333276960958e-01 2.062574640685451044e+01 1.360294605206869001e+01 2.681978590464727219e+01 3.000000000000000000e+01 -1.342336536120340096e+00 1.600508105227987699e+01 1.480059764679106316e+01 2.451499914528268675e+01 -3.000000000000000000e+01 1.534079991798003384e+01 -6.236440879363783912e-02
0.000000000000000000e+00 0.000000000000000000e+00 0.000000000000000000e+00 0.000000000000000000e+00 0.000000000000000000e+00 0.000000000000000000e+00 -4.144119046648873514e-06 0.000000000000000000e+00 0.000000000000000000e+00 1.808085332506647092e+01 3.545727618487099164e+00 7.357007623881760272e-02 2.254379267420400978e+01 -1.679573839671554580e+01 1.039131331711012507e+01 2.375957871564713664e-01 6.540388308300663311e+00 2.133890391425797262e+01 1.560523183950250115e+01 1.952631624252255227e+00 1.487087829669075711e+00 1.735890580217117929e+01 2.341103971232184477e+01 1.027776816970666154e-02 -1.791919213983393533e+01
0.000000000000000000e+00 0.000000000000000000e+00 0.000000000000000000e+00 0.000000000000000000e+00 0.000000000000000000e+00 0.000000000000000000e+00 -1.322558818867982790e-12 0.000000000000000000e+00 0.000000000000000000e+00 8.626719974004258162e+00 8.628222946665960791e+00 -1.686594761312359236e-10 6.338032818953029945e+00 5.984330378931511873e+00 8.334408712214130821e-02 0.000000000000000000e+00 -4.277639322100567517e-12 4.678943020443002254e+00 5.689973817154895391e-02 1.421237498772319660e-11 0.000000000000000000e+00 -8.086793756742180150e+00 1.726831311768443911e+01 -3.874210217401782952e+00 9.755820648595802780e+00
0.000000000000000000e+00 0.000000000000000000e+00 0.000000000000000000e+00 0.000000000000000000e+00 0.000000000000000000e+00 0.000000000000000000e+00 2.188221543974466064e-11 0.000000000000000000e+00 0.000000000000000000e+00 -1.215283097541262972e-06 -4.122798030817861559e+00 0.000000000000000000e+00 -1.054250920758321205e-10 -7.447486692038144618e+00 2.550284648825386821e-10 0.000000000000000000e+00 -2.704416359017225879e+00 8.038966895295612147e+00 -1.066904558799645908e-01 -1.079155306825342286e+01 0.000000000000000000e+00 8.400113731164788433e+00 1.423535345335684488e+00 4.933157710357666814e-01 3.554678084417732364e+00
0.000000000000000000e+00 0.000000000000000000e+00 0.000000000000000000e+00 0.000000000000000000e+00 0.000000000000000000e+00 0.000000000000000000e+00 -6.263733949631711262e-01 0.000000000000000000e+00 0.000000000000000000e+00 0.000000000000000000e+00 2.673226951056044243e+01 0.000000000000000000e+00 0.000000000000000000e+00 1.338018901328722166e+01 -1.673657101796861381e-09 0.000000000000000000e+00 9.467855134697224173e+00 -9.624681380220128091e+00 4.983557665981450668e+00 9.629081586170089579e+00 0.000000000000000000e+00 -2.989291165640965087e+00 5.746527585152980677e+00 4.211286814819550806e+00 -5.349299920678787679e+00
0.000000000000000000e+00 0.000000000000000000e+00 0.000000000000000000e+00 0.000000000000000000e+00 0.000000000000000000e+00 0.000000000000000000e+00 -1.884007286055847530e+01 0.000000000000000000e+00 0.000000000000000000e+00 0.000000000000000000e+00 1.291676399874502934e+01 0.000000000000000000e+00 -1.286294078942290753e+01 5.334561808407944569e-03 -9.428964831044659434e+00 0.000000000000000000e+00 -1.860809333417744460e+00 7.933008849350586367e+00 -7.631732012065967297e+00 -8.554833956996603650e-01 0.000000000000000000e+00 -2.003480790637097542e+01 -4.699013926232192162e+00 7.436884281143126829e-01 1.287008355892791478e+01
0.000000000000000000e+00 0.000000000000000000e+00 0.000000000000000000e+00 0.000000000000000000e+00 0.000000000000000000e+00 0.000000000000000000e+00 2.367250498467830155e+01 0.000000000000000000e+00 0.000000000000000000e+00 0.000000000000000000e+00 -1.097237710251731682e-06 0.000000000000000000e+00 1.376801673040156082e+01 -9.097357591662733611e+00 2.567806976558780008e+01 0.000000000000000000e+00 2.123750444317284902e+01 -3.395073117675100338e+00 8.390998938804978380e+00 9.248022676545888388e+00 0.000000000000000000e+00 2.311019599497824117e+01 4.407586559403100068e+00 6.651947877863160219e-01 1.043806690782076529e+01
0.000000000000000000e+00 0.000000000000000000e+00 0.000000000000000000e+00 0.000000000000000000e+00 0.000000000000000000e+00 0.000000000000000000e+00 3.866349235775500048e+00 0.000000000000000000e+00 0.000000000000000000e+00 4.021393796231105449e-11 0.000000000000000000e+00 0.000000000000000000e+00 1.176038240815833981e-03 1.821515358115140870e+00 1.103005880304350939e+01 0.000000000000000000e+00 1.634915030210823961e+00 8.588176626209937936e+00 -6.978784139824202315e-01 1.453333216440096942e+00 0.000000000000000000e+00 8.247513152908846124e+00 -5.280633456108785317e+00 -9.118720382656068324e+00 -4.411140725343376090e+00
0.000000000000000000e+00 0.000000000000000000e+00 0.000000000000000000e+00 0.000000000000000000e+00 0.000000000000000000e+00 0.000000000000000000e+00 -1.779751067282325145e-13 6.932728315230559473e-12 0.000000000000000000e+00 2.814292775405778239e-12 0.000000000000000000e+00 0.000000000000000000e+00 -1.033532873147238540e+01 9.665360317313112404e+00 0.000000000000000000e+00 0.000000000000000000e+00 -5.662055678413693727e+00 0.000000000000000000e+00 6.165703992131303046e+00 3.939954293708363586e+00 0.000000000000000000e+00 -1.230505777082878707e-13 9.320108108249675283e+00 1.851915813315884307e+01 6.319516691213667769e+00
0.000000000000000000e+00 0.000000000000000000e+00 0.000000000000000000e+00 3.744831479910800620e-15 -1.911740092697253252e-15 0.000000000000000000e+00 -9.814578634797395743e-17 5.733970453741920175e-15 0.000000000000000000e+00 -5.891667504906426878e+00 0.000000000000000000e+00 0.000000000000000000e+00 2.320029880698805780e+00 -4.386322422149524947e+00 -7.369801299991507904e+00 0.000000000000000000e+00 9.710853168621435216e+00 -7.128627262382336127e+00 -9.065900258582811233e+00 -5.179806250939154921e+00 0.000000000000000000e+00 4.578815203953063838e-15 -3.081625255156345000e-01 5.699285589944900199e-01 3.044609435949374276e+00
0.000000000000000000e+00 0.000000000000000000e+00 0.000000000000000000e+00 8.156811403397172873e-12 9.532070686049173339e-16 0.000000000000000000e+00 -1.820348635384639048e-15 3.780425190886700816e-15 0.000000000000000000e+00 -1.777761563733229622e+01 1.505035798642908059e-10 0.000000000000000000e+00 -1.381303652573980045e+01 -1.371825612091661872e+00 1.151262409082526439e+01 0.000000000000000000e+00 -5.232743253294043831e-16 8.437396881208050203e+00 -6.670116920196015542e+00 1.163086064267441211e+00 0.000000000000000000e+00 -1.186577054469281385e-15 -1.090265642058281337e+01 -2.822343478528041683e+00 -4.760055289180391114e+00
0.000000000000000000e+00 0.000000000000000000e+00 0.000000000000000000e+00 -3.512274850565340945e+00 0.000000000000000000e+00 0.000000000000000000e+00 -4.051993654424710337e-13 2.799812942874387759e-15 0.000000000000000000e+00 2.426645567454152896e+01 -2.083893854510526111e+00 0.000000000000000000e+00 2.278880147401203260e+01 1.322934869589739604e+00 1.475439989793505369e+01 0.000000000000000000e+00 3.829159227209741021e-16 -1.284523139044859406e-14 2.043408762118988697e+00 3.165597484605677359e+00 0.000000000000000000e+00 0.000000000000000000e+00 2.124274358063949819e+01 -1.446329371628439198e+01 4.625462795177718966e+00
0.000000000000000000e+00 7.252463157459904310e-16 0.000000000000000000e+00 -1.932169750434093203e+01 -1.149604058302223265e-15 0.000000000000000000e+00 4.715614926042992468e-15 8.849640813060517641e-16 0.000000000000000000e+00 1.215863315300947001e+01 -1.295584588761492384e+01 0.000000000000000000e+00 7.955625977474414245e-01 -4.697282886141098679e+00 -6.792112638951254056e+00 0.000000000000000000e+00 -2.405871805776563122e+00 -1.079108989285202879e-14 1.419260095604760963e+00 2.198224927451441602e+00 0.000000000000000000e+00 3.804773003569518237e-15 8.187316412778063324e+00 1.628760764904220082e+01 1.879466482172087227e+00
0.000000000000000000e+00 -3.036415662562920469e-15 0.000000000000000000e+00 2.348835779708007010e+01 -6.005236648550940167e-16 0.000000000000000000e+00 3.580971309508748741e-09 -1.621436174449460144e-02 0.000000000000000000e+00 8.740946080944845820e-01 -2.367361661828778452e+01 0.000000000000000000e+00 1.851393495165625325e+01 1.077537338066027850e+01 6.877603875312807702e+00 0.000000000000000000e+00 7.293712339112504495e+00 -5.758587243310515595e-16 0.000000000000000000e+00 -4.043459350145775844e+00 0.000000000000000000e+00 2.274173836160466982e-15 1.203526584946127359e-07 -5.895040131358179281e+00 -8.292403290770733904e+00
0.000000000000000000e+00 -3.278719152857712871e+00 0.000000000000000000e+00 -1.047225328720105542e-01 -3.921362428182203677e-14 0.000000000000000000e+00 -6.115664550419259271e+00 -1.462726993507990692e+01 1.389609258411243154e-13 -1.245770324235652637e+01 3.000000000000000000e+01 0.000000000000000000e+00 4.220572188717447437e-02 4.953266748849366685e+00 5.378338764926406057e+00 0.000000000000000000e+00 3.035536059046932689e+00 -2.930505570423490025e-01 -3.900957189381860424e+00 3.307190221290814414e+00 0.000000000000000000e+00 -4.011328110506801714e+00 -3.992059159353698762e-13 3.319827945681443904e+00 1.268575164032104219e+01
0.000000000000000000e+00 -2.091283553543220464e+01 -1.051346440183959646e-01 3.000000000000000000e+01 -9.587756372222473900e+00 0.000000000000000000e+00 -1.996870514927376661e+01 -2.348311581752050969e+01 -1.037455665681007166e-02 -2.437590555374926637e+01 1.897695053769825080e+01 0.000000000000000000e+00 -2.190748489197255857e-10 -1.319233021290329606e-02 0.000000000000000000e+00 0.000000000000000000e+00 9.095658743444498452e-13 -2.396727495807580510e+01 6.053737524431829442e+00 1.632564793286721638e+01 0.000000000000000000e+00 -1.615252279758172449e+01 -5.447735820485872793e-01 0.000000000000000000e+00 -1.040281338632406438e+01
0.000000000000000000e+00 -2.840260630901437011e+01 -1.183434771566758315e+01 8.896667315650763186e+00 -2.041091432350747681e+01 0.000000000000000000e+00 3.000000000000000000e+01 3.000000000000000000e+01 -1.695642081618968788e+01 1.741858527326149542e+01 1.384416187286125854e+01 0.000000000000000000e+00 0.000000000000000000e+00 3.079592386037218521e+00 -4.922819393319761261e+00 0.000000000000000000e+00 -9.312152543130723820e-10 2.103840093214661167e+01 -1.736433738162141793e+01 7.725166156553422425e-01 0.000000000000000000e+00 -2.634222847376157617e+01 -1.316254916798108709e+01 -1.762979541823914076e+01 -2.072170752617281408e+01
0.000000000000000000e+00 2.931202111775121111e+01 -3.000000000000000000e+01 2.074058181504024531e-12 3.000000000000000000e+01 0.000000000000000000e+00 2.550969989718400655e+01 1.015093031603065477e+01 -3.000000000000000000e+01 1.416323832685310258e+00 1.357126532055414891e+00 0.000000000000000000e+00 0.000000000000000000e+00 -1.085104344958225698e-12 4.784743582740728307e+00 0.000000000000000000e+00 -4.375502587478341242e-10 5.676154836076140242e+00 2.123438989552741774e+01 6.175206746060043272e+00 0.000000000000000000e+00 3.000000000000000000e+01 2.772428131516778294e+01 2.981542589520316966e+01 2.932786123471489148e+01
0.000000000000000000e+00 1.796436541920418861e+01 3.000000000000000000e+01 6.543327389358993769e-13 1.606078696253877425e+01 0.000000000000000000e+00 1.418987097386429319e+01 2.418346038722169578e+00 1.369293066721886376e+01 -2.706239564737995096e+00 9.116828130777236766e-13 0.000000000000000000e+00 -9.822681026681689076e+00 -8.903123828308622478e+00 -6.722669545839158858e-09 0.000000000000000000e+00 -3.132960977511327376e-11 3.309710345785961328e-12 -1.657670006834946363e+00 -2.103399747580410235e-12 0.000000000000000000e+00 2.232883715731199104e+01 9.802303312829661053e+00 1.223587236730358541e+01 1.808725215100170658e+01
0.000000000000000000e+00 5.385460501951984114e+00 -3.000000000000000000e+01 -5.864664583623254046e+00 -8.303773270153628872e+00 0.000000000000000000e+00 1.317291185887598415e+00 -1.206939339407294063e-07 1.026730937448865587e-02 1.053721171730860107e+01 -6.051267216681536623e-11 0.000000000000000000e+00 1.984009034007349825e+01 2.048417404060692704e+01 -1.350418706555700155e+01 0.000000000000000000e+00 -9.701852481607676992e+00 -1.011739268053337694e-12 -6.426234510030598202e+00 -7.180063069718938706e+00 0.000000000000000000e+00 1.228519821378717580e+01 0.000000000000000000e+00 0.000000000000000000e+00 4.815668656380140966e+00
0.000000000000000000e+00 0.000000000000000000e+00 1.003608505134278062e+01 1.371680597329638651e+01 3.000000000000000000e+01 0.000000000000000000e+00 0.000000000000000000e+00 -3.636018350992779142e-05 -5.962375624610027458e+00 -5.533139558903609444e-03 0.000000000000000000e+00 0.000000000000000000e+00 2.327791629715780797e+00 -1.183425348092233875e+01 1.374647083270465231e+01 0.000000000000000000e+00 2.163678287982128623e+01 -9.694419388078550526e+00 8.354156827379149775e+00 -2.922039892671534744e+01 0.000000000000000000e+00 1.541083754895877511e-01 0.000000000000000000e+00 0.000000000000000000e+00 0.000000000000000000e+00
0.000000000000000000e+00 0.000000000000000000e+00 2.962682076129221187e+01 1.277832858114733661e+01 1.046996232006118710e+01 0.000000000000000000e+00 0.000000000000000000e+00 4.118188666459593285e-06 -1.719589719733642663e-01 3.067639112100876808e+00 0.000000000000000000e+00 0.000000000000000000e+00 2.461965547198717168e-07 -1.379952707388767230e+01 0.000000000000000000e+00 0.000000000000000000e+00 -3.246022420382185913e+00 2.029639686490791917e+01 -6.144701604040279097e-01 -2.735014029097617794e+01 0.000000000000000000e+00 0.000000000000000000e+00 0.000000000000000000e+00 0.000000000000000000e+00 0.000000000000000000e+00
0.000000000000000000e+00 0.000000000000000000e+00 0.000000000000000000e+00 0.000000000000000000e+00 0.000000000000000000e+00 0.000000000000000000e+00 0.000000000000000000e+00 0.000000000000000000e+00 0.000000000000000000e+00 0.000000000000000000e+00 0.000000000000000000e+00 0.000000000000000000e+00 0.000000000000000000e+00 0.000000000000000000e+00 0.000000000000000000e+00 0.000000000000000000e+00 0.000000000000000000e+00 0.000000000000000000e+00 0.000000000000000000e+00 0.000000000000000000e+00 0.000000000000000000e+00 0.000000000000000000e+00 0.000000000000000000e+00 0.000000000000000000e+00 0.000000000000000000e+00
0.000000000000000000e+00 0.000000000000000000e+00 0.000000000000000000e+00 0.000000000000000000e+00 0.000000000000000000e+00 0.000000000000000000e+00 0.000000000000000000e+00 0.000000000000000000e+00 0.000000000000000000e+00 0.000000000000000000e+00 0.000000000000000000e+00 0.000000000000000000e+00 0.000000000000000000e+00 0.000000000000000000e+00 0.000000000000000000e+00 0.000000000000000000e+00 0.000000000000000000e+00 0.000000000000000000e+00 0.000000000000000000e+00 0.000000000000000000e+00 0.000000000000000000e+00 0.000000000000000000e+00 0.000000000000000000e+00 0.000000000000000000e+00 0.000000000000000000e+00
0.000000000000000000e+00 0.000000000000000000e+00 0.000000000000000000e+00 0.000000000000000000e+00 0.000000000000000000e+00 0.000000000000000000e+00 0.000000000000000000e+00 0.000000000000000000e+00 0.000000000000000000e+00 0.000000000000000000e+00 0.000000000000000000e+00 0.000000000000000000e+00 0.000000000000000000e+00 0.000000000000000000e+00 0.000000000000000000e+00 0.000000000000000000e+00 0.000000000000000000e+00 0.000000000000000000e+00 0.000000000000000000e+00 0.000000000000000000e+00 0.000000000000000000e+00 0.000000000000000000e+00 0.000000000000000000e+00 0.000000000000000000e+00 0.000000000000000000e+00
0.000000000000000000e+00 0.000000000000000000e+00 0.000000000000000000e+00 0.000000000000000000e+00 0.000000000000000000e+00 0.000000000000000000e+00 0.000000000000000000e+00 0.000000000000000000e+00 0.000000000000000000e+00 0.000000000000000000e+00 0.000000000000000000e+00 0.000000000000000000e+00 0.000000000000000000e+00 0.000000000000000000e+00 0.000000000000000000e+00 0.000000000000000000e+00 0.000000000000000000e+00 0.000000000000000000e+00 0.000000000000000000e+00 0.000000000000000000e+00 0.000000000000000000e+00 0.000000000000000000e+00 0.000000000000000000e+00 0.000000000000000000e+00 0.000000000000000000e+00
0.000000000000000000e+00 -1.328847018118677781e+00 6.123513128279602036e+00 1.067634763426748101e+01 5.812429499565253010e+00 0.000000000000000000e+00 -1.271102070856791055e+00 -1.921985526576423098e+01 2.550801890598445709e+01 1.244764768132544397e+01 -8.757289543125313713e+00 0.000000000000000000e+00 -5.693458599438209339e-03 2.002992727307977106e+01 3.408162753119192701e+00 0.000000000000000000e+00 -1.536075326581824330e+00 0.000000000000000000e+00 -5.426886098931749558e+00 1.445074580492007321e+01 0.000000000000000000e+00 0.000000000000000000e+00 0.000000000000000000e+00 0.000000000000000000e+00 0.000000000000000000e+00
0.000000000000000000e+00 -1.763857831810655696e+01 1.733096665331060326e-02 -9.764377603920790349e+00 4.527807396966728071e+00 0.000000000000000000e+00 -2.055307949269579737e+01 2.498960808730248928e+01 2.467339111776668759e+01 -4.610482389337251519e+00 -2.628800115485027078e+01 0.000000000000000000e+00 -1.452329314556621043e+01 1.758074363485244263e+00 3.423459482558093708e-02 0.000000000000000000e+00 2.438721139596962928e+01 0.000000000000000000e+00 1.871567563540615353e+01 3.712952082317620306e+00 0.000000000000000000e+00 0.000000000000000000e+00 0.000000000000000000e+00 0.000000000000000000e+00 0.000000000000000000e+00
0.000000000000000000e+00 2.370416482202062625e+01 -3.892445491351956832e+00 1.792165948311811974e+01 -3.279410116252838847e+00 0.000000000000000000e+00 2.225734417292670742e+01 5.301495834909311533e+00 6.268426776516654364e+00 3.683105021602409490e+00 2.302447171406136306e+01 -4.811567526881615578e-11 1.257447758122882320e+01 0.000000000000000000e+00 -1.314715308720966647e+01 0.000000000000000000e+00 6.198335918680168533e+00 0.000000000000000000e+00 3.398626558927297231e-02 -1.850061944462247815e-09 0.000000000000000000e+00 0.000000000000000000e+00 0.000000000000000000e+00 0.000000000000000000e+00 0.000000000000000000e+00
0.000000000000000000e+00 8.884751389783001940e+00 3.230722294692067731e+00 2.738122129483381961e+00 1.218326241551205946e+00 0.000000000000000000e+00 7.311543421343331239e+00 -3.043227762676273151e+00 -5.173803032959864545e+00 1.826685738137221238e+00 8.035580358950737079e+00 6.241030309416993443e-14 -6.348362224618073757e-01 8.820838333543072000e-15 1.743186793669855916e+01 0.000000000000000000e+00 0.000000000000000000e+00 -1.466069718672487534e-13 -7.917380743870678664e-14 -5.021061784151987784e-01 0.000000000000000000e+00 0.000000000000000000e+00 0.000000000000000000e+00 0.000000000000000000e+00 0.000000000000000000e+00
0.000000000000000000e+00 -3.363697898637090677e+00 -3.201470624414942456e+00 -7.795135676646358647e+00 2.351205815435698288e+00 0.000000000000000000e+00 -5.983859510056530051e-02 5.088061233549957763e+00 1.551000035846810565e+00 -7.445561809272690290e+00 3.045039246538769745e-16 2.262720208950084685e-15 1.125730314023583212e+01 2.147981453802845972e-16 -8.953819346298830695e+00 0.000000000000000000e+00 1.221841607235522408e-15 -2.125808505017863359e-15 -1.082273829705904996e-15 -1.261786733947139538e+01 0.000000000000000000e+00 0.000000000000000000e+00 0.000000000000000000e+00 0.000000000000000000e+00 0.000000000000000000e+00
0.000000000000000000e+00 5.968387547233929169e+00 2.546851952992541523e+00 4.977706695096731693e+00 -6.805179885441904553e+00 0.000000000000000000e+00 5.659170844914716447e+00 4.877376686572929110e+00 4.022897045309332675e+00 5.433259120081917359e+00 3.279111642743004063e-18 -2.008541144007745002e-15 6.080122041497644817e-04 -8.069526210644394126e+00 1.431018316089490927e+00 5.502119916803364006e-16 -7.031927437862709914e-18 9.170537378348366453e-16 0.000000000000000000e+00 4.098466291460630018e+00 0.000000000000000000e+00 0.000000000000000000e+00 0.000000000000000000e+00 0.000000000000000000e+00 0.000000000000000000e+00
-6.806486880041388828e-16 -2.191750287523595464e+00 8.671347623860992115e-01 4.530705101044595118e+00 -9.198200165563946484e+00 0.000000000000000000e+00 -2.533442727865741428e+00 5.270614187379766058e+00 2.093781604165672494e+00 -1.074915532160013854e+01 -1.271271017872801525e-14 1.025424892266751178e-14 -1.111195503680765122e-14 1.903501551315315865e+01 1.139627325310518025e+01 6.642050629539983462e-15 2.981417147012370620e-16 -1.274807573985630331e-15 0.000000000000000000e+00 5.393395919254187611e-15 0.000000000000000000e+00 0.000000000000000000e+00 0.000000000000000000e+00 0.000000000000000000e+00 0.000000000000000000e+00
-3.696733932346248697e+00 -3.902453509041712287e+00 -5.405978936137576518e+00 2.732867997611461597e+00 -2.199825929752854137e+01 -5.253912948525103488e+00 7.936683205903046767e-01 2.485063830219877534e+00 -4.621768753935409713e-15 -1.962875281633175817e+01 -8.167964848102561293e-01 -3.641321109990944827e-01 -1.424874597905613882e+00 1.136992003769671689e+00 -7.652088828308758472e+00 -1.476010006426023757e+00 -1.541280264745134021e+00 -1.091692094094467050e-11 0.000000000000000000e+00 0.000000000000000000e+00 0.000000000000000000e+00 0.000000000000000000e+00 0.000000000000000000e+00 0.000000000000000000e+00 0.000000000000000000e+00
-1.569614851120552501e+01 -1.792097724231830469e+01 -3.604899803106324629e+00 1.254588322816916000e-14 -1.927770173833810574e+01 -1.914036278937979318e+01 -1.036226095847143114e+01 1.576174637726584128e-14 -4.028841447191014447e-01 -2.921423676143314907e+01 -1.561796895101532812e+01 -1.687659654020622924e+01 -1.691509780835162147e+01 -1.010012223739060396e-13 -2.211240373248802271e+01 -1.911080222609419721e+01 -1.473832718196077707e+01 -1.000446624600673218e+01 -8.820495017253584535e+00 -8.841742719234337855e+00 0.000000000000000000e+00 0.000000000000000000e+00 0.000000000000000000e+00 0.000000000000000000e+00 0.000000000000000000e+00
2.600775034934968133e+01 2.278812530268211489e+01 9.468526401640026791e+00 7.349502308471465281e-13 3.000000000000000000e+01 2.950367218791042845e+01 1.329847875488165698e+01 8.046113310468640535e-12 9.955062390393779381e+00 3.000000000000000000e+01 -2.306033770178082420e+01 2.800163378107930967e+01 -2.218838705972503789e+01 0.000000000000000000e+00 3.000000000000000000e+01 2.857665685906756892e+01 -2.632339997647165575e+01 -2.165643273032537763e+01 2.487875903608706096e+01 1.917971353342338148e+01 0.000000000000000000e+00 0.000000000000000000e+00 0.000000000000000000e+00 0.000000000000000000e+00 0.000000000000000000e+00
1.294286425675371355e+01 1.069230988567037599e+01 2.017219106567948476e-04 -7.012605664052292909e+00 2.000192138398624664e+01 1.476857337759069821e+01 -1.506277451932617091e-12 -1.249519699917749449e+01 -3.119605798728600221e-01 2.306651543299563301e+01 2.206163321613687600e+01 1.201561247278788436e+01 1.656587059943575113e+01 -6.025175779895888262e-01 1.715101311185388866e+01 1.468458067842782278e+01 2.979768416785524465e+01 -2.852999548820621101e+01 6.848162609854188787e+00 4.759811852335633087e-01 0.000000000000000000e+00 0.000000000000000000e+00 0.000000000000000000e+00 0.000000000000000000e+00 0.000000000000000000e+00
7.400901233907473120e+00 -3.667619161795741492e-06 -4.340007741307782389e-16 1.349578501340344339e+01 1.539241899358249377e+01 -1.492912869539716025e+00 3.857755845659743361e-17 1.957392679131364233e+01 -1.110209684190948920e+01 1.063144077017066813e+01 9.181945689563159263e+00 5.616075040679114894e-01 6.189107918940981001e+00 -1.712412561516720189e+01 1.686959647292225473e+00 1.204230233860204669e+00 1.489966693792593588e+01 2.530647427673573091e+01 -6.266945253859929886e-14 0.000000000000000000e+00 0.000000000000000000e+00 0.000000000000000000e+00 0.000000000000000000e+00 0.000000000000000000e+00 0.000000000000000000e+00
4.023021164979142215e-03 -9.974792772464142754e-01 -3.009946930014235633e+00 3.176278597523180536e-01 7.713162877319578392e+00 5.664619626383849749e+00 1.693907963722882235e-15 5.658675400363963881e+00 4.525422478021961403e+00 9.954452809386077350e-02 2.220889676832513149e-02 -8.603541431869494716e+00 -6.187757424516671886e-15 9.719013936966661049e+00 -1.455888600378137806e-14 -6.333370510270887450e-15 4.205070285594480595e+00 1.442411860436430260e+01 -2.065228124163936515e-14 0.000000000000000000e+00 0.000000000000000000e+00 0.000000000000000000e+00 0.000000000000000000e+00 0.000000000000000000e+00 0.000000000000000000e+00
2.188859060908318597e-12 5.789215076354552458e-01 1.134864215580197122e+00 -2.890226512878645071e+00 1.237751094720681461e-05 5.615205055574981619e-02 -3.814154305537437395e+00 -8.458856068019510177e-01 -9.159862484210778533e+00 -6.023758398713014865e-12 -5.883880887358956692e-13 -3.885207140029617867e-01 4.301996974907040648e-12 -4.460205648457327493e-12 -1.058577773722976177e-10 1.485948427828850949e-11 -2.319087890126516265e-11 1.681420259793220406e+00 -1.606197991898024372e-11 0.000000000000000000e+00 0.000000000000000000e+00 0.000000000000000000e+00 0.000000000000000000e+00 0.000000000000000000e+00 0.000000000000000000e+00
-1.379026967476287169e+00 7.510533772482999915e+00 -5.547018621347542533e-01 1.171069510918064260e+01 1.191269938964944664e-10 1.765096209085566315e-10 -4.624936916141661136e+00 3.564594545884323118e+00 7.935369776070699821e+00 5.228065662325088093e-11 -1.657515315513979616e-17 1.210961593252696034e+01 -3.236863331894390683e-02 -7.105952243174234544e-12 1.352181504705888191e-10 -2.970266536516962486e+00 -5.967594736099969680e-12 -3.584326150994727474e-11 -3.637293533785964428e+00 0.000000000000000000e+00 0.000000000000000000e+00 0.000000000000000000e+00 0.000000000000000000e+00 0.000000000000000000e+00 0.000000000000000000e+00
-1.949849139405471732e+01 -9.621556645418195330e+00 3.361138732967980380e-02 -3.541004471633488193e-01 6.259606754439314571e-11 -3.400629767327326025e+00 -1.090549998538934862e+00 -4.699955399099258635e+00 -7.692063083207267837e+00 4.049586456113076979e-11 3.196229392952908261e-11 1.069996616698163905e+01 4.117142309495606334e+00 -3.568259964327352846e-11 2.441768356764300662e-11 -1.701243125803263823e+01 2.029624985697298206e-10 -3.903822386528658917e-13 1.079351362855587304e+01 0.000000000000000000e+00 0.000000000000000000e+00 0.000000000000000000e+00 0.000000000000000000e+00 0.000000000000000000e+00 0.000000000000000000e+00
2.028437464274145441e+01 1.219118268863820198e+01 -6.503866612668891989e+00 5.545893084426860575e+00 0.000000000000000000e+00 5.612976050013238627e-01 1.054631778663517494e+01 6.321709638631284101e+00 1.134655220995258595e+01 0.000000000000000000e+00 9.441080038237947309e-12 -1.479849847676083718e-04 4.808174642856143932e-01 2.120442757295634949e-11 -9.419575304423140166e-13 2.049373696897960428e+01 -1.734146555228477895e-11 -4.501955244620499406e-11 9.391273956107442089e+00 0.000000000000000000e+00 0.000000000000000000e+00 0.000000000000000000e+00 0.000000000000000000e+00 0.000000000000000000e+00 0.000000000000000000e+00
5.538383164332481456e+00 -1.876978852540889031e+00 3.006869525362981577e+00 1.384241194970132760e+00 0.000000000000000000e+00 7.298748525256534947e+00 6.481973142105692531e+00 -6.487287226434542697e-01 9.813999962731907445e+00 0.000000000000000000e+00 -3.160242142826795918e-10 -4.421330722918487943e+00 -1.193847139219305076e+00 -1.396909456336478083e-10 0.000000000000000000e+00 7.451442789044336656e+00 -4.828454381258511674e+00 -2.465086143971207509e-11 1.443651058097714710e-12 0.000000000000000000e+00 0.000000000000000000e+00 -1.851415362712420173e-11 0.000000000000000000e+00 0.000000000000000000e+00 0.000000000000000000e+00
-9.940703974999475889e+00 5.326651664674375120e+00 3.061831772214473890e+00 -1.013587852595704371e-12 0.000000000000000000e+00 -7.453233897969712807e+00 -7.616225723980174500e-02 8.292324630566197285e+00 1.063215726624225880e-10 0.000000000000000000e+00 1.354370567171392584e-12 8.102028039677287907e+00 5.164513707571359191e+00 -9.214262903202767416e-12 0.000000000000000000e+00 -6.093320424878412501e-12 1.387243060077311441e+01 -5.831608877152267191e-12 2.462872280710736452e-11 0.000000000000000000e+00 0.000000000000000000e+00 6.214227325147382278e-12 0.000000000000000000e+00 0.000000000000000000e+00 0.000000000000000000e+00
7.854391478850642372e+00 -4.382058196366728886e+00 1.211758535854784956e-02 -7.348314851108655787e+00 0.000000000000000000e+00 9.516012596094043374e+00 2.853522370343157366e+00 -5.650311405729430803e+00 -5.836623705232840464e+00 0.000000000000000000e+00 -3.115939243068355791e-01 -7.116250192586104362e+00 -4.807046654998383239e+00 -3.637284335930127740e-10 0.000000000000000000e+00 -1.739502450612006348e-11 5.434564588431680665e-01 -5.594257554041764862e-10 -2.026461579338576412e-10 0.000000000000000000e+00 0.000000000000000000e+00 -1.148648606504127980e-12 0.000000000000000000e+00 0.000000000000000000e+00 0.000000000000000000e+00
-2.396756704938270754e+00 -4.470427713554636084e-01 -2.413555808763644117e-03 1.092752455973554326e+01 0.000000000000000000e+00 2.255004253165170669e-01 -1.257905634815082152e+01 1.787005708274485016e+00 -1.761527212762388572e+01 0.000000000000000000e+00 -1.087811212572039388e+01 9.485038001311764333e+00 1.973211231563054824e+01 -6.946801547934265389e-12 0.000000000000000000e+00 -1.883285044047411095e-05 -7.307385857451102140e+00 -6.454640407301823202e-02 1.197011810714919009e-14 0.000000000000000000e+00 0.000000000000000000e+00 -1.681378516924543012e-11 0.000000000000000000e+00 0.000000000000000000e+00 0.000000000000000000e+00
1.594270049750859730e+00 4.469494606346143151e+00 -1.414552672130077404e+01 3.844045405485257305e+00 0.000000000000000000e+00 -3.532905278390729986e+00 2.206400786429798089e+01 4.134797947484832159e-17 2.374720377629022394e+01 0.000000000000000000e+00 1.665839790579945046e+01 -5.537109684593157777e-01 2.978680252149552121e+00 -7.165885894851006271e-18 0.000000000000000000e+00 -6.797671280943660577e+00 5.153746873711290810e+00 -1.542759619559842399e+01 1.942170378955620881e-18 0.000000000000000000e+00 0.000000000000000000e+00 6.756646826202389563e-17 0.000000000000000000e+00 0.000000000000000000e+00 0.000000000000000000e+00
2.156111557730437500e+00 2.356773316968702603e-15 -1.857385735791926606e+01 -1.997079649344206682e-15 0.000000000000000000e+00 -1.415453584048814495e+00 7.094936380752489669e+00 -6.472814130431184587e+00 1.207898208273689455e+01 0.000000000000000000e+00 4.123885906598467876e-02 -1.246488219269513920e+00 -3.719963911976901377e-02 0.000000000000000000e+00 0.000000000000000000e+00 -2.120601682449425596e+01 -3.892064998518834239e-15 1.612751810501174887e+01 -1.722341565209859693e-15 0.000000000000000000e+00 3.459156097068964330e-15 1.688816665630427024e-16 0.000000000000000000e+00 0.000000000000000000e+00 0.000000000000000000e+00
-4.220103967223476880e-03 5.367015221159370242e-01 2.401888837765982032e+01 2.048999352062924361e-14 0.000000000000000000e+00 1.597541311961105137e+01 -4.010031915067102659e+00 1.032296463538991516e+00 3.792766194329809659e-01 0.000000000000000000e+00 -1.115351706941819820e+01 7.248788695375437463e+00 1.106855038265842772e+01 0.000000000000000000e+00 0.000000000000000000e+00 -2.141739434222897742e+01 -8.296585415807695966e-15 -7.934862316895422651e+00 1.484170427455851140e-16 0.000000000000000000e+00 -7.719653500004358931e-16 0.000000000000000000e+00 0.000000000000000000e+00 0.000000000000000000e+00 0.000000000000000000e+00
-3.166146986981548395e+00 -1.127623268273266355e+01 1.510163272631076303e+01 -2.231374783998527622e+00 0.000000000000000000e+00 -8.505396194245737007e+00 1.355213153887042443e+00 -1.174753358689461358e+01 -9.249338455764365607e-16 0.000000000000000000e+00 5.880884677407061112e+00 1.999757393705217545e+00 5.152351459493362817e+00 9.850813035207666716e-16 0.000000000000000000e+00 3.000000000000000000e+01 5.106472304371270666e-15 5.212710950210302840e+00 2.165918567234419486e-15 0.000000000000000000e+00 -3.934059565824959748e+00 -3.587804912116764219e-15 0.000000000000000000e+00 0.000000000000000000e+00 0.000000000000000000e+00
-1.490161472093502582e+01 -2.427547136686090568e+01 8.655871458345283376e-01 -2.523860861108188303e+01 0.000000000000000000e+00 -1.861572755109897059e+01 -1.001747643480410087e-14 -2.835707237341253872e+01 -8.875662398168255862e+00 0.000000000000000000e+00 -1.563807998540262290e+01 5.890322884614774601e+00 1.335125243751152802e+01 5.767034525126347443e-16 0.000000000000000000e+00 2.560571580819786419e+01 -9.819655621478037832e-02 0.000000000000000000e+00 2.284696432140523659e-15 0.000000000000000000e+00 -1.504383152487899977e+01 -5.878324404376913392e-01 -7.986532172348458358e-01 -9.342213733018354560e+00 0.000000000000000000e+00
-3.000000000000000000e+01 3.000000000000000000e+01 -1.477598186977354366e+01 1.747087509598124910e+01 0.000000000000000000e+00 -2.501826171194029769e+01 -9.404022889107906735e+00 2.920291006517820170e-02 -2.140617163769058351e+01 0.000000000000000000e+00 2.115405233609982361e+01 2.371889423088277216e+00 3.603508374576896434e-01 1.053267952363029754e-13 0.000000000000000000e+00 1.036873306186076604e+01 -1.594493411090514456e+01 3.158807393328234679e-12 4.901121053860589468e-13 0.000000000000000000e+00 -2.113473101726908965e+01 -1.652322658714767911e+01 -1.359023168703854800e+01 -2.214919488192224151e+01 0.000000000000000000e+00
2.639384482122028075e+01 3.000000000000000000e+01 2.776529427778029557e+01 1.247047001716986792e+00 0.000000000000000000e+00 2.348425259688651323e+01 6.723333977398927352e+00 -1.419061707709304798e+01 3.000000000000000000e+01 0.000000000000000000e+00 5.443048427778095721e+00 5.503278213404246166e+00 0.000000000000000000e+00 0.000000000000000000e+00 0.000000000000000000e+00 1.190039510955746893e+00 2.000016644630020934e+01 4.512417065430368789e-16 2.238108261093270972e-12 0.000000000000000000e+00 3.000000000000000000e+01 2.886924537575158922e+01 2.715753265085916368e+01 3.000000000000000000e+01 0.000000000000000000e+00
1.663361072547591135e+01 5.414323988523232600e+00 1.166069871860137575e+01 -1.138644448428614148e-02 0.000000000000000000e+00 1.551582089718390201e+01 -2.410122621243354982e-02 3.000000000000000000e+01 1.765250743429362146e+01 0.000000000000000000e+00 -4.780729881428913362e-15 -8.738894443998143302e+00 4.410759535523858108e-10 1.068660981117458978e-14 0.000000000000000000e+00 -4.447134004334660773e+00 -4.341232104573106376e+00 -2.730277787065290574e-15 8.109134100317315495e-15 0.000000000000000000e+00 1.992920929597153901e+01 1.101377645429253960e+01 1.005582580987460695e+01 1.806456304874577512e+01 0.000000000000000000e+00
5.120060975465537290e+00 0.000000000000000000e+00 -9.054971855372843618e-08 -1.354148126657571893e+01 0.000000000000000000e+00 -8.038417606428158724e-01 8.291277969361562583e+00 -2.488907472935196807e+01 8.072136537373920673e-01 0.000000000000000000e+00 -5.326245234219657121e+00 1.944572130766107776e+01 -9.333444671511475832e+00 -3.837150326891738850e+00 0.000000000000000000e+00 -8.294041236246659565e+00 -1.520815677618854700e+01 4.971722523136491667e-14 2.388321814666499420e-12 0.000000000000000000e+00 1.079991046465545956e+01 -4.038678001943586834e-13 0.000000000000000000e+00 4.643870515578003122e+00 0.000000000000000000e+00
-4.189392328713957155e-13 0.000000000000000000e+00 0.000000000000000000e+00 2.370652853807973415e+01 0.000000000000000000e+00 5.355229921800884085e+00 -4.551284217595318538e+00 3.000000000000000000e+01 -2.617875985802930179e-12 0.000000000000000000e+00 1.295193289123902147e+01 8.416100400049927321e-01 8.877946840334642431e+00 -1.149190698997544402e+01 0.000000000000000000e+00 1.592238372697940818e+01 9.170778643211109582e+00 2.863544884604980067e-13 -1.024190902094743345e-02 0.000000000000000000e+00 -5.059443455449321725e+00 0.000000000000000000e+00 0.000000000000000000e+00 3.487433277242595705e-14 0.000000000000000000e+00
4.970513431529335208e-15 0.000000000000000000e+00 0.000000000000000000e+00 7.967919131538956812e+00 0.000000000000000000e+00 1.069377330205971921e+00 1.234088339891501285e+01 2.277153829756456815e+01 -4.514063848398112128e-18 0.000000000000000000e+00 -5.103218014080156628e+00 1.708869044703650752e+00 1.811923716546529252e-14 -1.810976777021035389e+01 0.000000000000000000e+00 -7.058169240401513354e-03 0.000000000000000000e+00 -1.088165243646788995e-02 -9.280660498045092410e+00 0.000000000000000000e+00 1.546318627769140086e+01 -1.428392001695689625e-02 0.000000000000000000e+00 5.743770330800352428e-16 0.000000000000000000e+00
0.000000000000000000e+00 0.000000000000000000e+00 0.000000000000000000e+00 -1.080422337809488376e+01 0.000000000000000000e+00 -7.062808797024235474e+00 3.789266073130482582e+00 1.594313272375413426e+01 -1.019341905582631134e-15 0.000000000000000000e+00 -1.878672870037660303e+01 1.314838120478776684e+00 -7.065189367790519093e+00 -2.914208270365437414e+01 1.762583988910309364e-15 1.629039874175150615e+00 0.000000000000000000e+00 -1.065723653982071895e+01 -1.669456211572270377e+01 0.000000000000000000e+00 4.801915854144450435e+00 -1.440531194893560318e+01 0.000000000000000000e+00 4.074179697782524247e-16 0.000000000000000000e+00
0.000000000000000000e+00 0.000000000000000000e+00 0.000000000000000000e+00 -2.055437421349242655e+01 0.000000000000000000e+00 1.986871723298415660e+01 1.328091979719767310e-15 1.375161127206812672e+01 0.000000000000000000e+00 0.000000000000000000e+00 1.618877561666744214e+01 1.189044836449026477e+00 7.422308381128570609e+00 3.000000000000000000e+01 3.618785733742751621e-13 -8.273277546316776254e-01 -4.968330861894336259e+00 2.371394851885002808e+01 -2.739473197978177055e+01 0.000000000000000000e+00 1.728910767546220761e-04 2.000384384031864826e+01 0.000000000000000000e+00 -1.690907844519554858e-16 0.000000000000000000e+00
0.000000000000000000e+00 0.000000000000000000e+00 0.000000000000000000e+00 -2.366209665748836599e+01 0.000000000000000000e+00 6.604598625476914897e+00 -7.842079491793875867e+00 1.473909505811744847e+00 -5.485420153236801561e-14 0.000000000000000000e+00 -4.041697694461317270e-02 3.199797337819909604e-01 -8.610943321116696580e+00 3.000000000000000000e+01 1.576114277378439547e-16 -7.528912174829243575e+00 5.629192659073696703e+00 3.526705779429168963e+00 2.722225275366176689e+01 0.000000000000000000e+00 -8.565777239345667482e+00 3.725092878884644687e+00 0.000000000000000000e+00 -1.080675048876322608e-15 0.000000000000000000e+00
0.000000000000000000e+00 0.000000000000000000e+00 0.000000000000000000e+00 2.896299009080851050e+01 0.000000000000000000e+00 3.526780155073691230e-17 -1.124512710723414743e+00 3.459022916701040705e-16 0.000000000000000000e+00 0.000000000000000000e+00 2.753621593947200186e+00 -8.380561131340043355e-04 3.978467641031662172e+00 2.215609421842283311e+01 1.558213029892887183e-14 8.599497181421492442e+00 -1.007419210682898747e+00 0.000000000000000000e+00 1.786698092588365938e+01 0.000000000000000000e+00 1.073006981342775212e+01 1.641651436141711606e+00 -1.123549819687668760e+00 -5.303611007605934580e-16 0.000000000000000000e+00
0.000000000000000000e+00 0.000000000000000000e+00 0.000000000000000000e+00 2.289321049004977482e+01 0.000000000000000000e+00 -1.065621805359086016e+00 -1.586424931520258852e+01 -4.773336345425094504e-13 0.000000000000000000e+00 0.000000000000000000e+00 1.384603730269039046e+00 -4.521811836031919718e+00 -1.361644914005112963e-02 1.104117801108958474e+01 3.286742349588901122e-15 6.115733965583061149e+00 6.019994176554473775e+00 2.935740265710268915e+00 5.779081585777809948e+00 0.000000000000000000e+00 -1.039309359132749577e+01 -4.766364215173793717e+00 -5.930107858447049907e+00 5.573435510512859891e-16 0.000000000000000000e+00
0.000000000000000000e+00 0.000000000000000000e+00 0.000000000000000000e+00 1.008808465455025605e+01 0.000000000000000000e+00 -1.509489798151818540e+01 1.880765931888043596e+01 -2.323292724535285395e-13 0.000000000000000000e+00 0.000000000000000000e+00 -1.465688964978518527e+01 -2.000786138754352805e+01 -1.913908264310425267e+01 3.560780086567853164e+00 8.395076867938109587e-16 -2.611264747290297981e-15 3.908240405505215342e+00 -3.213135176013906857e+00 1.427792237423089805e+00 0.000000000000000000e+00 -1.988791369147678623e+01 1.135680534882276227e+01 1.528477763400283962e+01 -1.070400550374640002e-15 0.000000000000000000e+00
0.000000000000000000e+00 0.000000000000000000e+00 0.000000000000000000e+00 6.653902822166436692e+00 0.000000000000000000e+00 2.263504923166075500e+01 6.116427647301521553e+00 -2.482158974837183766e-12 0.000000000000000000e+00 0.000000000000000000e+00 1.304396887312070952e+01 2.094650218503346650e+01 1.767000168630836754e+01 -3.105831106912227891e-12 -8.848321360320229022e-13 -3.470774256133358548e+00 -4.597018554916789537e-13 2.020371177932842155e+00 -6.749137189583630736e+00 0.000000000000000000e+00 2.057109795951597064e+01 5.633993220202174967e+00 5.782954775989096241e+00 0.000000000000000000e+00 0.000000000000000000e+00
0.000000000000000000e+00 0.000000000000000000e+00 0.000000000000000000e+00 -2.270229389400674206e-12 0.000000000000000000e+00 9.075672631976278382e+00 -2.048276952641821474e-14 -2.652174677115511357e-13 0.000000000000000000e+00 0.000000000000000000e+00 -2.857559695066923761e-10 7.443367534097943050e+00 4.493949808454322098e-02 -2.591158526972193316e-14 -5.759166161551143252e-12 1.014635677286872095e+00 -5.937571411337930982e+00 8.796327081138916038e-01 1.821339324261144554e+01 0.000000000000000000e+00 8.193640963889270878e+00 -2.293715807779084237e+00 -4.692871803279959897e-01 -5.231169531603278022e-01 0.000000000000000000e+00
0.000000000000000000e+00 0.000000000000000000e+00 0.000000000000000000e+00 -8.434340805022929509e-13 0.000000000000000000e+00 -1.775342514382106663e-15 -3.989182687000605666e-16 -8.702264929374832098e-16 0.000000000000000000e+00 0.000000000000000000e+00 -1.022935627161130290e+00 -3.394888127340274231e+00 -2.548814140617928059e-14 -9.826065642464932637e+00 -1.319067413600819495e-13 4.769634970080825376e+00 -2.336806159419249518e+00 -1.832910498568592061e-02 -6.360632896072429432e+00 0.000000000000000000e+00 1.490403499608326632e+00 1.135810983336660840e+01 2.384649268694556401e+00 -1.287027651304633480e+01 0.000000000000000000e+00
0.000000000000000000e+00 0.000000000000000000e+00 0.000000000000000000e+00 0.000000000000000000e+00 0.000000000000000000e+00 0.000000000000000000e+00 0.000000000000000000e+00 0.000000000000000000e+00 0.000000000000000000e+00 -3.981848807687908276e-01 4.473435463945617308e+00 7.263725933622566799e+00 0.000000000000000000e+00 2.863876845588024267e+01 1.157921451471665186e-12 6.851011870295479866e+00 4.729123187010849882e+00 4.325309094105176833e+00 1.608950412329776825e+01 0.000000000000000000e+00 5.808955017420079692e+00 -1.144965511563629246e+00 -6.676655134130306257e-02 1.160121437878071537e+00 0.000000000000000000e+00
0.000000000000000000e+00 0.000000000000000000e+00 0.000000000000000000e+00 1.303051554040383717e-13 0.000000000000000000e+00 0.000000000000000000e+00 0.000000000000000000e+00 0.000000000000000000e+00 0.000000000000000000e+00 -1.440367347009420840e+01 8.007949257689526590e+00 6.399373100853852914e-02 2.057851631415208015e-12 2.503016658734125244e+01 -2.672446869881999754e-01 -2.282542956545690949e+00 1.254073357519360597e-12 5.775052662848574769e+00 1.378957060326186257e+00 0.000000000000000000e+00 -5.947280178605249823e+00 1.711146009210717578e+00 2.440007665422398109e+00 2.158776027777617301e+01 0.000000000000000000e+00
0.000000000000000000e+00 0.000000000000000000e+00 0.000000000000000000e+00 0.000000000000000000e+00 0.000000000000000000e+00 -3.835478001286460881e+00 -2.955447123885579952e+00 0.000000000000000000e+00 0.000000000000000000e+00 -1.918796883811943488e+01 0.000000000000000000e+00 -5.567305575651754879e+00 -6.182798780899278590e+00 1.314131579624750223e+01 -1.233832734455404534e+01 -8.071841583237795437e-01 -1.663659860630865683e+00 -1.819497124835482538e+00 4.905654609705278051e-13 -7.779388769974420192e+00 -2.036525850352401967e+00 4.502005145722513535e-01 2.451502585408718016e+00 3.062577963559528715e+00 0.000000000000000000e+00
0.000000000000000000e+00 0.000000000000000000e+00 0.000000000000000000e+00 0.000000000000000000e+00 0.000000000000000000e+00 -2.040251213071683267e+01 -2.072414976465510605e+01 0.000000000000000000e+00 0.000000000000000000e+00 -3.000000000000000000e+01 -9.686522110785935169e+00 -1.902750393349440827e+01 2.312386457277078122e+01 1.151631668952491847e-02 -2.437190205681273625e+01 -1.818670632010448784e+01 -1.631271478529440699e+01 -1.404430311940985021e+01 -4.918376558335091353e-01 -1.829281901226665141e+01 -1.710737836006023826e+01 -1.529524619851959244e+01 -9.473626054109834271e+00 -9.324831944566849273e+00 -7.372303140219547579e+00
