# yaw
0.000000000000000000e+00 0.000000000000000000e+00 0.000000000000000000e+00 0.000000000000000000e+00 0.000000000000000000e+00 3.000000000000000000e+01 -2.340812058058915568e+01 0.000000000000000000e+00 -1.878131996680156846e+01 3.000000000000000000e+01 3.000000000000000000e+01 -3.000000000000000000e+01 3.000000000000000000e+01 3.000000000000000000e+01 3.000000000000000000e+01 3.000000000000000000e+01 2.418078573410022614e+01 -2.150481886618122562e+00 3.000000000000000000e+01 3.000000000000000000e+01 3.000000000000000000e+01 -3.000000000000000000e+01 -1.640523468807727880e+01 -3.000000000000000000e+01 2.726020070255939132e+01
0.000000000000000000e+00 0.000000000000000000e+00 0.000000000000000000e+00 0.000000000000000000e+00 0.000000000000000000e+00 3.000000000000000000e+01 2.732676417966762017e+01 0.000000000000000000e+00 -2.250250249058485608e+01 3.000000000000000000e+01 2.010624551927427817e+01 3.000000000000000000e+01 3.000000000000000000e+01 2.536080167303857280e+01 2.519945927988211309e+01 2.501271666411331296e+01 1.283346730065341212e+01 -2.382490083500060152e+01 3.000000000000000000e+01 2.920815327599166977e+01 2.082525900453169498e+01 3.000000000000000000e+01 -1.059485638011542896e+01 3.000000000000000000e+01 1.684784724252904198e+01
0.000000000000000000e+00 0.000000000000000000e+00 0.000000000000000000e+00 0.000000000000000000e+00 0.000000000000000000e+00 1.742083886214788890e+01 2.288723173652916998e+01 0.000000000000000000e+00 0.000000000000000000e+00 2.388118006525836989e+01 9.340461733770494490e+00 1.949740087131112887e+01 1.907260750920595882e+01 1.410985455221218210e+01 1.430896736435168037e+01 1.342235155440419447e+01 -8.459458076449145381e+00 1.080522029533605100e+01 3.000000000000000000e+01 2.037264689609225243e+01 1.657839047579386360e+01 3.000000000000000000e+01 2.872377070908087049e+01 3.000000000000000000e+01 1.130909751085341419e+01
0.000000000000000000e+00 0.000000000000000000e+00 0.000000000000000000e+00 0.000000000000000000e+00 0.000000000000000000e+00 1.462482184926426498e+01 1.132515040031230136e+01 0.000000000000000000e+00 2.921834582749188414e+01 1.820963293262078864e+01 0.000000000000000000e+00 8.644881918444621505e+00 3.440511030715279972e+00 2.324549099992255119e+00 -5.435432582455690387e+00 0.000000000000000000e+00 3.000000000000000000e+01 -2.370449984660721654e+01 2.991874603218633055e+01 8.678410543359337481e+00 1.461241745979558004e+01 3.000000000000000000e+01 -1.295882720617876593e+01 2.462305044089496420e+01 -6.020719827059566320e-01
0.000000000000000000e+00 0.000000000000000000e+00 0.000000000000000000e+00 0.000000000000000000e+00 0.000000000000000000e+00 3.060836168547944158e+00 4.813436920808870312e+00 0.000000000000000000e+00 1.771868553301146676e+01 1.278983693065984362e+01 0.000000000000000000e+00 -2.186294711841652827e+01 9.945272608612809595e-02 -6.027670943871425990e-01 2.076827532894202122e+01 0.000000000000000000e+00 9.304626844026143928e+00 3.000000000000000000e+01 1.265210968816585968e+01 -2.841757131978317119e+01 1.045481194220217169e+01 3.000000000000000000e+01 3.000000000000000000e+01 2.540945113241865272e+01 2.858145120522073412e+01
0.000000000000000000e+00 0.000000000000000000e+00 0.000000000000000000e+00 0.000000000000000000e+00 0.000000000000000000e+00 0.000000000000000000e+00 -6.935827910545934394e+00 0.000000000000000000e+00 1.399699388981954051e+01 5.762369174015958606e+00 0.000000000000000000e+00 -3.000000000000000000e+01 -1.101131387695932595e+01 -1.514058190032934270e+01 2.966431734756394878e+00 0.000000000000000000e+00 -2.330220156210576832e+01 -3.000000000000000000e+01 2.240830396030510485e+01 1.770100252825539755e+01 4.928310200009933695e+00 2.792732609039188674e+01 3.000000000000000000e+01 1.186982228598129829e+01 -1.568983237170180089e+01
0.000000000000000000e+00 0.000000000000000000e+00 0.000000000000000000e+00 0.000000000000000000e+00 0.000000000000000000e+00 0.000000000000000000e+00 -1.932032530377925639e+01 0.000000000000000000e+00 6.448196238791042312e+00 0.000000000000000000e+00 0.000000000000000000e+00 -3.000000000000000000e+01 -2.380345119930089126e+01 -3.000000000000000000e+01 -2.570362880678742101e+01 0.000000000000000000e+00 3.000000000000000000e+01 -3.000000000000000000e+01 1.566408228994199625e+00 -2.057249529050992365e+01 0.000000000000000000e+00 1.634058343720406725e+01 3.000000000000000000e+01 1.764194820708871703e+01 -2.069963806402428119e+01
0.000000000000000000e+00 0.000000000000000000e+00 0.000000000000000000e+00 0.000000000000000000e+00 0.000000000000000000e+00 0.000000000000000000e+00 3.000000000000000000e+01 0.000000000000000000e+00 1.074558512694715517e+01 0.000000000000000000e+00 0.000000000000000000e+00 3.000000000000000000e+01 2.152688824351943353e+01 2.962234930298298607e+01 1.721133456640504278e+01 0.000000000000000000e+00 2.042356352233387540e+01 3.000000000000000000e+01 1.370993574094219269e+01 2.903390006705322435e+01 0.000000000000000000e+00 6.913600831837548810e+00 1.534639437996377964e+01 -1.177641605542798509e+01 2.835939467361300004e+01
0.000000000000000000e+00 0.000000000000000000e+00 0.000000000000000000e+00 0.000000000000000000e+00 0.000000000000000000e+00 0.000000000000000000e+00 2.309104565488669536e+01 0.000000000000000000e+00 2.000358645620437859e+00 -3.919992643172585667e-01 0.000000000000000000e+00 1.818366175596765544e+01 -6.766504515332669278e+00 2.724604543006065072e+01 -1.457013460115350689e+01 0.000000000000000000e+00 2.986123281396865004e+00 1.992632025698458520e+01 -1.312240502522305796e+01 2.428815220516894513e+01 0.000000000000000000e+00 -6.844237794067857372e+00 -4.513935829194966054e+00 1.012964448441298693e+01 1.466037713759686056e+01
0.000000000000000000e+00 0.000000000000000000e+00 0.000000000000000000e+00 0.000000000000000000e+00 0.000000000000000000e+00 0.000000000000000000e+00 8.362028437579224871e+00 0.000000000000000000e+00 -3.491162587399164074e+00 -1.125664621763263717e+01 0.000000000000000000e+00 3.210321482414777439e+00 2.842742893481994670e+01 2.558983332257516352e+01 2.935259669785362124e+00 0.000000000000000000e+00 0.000000000000000000e+00 -1.412599002146504690e+00 2.680296655726365529e+01 1.677723061569784402e-01 0.000000000000000000e+00 -1.939386568359032381e+01 2.146683678132251671e+01 -2.432794262269816699e+01 -1.868495257753648886e+01
0.000000000000000000e+00 0.000000000000000000e+00 0.000000000000000000e+00 0.000000000000000000e+00 0.000000000000000000e+00 0.000000000000000000e+00 -7.577221197349098603e+00 -1.151519707632727114e-13 -1.061654765987480964e+01 -1.797082105894400783e+01 0.000000000000000000e+00 1.208287897987884103e-11 9.081681592914042866e+00 -4.406926208587299776e+00 1.655580882245645569e+01 0.000000000000000000e+00 0.000000000000000000e+00 -1.900877422950751949e+01 1.282257859554658808e+01 -2.729293106861427898e+00 0.000000000000000000e+00 -2.296319209452222054e+01 -5.545726109756710542e+00 1.132661396355104166e+01 -3.000000000000000000e+01
0.000000000000000000e+00 0.000000000000000000e+00 -2.596011854894065264e-15 0.000000000000000000e+00 0.000000000000000000e+00 0.000000000000000000e+00 -1.866226286221296959e+01 -2.792341117765266834e-01 -1.559285900103166611e+01 -2.389676127652355220e+01 0.000000000000000000e+00 1.215261512414785782e-10 1.577697778490297154e+01 -1.624071661974948100e+01 -1.988558320441019589e+01 0.000000000000000000e+00 0.000000000000000000e+00 1.460085809302746540e+01 -2.020937570282353590e+01 -1.702656211181557211e+01 0.000000000000000000e+00 2.903187619621781579e+01 -1.771821254414284397e+01 -2.116868134947452518e+01 -2.563553632835307639e+01
0.000000000000000000e+00 0.000000000000000000e+00 -1.761933659382474981e-01 0.000000000000000000e+00 0.000000000000000000e+00 0.000000000000000000e+00 -1.973579935770243310e+01 -1.156240023352590285e+01 -1.829327872882136319e+01 2.656975554875274170e+01 0.000000000000000000e+00 -2.466881349390896890e-11 -1.749891258603325639e+01 -2.574606336337663492e+01 1.983112454173975436e+01 0.000000000000000000e+00 0.000000000000000000e+00 3.483132941536400407e-01 1.987137889779952360e+01 -2.871084264926502172e+01 0.000000000000000000e+00 2.182616459692996003e+01 -2.392318426756238381e+01 -2.660055196393341959e+01 2.487540538551349201e+01
0.000000000000000000e+00 -3.429561181872863074e+00 -1.121779230928418158e+01 0.000000000000000000e+00 0.000000000000000000e+00 0.000000000000000000e+00 1.818302511170932689e+01 -1.325973953647560677e+01 -2.537870797479006058e+01 1.785621513455110332e+01 0.000000000000000000e+00 -4.409976676686012675e-01 1.551121908522809711e+01 3.000000000000000000e+01 5.243413259298010942e+00 0.000000000000000000e+00 -1.589895902938082362e+00 -3.856138900299958770e-17 1.621407922080858555e+01 2.830808384368282660e+01 0.000000000000000000e+00 1.004678972097211442e+01 2.962091979148087972e+01 2.592016916578548802e+01 1.417340711313594248e+01
0.000000000000000000e+00 -1.635968622986527521e+01 -1.012261440510813237e+01 -1.235139348438739182e+00 0.000000000000000000e+00 0.000000000000000000e+00 1.644265289012108866e+01 -1.724851055784926146e+01 2.443480914939499726e+01 -2.573530762594805310e+01 0.000000000000000000e+00 -1.236999704226239238e+01 -8.820719706799867055e+00 -1.716665974563197139e+01 -4.576471323256576795e+00 0.000000000000000000e+00 -5.366807834684568235e+00 -8.309451405249610456e-01 6.815933142690854041e+00 3.000000000000000000e+01 0.000000000000000000e+00 -5.609484871697057784e+00 1.475555072704057302e+01 5.087144927444806619e-01 -4.514752044568894007e+00
0.000000000000000000e+00 -1.734888769274548892e+01 -1.828029451788749071e+01 -4.634802251690699926e+00 -7.666685466543505356e+00 0.000000000000000000e+00 1.111637880684621038e+01 -3.000000000000000000e+01 2.390188038804360104e+01 -3.000000000000000000e+01 0.000000000000000000e+00 -2.046928694580862995e+01 -2.558726466494529461e+01 3.000000000000000000e+01 -1.665481463448143984e+01 0.000000000000000000e+00 -1.370898099433974693e+01 -9.605439258329383279e+00 0.000000000000000000e+00 2.281694999294560944e+01 0.000000000000000000e+00 -1.602694485075945607e+01 -4.509083697772083843e-01 -2.877214995526614061e+01 -1.942594026677384988e+01
0.000000000000000000e+00 -3.000000000000000000e+01 -2.275543266725152236e+01 -1.817420948746899256e+01 -1.479111190365351014e+01 0.000000000000000000e+00 1.020233429510169465e+01 -3.000000000000000000e+01 1.254095736587652254e+01 -3.000000000000000000e+01 0.000000000000000000e+00 -2.153137781361532888e+01 2.578451525062031635e+01 1.491392460768186368e+01 2.241366720490313469e+01 0.000000000000000000e+00 -2.018408521136528222e+01 -1.418770378855618119e+01 -1.016436345156695431e+01 5.963206989754518794e+00 0.000000000000000000e+00 -2.459638170825665071e+01 -1.601557104761441508e+01 -3.000000000000000000e+01 7.235643570581486550e+00
0.000000000000000000e+00 -3.000000000000000000e+01 -3.000000000000000000e+01 -3.000000000000000000e+01 -1.847582196030324653e+01 0.000000000000000000e+00 1.761678252257789790e-01 3.000000000000000000e+01 -2.150800110953219324e+00 -2.738890300295900460e+01 0.000000000000000000e+00 -3.000000000000000000e+01 1.216710638332038741e+01 2.049398697739518216e+00 2.303346192703996653e+00 0.000000000000000000e+00 0.000000000000000000e+00 -3.000000000000000000e+01 -1.737303338693357446e+01 -6.586056771481046813e-09 0.000000000000000000e+00 -3.000000000000000000e+01 -2.830555810612681711e+01 -3.000000000000000000e+01 -2.223110206184790982e+01
0.000000000000000000e+00 3.000000000000000000e+01 3.000000000000000000e+01 -3.000000000000000000e+01 3.000000000000000000e+01 0.000000000000000000e+00 0.000000000000000000e+00 3.000000000000000000e+01 -1.780613430902969796e+01 3.000000000000000000e+01 0.000000000000000000e+00 3.000000000000000000e+01 -4.359880915608300711e-01 2.617068363547276988e+01 0.000000000000000000e+00 0.000000000000000000e+00 3.000000000000000000e+01 3.000000000000000000e+01 3.000000000000000000e+01 -2.632432199358037295e+00 0.000000000000000000e+00 3.000000000000000000e+01 3.000000000000000000e+01 3.000000000000000000e+01 3.000000000000000000e+01
0.000000000000000000e+00 3.000000000000000000e+01 2.828908345436243721e+01 3.000000000000000000e+01 1.804449330302175269e+01 0.000000000000000000e+00 0.000000000000000000e+00 3.000000000000000000e+01 7.008217085775748423e+00 3.000000000000000000e+01 0.000000000000000000e+00 1.896453347813568158e+01 -1.837044372661632252e+01 9.228592116883012508e+00 0.000000000000000000e+00 0.000000000000000000e+00 2.039818658895924486e+01 2.579449407127625093e+01 2.045781205612376397e+01 -2.416971696845547157e+01 0.000000000000000000e+00 2.862457044066288248e+01 2.166528280792023153e+01 2.753560959922254270e+01 1.984331842228063536e+01
0.000000000000000000e+00 2.888826500620659843e+01 1.854198378182397988e+01 3.000000000000000000e+01 1.779851569264240041e+01 0.000000000000000000e+00 -1.361653006308700329e-10 2.571281524974267541e+01 -2.221627586183486969e+01 2.141987983732843759e+01 0.000000000000000000e+00 2.006422390200880201e+01 2.428624390630833219e+01 -3.056186011802532576e+00 -2.540714887895077378e+00 0.000000000000000000e+00 1.895050960508477189e+01 1.619251749172121890e+01 -1.096788386220581302e+01 -3.000000000000000000e+01 0.000000000000000000e+00 1.256735121632349461e+01 1.471622095475060910e+01 1.951599908070348377e+01 1.541332819389961273e+01
0.000000000000000000e+00 2.375850232233103299e+01 1.750618586465793314e+01 2.732053949722696728e+01 7.204883268133972507e-01 0.000000000000000000e+00 2.092983729509672968e-04 3.000000000000000000e+01 2.509838479728684746e+01 7.172516908886585441e+00 0.000000000000000000e+00 5.033036572278719589e+00 1.630889119852963987e+01 -1.699421878087339266e+01 -2.553881711702238988e+01 0.000000000000000000e+00 8.161530048231345091e+00 1.075159994427373533e+01 3.000000000000000000e+01 3.000000000000000000e+01 0.000000000000000000e+00 0.000000000000000000e+00 0.000000000000000000e+00 6.219657484896447208e+00 1.225889285755481417e+01
0.000000000000000000e+00 1.258439523544759275e+01 7.149601183623809142e+00 1.420513754351714475e+01 -2.345741773359827320e+01 0.000000000000000000e+00 4.517572209738701747e-04 2.252713117982491298e+01 -7.166117155463051169e+00 -1.642028070497167391e+01 0.000000000000000000e+00 2.059386391533886765e-03 5.164764367889394109e-02 -3.000000000000000000e+01 3.000000000000000000e+01 0.000000000000000000e+00 0.000000000000000000e+00 0.000000000000000000e+00 -3.000000000000000000e+01 3.000000000000000000e+01 0.000000000000000000e+00 0.000000000000000000e+00 0.000000000000000000e+00 0.000000000000000000e+00 0.000000000000000000e+00
0.000000000000000000e+00 0.000000000000000000e+00 0.000000000000000000e+00 0.000000000000000000e+00 0.000000000000000000e+00 0.000000000000000000e+00 0.000000000000000000e+00 0.000000000000000000e+00 0.000000000000000000e+00 0.000000000000000000e+00 0.000000000000000000e+00 0.000000000000000000e+00 0.000000000000000000e+00 0.000000000000000000e+00 0.000000000000000000e+00 0.000000000000000000e+00 0.000000000000000000e+00 0.000000000000000000e+00 0.000000000000000000e+00 0.000000000000000000e+00 0.000000000000000000e+00 0.000000000000000000e+00 0.000000000000000000e+00 0.000000000000000000e+00 0.000000000000000000e+00
0.000000000000000000e+00 0.000000000000000000e+00 0.000000000000000000e+00 0.000000000000000000e+00 0.000000000000000000e+00 0.000000000000000000e+00 0.000000000000000000e+00 0.000000000000000000e+00 0.000000000000000000e+00 0.000000000000000000e+00 0.000000000000000000e+00 0.000000000000000000e+00 0.000000000000000000e+00 0.000000000000000000e+00 0.000000000000000000e+00 0.000000000000000000e+00 0.000000000000000000e+00 0.000000000000000000e+00 0.000000000000000000e+00 0.000000000000000000e+00 0.000000000000000000e+00 0.000000000000000000e+00 0.000000000000000000e+00 0.000000000000000000e+00 0.000000000000000000e+00
0.000000000000000000e+00 0.000000000000000000e+00 0.000000000000000000e+00 0.000000000000000000e+00 0.000000000000000000e+00 0.000000000000000000e+00 0.000000000000000000e+00 0.000000000000000000e+00 0.000000000000000000e+00 0.000000000000000000e+00 0.000000000000000000e+00 0.000000000000000000e+00 0.000000000000000000e+00 0.000000000000000000e+00 0.000000000000000000e+00 0.000000000000000000e+00 0.000000000000000000e+00 0.000000000000000000e+00 0.000000000000000000e+00 0.000000000000000000e+00 0.000000000000000000e+00 0.000000000000000000e+00 0.000000000000000000e+00 0.000000000000000000e+00 0.000000000000000000e+00
0.000000000000000000e+00 0.000000000000000000e+00 0.000000000000000000e+00 0.000000000000000000e+00 0.000000000000000000e+00 0.000000000000000000e+00 0.000000000000000000e+00 0.000000000000000000e+00 0.000000000000000000e+00 0.000000000000000000e+00 0.000000000000000000e+00 0.000000000000000000e+00 0.000000000000000000e+00 0.000000000000000000e+00 0.000000000000000000e+00 0.000000000000000000e+00 0.000000000000000000e+00 0.000000000000000000e+00 0.000000000000000000e+00 0.000000000000000000e+00 0.000000000000000000e+00 0.000000000000000000e+00 0.000000000000000000e+00 0.000000000000000000e+00 0.000000000000000000e+00
0.000000000000000000e+00 3.000000000000000000e+01 -3.547121618449933234e-02 2.943939913923086849e+01 2.279915076053105594e+01 0.000000000000000000e+00 3.000000000000000000e+01 2.293958867535404167e+01 0.000000000000000000e+00 -3.000000000000000000e+01 0.000000000000000000e+00 -5.164010103163567678e+00 -8.137678980556513508e+00 -2.094174291707930635e+01 9.306486582053365098e+00 0.000000000000000000e+00 2.423619828286708255e+01 2.089763614844286010e+01 1.160457761798721776e+01 -2.678533973426039694e+01 0.000000000000000000e+00 0.000000000000000000e+00 0.000000000000000000e+00 0.000000000000000000e+00 0.000000000000000000e+00
0.000000000000000000e+00 2.834346348538245763e+01 -1.384229908242543594e+01 1.142448992935542051e+01 -3.372478256245232675e+00 0.000000000000000000e+00 1.898740330396826437e+01 7.259396390956071698e+00 2.230438721854619288e+01 2.327357621680717159e+01 0.000000000000000000e+00 -1.924478145361060655e+01 2.516902176061640617e+01 -3.000000000000000000e+01 -8.779950607667601048e+00 0.000000000000000000e+00 1.916714119520552018e+01 1.441679831053027527e+01 0.000000000000000000e+00 3.000000000000000000e+01 0.000000000000000000e+00 0.000000000000000000e+00 0.000000000000000000e+00 0.000000000000000000e+00 0.000000000000000000e+00
0.000000000000000000e+00 1.959005953200396632e+01 -3.000000000000000000e+01 0.000000000000000000e+00 -2.205621500066213159e+01 0.000000000000000000e+00 4.350772367265161478e+00 -1.812497605002695877e+01 -5.117310811344257360e+00 -9.583038973774579361e+00 0.000000000000000000e+00 -3.000000000000000000e+01 2.141687063082660458e+01 2.510836100464278431e+01 -2.676539939386174538e+01 0.000000000000000000e+00 4.321885994347592685e+00 1.040372923702524766e+00 0.000000000000000000e+00 1.875055159812508521e+01 0.000000000000000000e+00 0.000000000000000000e+00 0.000000000000000000e+00 0.000000000000000000e+00 0.000000000000000000e+00
8.497103163117277899e-12 8.648725478281130918e+00 3.570916875243145494e+00 9.459992656672136846e+00 2.878107119907948785e+01 0.000000000000000000e+00 -2.799905793820416822e+00 2.426259615651241575e+01 -6.996591414174366808e-01 2.374216381432251666e+01 0.000000000000000000e+00 3.000000000000000000e+01 3.568995991688533653e+00 1.215087671924320212e+01 2.620709533835170291e+01 0.000000000000000000e+00 0.000000000000000000e+00 0.000000000000000000e+00 0.000000000000000000e+00 1.603706306932568992e+00 0.000000000000000000e+00 0.000000000000000000e+00 0.000000000000000000e+00 0.000000000000000000e+00 0.000000000000000000e+00
-2.781508120515649551e+00 -1.300955351677036020e+01 3.000000000000000000e+01 1.337039189410639217e+01 2.572338766997622272e+01 0.000000000000000000e+00 -1.762711576403030733e+01 6.600369082447672675e-02 1.180214400718780965e+01 -8.950646678073551854e+00 0.000000000000000000e+00 2.381246810483584753e+01 -1.771102412008638893e+01 2.529283663048412123e+01 9.632007627211047307e+00 -3.999455815876810760e+00 0.000000000000000000e+00 0.000000000000000000e+00 0.000000000000000000e+00 1.273900616201225499e-14 0.000000000000000000e+00 0.000000000000000000e+00 0.000000000000000000e+00 0.000000000000000000e+00 0.000000000000000000e+00
-9.658263821754101031e+00 2.203480352097654560e+01 3.000000000000000000e+01 3.567951951808242317e+00 -1.107406922737705557e+01 -2.932120439878121040e-17 -1.888593582162094719e+01 1.592251365223026482e+01 -1.227520971975308051e+01 1.848205218830428009e+01 0.000000000000000000e+00 1.106326520866378083e+01 1.346745473071521992e+01 4.637055932521398915e+00 -4.078907600366105335e+00 -1.148593040020419664e+01 0.000000000000000000e+00 -2.492668553285866585e-15 -1.425605439537538377e+00 -2.141711454665527370e+00 0.000000000000000000e+00 0.000000000000000000e+00 0.000000000000000000e+00 0.000000000000000000e+00 0.000000000000000000e+00
-1.257835284664262510e+01 2.059529679376059619e+01 2.153281943759147765e+01 -3.358227303129270314e-01 -2.387569613367471533e+01 -7.178041648114525941e+00 8.211659737245405211e+00 1.565696611055764897e+01 -2.238193331849131695e+01 -1.114737470503832206e+01 0.000000000000000000e+00 -6.858564021401374333e+00 -2.132957685688437621e+01 -1.317886233979559130e+01 -9.896855182509073146e+00 -1.601181402162114864e+01 -9.086342860311973357e-01 0.000000000000000000e+00 -4.906783651014841041e+00 -1.228100241123593683e+01 0.000000000000000000e+00 0.000000000000000000e+00 0.000000000000000000e+00 0.000000000000000000e+00 0.000000000000000000e+00
-1.247423121705892335e+01 7.900172890134829373e+00 1.590431981164771535e+01 6.878715168018727510e-01 -8.985243439412878175e+00 -2.127103671772807658e+01 -1.434268425352966148e+01 -8.962206895935642237e+00 -2.040421087892753249e+01 -2.236690223219673257e+01 -8.126011720183884179e+00 -1.776059683849529236e+01 -3.000000000000000000e+01 -1.887498935059406335e+01 -2.597616646927997053e+01 -2.101518049384253928e+01 -7.081649635633746165e+00 -3.537600923488868459e-10 -1.322920366726166286e+01 -2.208765348012173391e+01 0.000000000000000000e+00 0.000000000000000000e+00 0.000000000000000000e+00 0.000000000000000000e+00 0.000000000000000000e+00
-2.078733864527049846e+01 -1.329984665794734866e+01 6.500618291029622853e+00 -1.359493749688913233e+01 -1.607483889304520375e+01 -2.702896631016937690e+01 -2.552594355165921769e+01 -1.028887754062817983e+01 -3.000000000000000000e+01 -3.000000000000000000e+01 -2.359079273640537266e+01 -2.878170039731430663e+01 3.000000000000000000e+01 -3.000000000000000000e+01 -2.467805034142642739e+01 -2.985742637686691126e+01 -1.444111172035486668e+01 -4.929950689132613917e+00 -2.703484152632004722e+01 -3.000000000000000000e+01 0.000000000000000000e+00 0.000000000000000000e+00 0.000000000000000000e+00 0.000000000000000000e+00 0.000000000000000000e+00
3.000000000000000000e+01 -2.843967676430265712e+01 -2.514107495346314280e+00 -2.721759881250672564e+01 2.728664096956535090e+01 3.000000000000000000e+01 3.000000000000000000e+01 1.428945125614731282e+01 3.000000000000000000e+01 3.000000000000000000e+01 3.000000000000000000e+01 3.000000000000000000e+01 3.000000000000000000e+01 3.000000000000000000e+01 -3.000000000000000000e+01 3.000000000000000000e+01 -1.058754893513548012e+01 -6.084190612628332495e+00 -3.000000000000000000e+01 3.000000000000000000e+01 0.000000000000000000e+00 0.000000000000000000e+00 0.000000000000000000e+00 0.000000000000000000e+00 0.000000000000000000e+00
1.890202360640499535e+01 3.000000000000000000e+01 -1.181922902988306667e+01 3.000000000000000000e+01 1.595656185155459461e+01 2.367905740016108496e+01 1.929214070339576281e+01 0.000000000000000000e+00 2.542598078628682856e+01 2.586968791807171542e+01 1.794592764047011357e+01 2.147027548158236954e+01 2.101407994604575080e+01 2.430835606287869410e+01 3.000000000000000000e+01 2.694029810917967183e+01 -1.270119580611622112e+01 -1.868313197692265604e+01 3.000000000000000000e+01 2.682825118543236442e+01 0.000000000000000000e+00 0.000000000000000000e+00 0.000000000000000000e+00 0.000000000000000000e+00 0.000000000000000000e+00
2.649692093398745385e+01 2.016680101039168349e+01 1.207597639804906109e+01 2.837019453239492606e+01 1.367971501874582430e+01 1.215958936327045947e+01 1.722693695069332875e+01 -1.416136326168355053e+00 2.326403195116824918e+01 1.477865563118502124e+01 7.826730715373005687e+00 1.358477760956561475e+00 1.157017361640643749e+01 1.680259390700305744e+01 2.191910290038917353e+01 1.989026765887580694e+01 -1.753948709907954395e+01 -1.575189022284924789e+01 2.439309073344816170e+01 1.346261098415855173e+01 0.000000000000000000e+00 0.000000000000000000e+00 0.000000000000000000e+00 0.000000000000000000e+00 0.000000000000000000e+00
1.398026801146393261e+01 2.468781199102021162e+01 0.000000000000000000e+00 3.000000000000000000e+01 1.223942968290000977e+01 -1.632760627064361003e+01 5.321646393561910493e+00 -2.085866914592154231e+01 2.829601797330749235e+01 2.176097619654363324e+00 2.875400855514924636e-01 6.829878412824132247e-15 -2.233351847121911593e+00 4.576437787663413026e+00 1.335513892274513736e+01 1.542191864667898749e+01 1.831386108766789178e+01 -2.536974441219518184e+01 1.525568056071843159e+01 1.689412301304690001e+00 0.000000000000000000e+00 0.000000000000000000e+00 0.000000000000000000e+00 0.000000000000000000e+00 0.000000000000000000e+00
1.993881965890272889e+00 7.971780309208310378e+00 -4.003589560785428603e+00 3.000000000000000000e+01 9.033001660490095119e+00 1.104249109578526777e+01 -1.533792683519257416e+01 1.837354480924208744e+01 -5.898745396617998793e+00 0.000000000000000000e+00 -1.159442272675213914e+01 -3.514358666606325760e-02 1.474735969107412004e+01 4.538796611440999718e-03 1.358353788008130181e+01 1.117897449699908741e+01 1.687127209842981657e+01 3.000000000000000000e+01 1.141335408697154818e+01 1.257038547218527707e-18 0.000000000000000000e+00 0.000000000000000000e+00 0.000000000000000000e+00 0.000000000000000000e+00 0.000000000000000000e+00
-1.430287403647752775e+01 -4.570555313191898561e-02 1.429202076929318288e+01 3.000000000000000000e+01 4.201983181559536540e+00 -5.387950711556391603e+00 1.370914167894344438e+01 -1.206146096740839191e+01 9.308541285807555354e+00 0.000000000000000000e+00 -2.677804336099764626e+01 -1.184223960465136471e+01 6.787523554392069336e+00 -7.275395301742619583e-18 -3.110064755753977561e+00 5.100303419808226657e+00 1.216912412815207567e+01 2.558553188114897736e+01 1.008529908364593375e+01 1.988476061920225789e-20 0.000000000000000000e+00 0.000000000000000000e+00 0.000000000000000000e+00 0.000000000000000000e+00 0.000000000000000000e+00
-2.119050362521739217e+01 -9.026162341764472075e+00 1.512580205562402114e+01 2.334340789942021033e+01 1.319606067892870170e-19 -1.843458909275123858e+01 2.323550542692527643e-01 -2.025642704154611451e+01 -9.822479680290909343e+00 0.000000000000000000e+00 2.457179861083499972e+01 -3.000000000000000000e+01 -1.836778529542992899e+01 1.942776700472899422e-16 -2.182918849952270435e+01 0.000000000000000000e+00 1.598016203651376443e+01 1.986635682711514761e+01 4.302732062107657574e-01 0.000000000000000000e+00 0.000000000000000000e+00 0.000000000000000000e+00 0.000000000000000000e+00 0.000000000000000000e+00 0.000000000000000000e+00
-2.356320443010401178e+01 1.479908875941705837e+01 1.322115252485369830e+01 9.484380092634745907e+00 0.000000000000000000e+00 2.659198099507523239e+01 -1.440694095273600261e+01 2.145847557259843086e+01 1.703519284116903165e+01 0.000000000000000000e+00 1.714559038002810709e+01 2.806712740910573345e+01 1.995536802069459625e+01 -2.174124443224006469e-18 2.649318472510236333e+01 -9.055469817839237323e-02 9.378601072626681301e+00 2.174857828728736209e+01 1.864848006387530722e-08 0.000000000000000000e+00 0.000000000000000000e+00 0.000000000000000000e+00 0.000000000000000000e+00 0.000000000000000000e+00 0.000000000000000000e+00
2.736298020009774490e+01 1.970892938428671215e+01 -1.496769415597119668e+01 6.921962853261985904e-01 0.000000000000000000e+00 1.802136024600539344e+01 -1.087739840412193848e+00 6.824041575042312235e-01 1.205144047527235784e+01 0.000000000000000000e+00 3.906794788218530545e-01 1.780095789585880794e+01 1.020911391879953456e+01 -8.313916404413897516e-17 1.503445896393838765e+01 -1.026708103186721388e+01 7.259239084666196939e-01 9.289083792821006824e+00 -4.960880034016597939e+00 0.000000000000000000e+00 0.000000000000000000e+00 0.000000000000000000e+00 0.000000000000000000e+00 0.000000000000000000e+00 0.000000000000000000e+00
1.322278735415726203e+01 6.095044644928773181e-01 2.570926363956847638e+01 -1.001251019973052081e+01 0.000000000000000000e+00 8.055249246949728104e+00 -1.004708335591489110e+01 -2.293337944294088970e+01 1.202668695475136218e+00 0.000000000000000000e+00 2.768203583931575551e+01 -1.034507618839750265e+01 6.833624190508403862e-01 3.224905940800266201e-20 6.099493971443651491e-02 -1.756020071419736084e+01 2.907966395426211850e-08 2.338471068268484832e+00 -1.782295398054106528e+01 0.000000000000000000e+00 0.000000000000000000e+00 0.000000000000000000e+00 0.000000000000000000e+00 0.000000000000000000e+00 0.000000000000000000e+00
1.753918399136089334e+01 2.781054693097299690e+00 1.342873335314857641e+01 -1.784418791642702118e+01 0.000000000000000000e+00 -2.115629225118573231e+01 3.104042005925888414e+00 -1.479365904751622374e+01 -1.850346823082885183e-14 0.000000000000000000e+00 1.506163684645107459e+01 1.654938840421505830e+01 -2.721530763312913770e-01 2.065671615525765360e-20 -2.436930405274947642e+00 -2.233112918529629098e+01 -8.205583482489872793e+00 -2.280330412485776836e+00 -2.400991377051241216e+01 0.000000000000000000e+00 0.000000000000000000e+00 0.000000000000000000e+00 0.000000000000000000e+00 0.000000000000000000e+00 0.000000000000000000e+00
4.093774431984847695e+00 -1.661787077572483895e+01 6.287105046168207423e+00 -2.294273000347149605e+01 0.000000000000000000e+00 -1.588535166892506467e+01 -2.252140773642281601e+01 -2.182178758010070041e+01 0.000000000000000000e+00 0.000000000000000000e+00 1.896686501516811774e+01 -1.445200171972008363e+01 -8.064331258514064515e+00 7.664803442277574676e-18 -1.277187560728004989e+01 2.780979140333764121e+01 -1.762844030552048835e+01 -1.230626104432688628e+01 3.000000000000000000e+01 0.000000000000000000e+00 0.000000000000000000e+00 0.000000000000000000e+00 0.000000000000000000e+00 0.000000000000000000e+00 0.000000000000000000e+00
-1.446021937693917714e+01 6.602723931411682123e+00 -9.914903847366652201e+00 2.562851363194707233e+01 0.000000000000000000e+00 3.000000000000000000e+01 2.412043595350528591e+01 2.405503479969711833e+01 0.000000000000000000e+00 0.000000000000000000e+00 -2.298544915864598748e-01 1.802735734278375901e+01 -1.233922742444703680e+01 0.000000000000000000e+00 -1.594315763709615830e+01 1.943838263484731499e+01 -2.369175094052266672e+01 -2.207173657167423642e+01 2.170121169931607241e+01 0.000000000000000000e+00 0.000000000000000000e+00 0.000000000000000000e+00 0.000000000000000000e+00 0.000000000000000000e+00 0.000000000000000000e+00
1.014038229552830472e+01 -9.832400241916362305e+00 -2.211839126972422420e+01 1.381744885374794229e+01 0.000000000000000000e+00 2.545888955296988243e+01 5.353242405362848011e+00 5.011794830865279771e+00 0.000000000000000000e+00 0.000000000000000000e+00 1.106832657025548627e+01 8.698734941019030664e-01 -1.702783203221189368e+01 0.000000000000000000e+00 1.755029008001677227e+01 5.079553871546516497e+00 2.224543801958420630e+01 2.646449431122385931e+01 1.404713401755108215e+01 0.000000000000000000e+00 0.000000000000000000e+00 0.000000000000000000e+00 0.000000000000000000e+00 0.000000000000000000e+00 0.000000000000000000e+00
-9.666599078441565851e+00 -1.759869938555415914e+01 3.000000000000000000e+01 2.151080688903824534e+00 0.000000000000000000e+00 3.000000000000000000e+01 -2.721477420847177697e+00 -3.000000000000000000e+01 -1.866957489839419893e+00 0.000000000000000000e+00 1.785667243557440997e+00 -1.641407078966020805e+01 2.020519619017693103e+01 0.000000000000000000e+00 1.579682103293259310e+01 -1.752681224652784664e+01 -3.623448878928714478e+00 2.238434503010880405e+01 4.089472331994583598e-01 0.000000000000000000e+00 -1.455732625345819375e+00 0.000000000000000000e+00 0.000000000000000000e+00 -1.706942046754960751e+00 0.000000000000000000e+00
-1.686847702235715474e+01 -3.000000000000000000e+01 1.452804055247792192e+01 -1.053648973627914387e+01 0.000000000000000000e+00 2.257501324053990999e+01 -2.066526699561363856e+01 -3.000000000000000000e+01 -5.117615223800554780e+00 0.000000000000000000e+00 -1.832603402423842454e+01 3.000000000000000000e+01 1.615646598618096164e+01 0.000000000000000000e+00 1.029288967836487956e+01 -2.893118438428045280e+01 -2.120283042667353257e+01 1.271236814396298875e+01 1.551029698574807229e-20 0.000000000000000000e+00 -1.103480934010621972e+01 -3.325719920635513471e+00 -4.241154441195998714e+00 -1.070477158513178217e+01 0.000000000000000000e+00
-2.940558284553591761e+01 -3.000000000000000000e+01 -1.828340835933038733e+01 -2.039288217788524094e+01 0.000000000000000000e+00 8.737645400210103830e+00 2.278804049391930420e+01 -3.000000000000000000e+01 -1.347826456428529340e+01 0.000000000000000000e+00 3.000000000000000000e+01 1.850666219189424311e+01 1.536626081038020430e+01 0.000000000000000000e+00 5.758043747514501653e+00 -3.000000000000000000e+01 -3.000000000000000000e+01 -1.183745452652229702e+01 3.131254704633990816e-16 0.000000000000000000e+00 -1.346964971409380496e+01 -2.064381071742796436e+01 -1.028039078964096653e+01 -1.958006010775229555e+01 0.000000000000000000e+00
-2.485266222106282541e+01 -3.000000000000000000e+01 -2.983551518089539201e+01 -3.000000000000000000e+01 0.000000000000000000e+00 1.337295489789265268e-01 1.081731929184111252e+01 -3.000000000000000000e+01 -1.700762901285019524e+01 0.000000000000000000e+00 1.855174832668372176e+01 4.290710492534953735e-01 2.147649107026738502e+00 0.000000000000000000e+00 -2.696833428068494661e-10 -2.860216709520584999e+01 -2.457737011563457585e+01 -2.747505932418438590e+01 0.000000000000000000e+00 0.000000000000000000e+00 -2.046946949801791860e+01 -2.940936129282510336e+01 -2.678980808565670557e+01 -3.000000000000000000e+01 0.000000000000000000e+00
3.000000000000000000e+01 3.000000000000000000e+01 3.000000000000000000e+01 3.000000000000000000e+01 0.000000000000000000e+00 -2.086278445482266974e+01 -4.629369284339113086e-05 -3.000000000000000000e+01 2.199893279603576346e+01 0.000000000000000000e+00 2.415849399297466249e+01 3.000000000000000000e+01 -3.248853741920497190e-13 0.000000000000000000e+00 -3.335213337368444630e-16 3.000000000000000000e+01 3.000000000000000000e+01 -2.919027281141777408e+01 -5.499305189768530777e-01 0.000000000000000000e+00 3.000000000000000000e+01 3.000000000000000000e+01 3.000000000000000000e+01 3.000000000000000000e+01 0.000000000000000000e+00
2.218577841363981307e+01 2.984522011481863046e+01 2.202215778973569016e+01 2.958502432329720477e+01 0.000000000000000000e+00 1.164029417373399866e+01 -6.527676483624203385e+00 3.000000000000000000e+01 1.742823644655092963e+01 0.000000000000000000e+00 2.721250409536354553e+01 7.983115901636340439e+00 1.178650575660857601e-15 0.000000000000000000e+00 0.000000000000000000e+00 2.509462751888418097e+01 2.726458092946679201e+01 3.000000000000000000e+01 -4.217753184717187409e+00 0.000000000000000000e+00 1.812063133299993822e+01 2.531059768166668178e+01 2.123017948223922957e+01 2.772453397806104647e+01 0.000000000000000000e+00
1.436041549502945180e+01 2.593136782587282951e+01 1.470404168200267492e+01 1.163609953491188698e+01 0.000000000000000000e+00 -1.496667969615396743e+01 -2.711171132801379713e+01 2.674570590960631122e+01 9.429082147808445669e+00 0.000000000000000000e+00 1.485387585692196666e+01 2.614315264479348144e+01 0.000000000000000000e+00 0.000000000000000000e+00 -2.022023934239341791e+00 1.634659036479530059e+01 1.486421591362171846e+01 2.387467077628426892e+01 -1.433003216586685014e+01 0.000000000000000000e+00 -4.786350443615096317e+00 1.791683344687385215e+01 1.302971856158935360e+01 1.936596973938135235e+01 0.000000000000000000e+00
1.154192147992179684e+01 1.876523169185806239e+01 7.053971467714595711e+00 2.057943891769355105e+00 0.000000000000000000e+00 -2.861751522219975286e+01 2.527417480386606030e+01 1.430740498904773972e+01 2.762684742890060718e+00 0.000000000000000000e+00 2.955937436859770617e+00 1.453439925578193659e+01 0.000000000000000000e+00 0.000000000000000000e+00 -9.846655527090621973e+00 2.630963550752173674e+01 -5.908674494291147994e+00 8.100067675012244450e+00 -2.202094822518195372e+01 0.000000000000000000e+00 1.845351269786728921e+01 -1.004273708463897741e+01 6.427373170436103678e+00 1.061104736435990503e+01 0.000000000000000000e+00
7.292312045875652515e+00 5.639531976190693463e+00 1.133972120569373798e+00 0.000000000000000000e+00 0.000000000000000000e+00 3.000000000000000000e+01 1.579138792529853319e+01 1.284145563766908182e+01 -5.381494264354341084e+00 0.000000000000000000e+00 -9.641585892992337037e+00 -8.474612051349467379e+00 0.000000000000000000e+00 0.000000000000000000e+00 -1.772922542282227454e+01 1.002019782827903605e+01 -2.058544058378700470e+01 9.234728395429485370e-03 2.140185432439293223e+01 0.000000000000000000e+00 -6.504517346584358428e+00 2.182931480021502679e+01 -3.432987415077286553e+00 1.723199487403882735e+00 0.000000000000000000e+00
1.109242443026731556e-01 0.000000000000000000e+00 0.000000000000000000e+00 0.000000000000000000e+00 0.000000000000000000e+00 3.000000000000000000e+01 -1.133862367883932443e+01 6.961834495673496770e-01 -1.664461013890641539e+01 0.000000000000000000e+00 1.217585681129667741e+01 1.462313552518826576e+01 0.000000000000000000e+00 0.000000000000000000e+00 -2.148459867644687193e+01 -8.631625339751671788e+00 1.384302161467915049e+01 -6.231427132583490014e+00 1.559000047459016791e+01 0.000000000000000000e+00 -2.286685485055630096e+01 -4.517998373312017257e+00 -1.921453875709849868e+01 -7.695391181461686023e-17 0.000000000000000000e+00
0.000000000000000000e+00 0.000000000000000000e+00 0.000000000000000000e+00 0.000000000000000000e+00 0.000000000000000000e+00 -2.409504461535729547e+01 1.528033457444691479e+01 1.755603208837666065e-13 -3.000000000000000000e+01 0.000000000000000000e+00 -1.349924602445353372e+01 -1.770706959758287979e+01 -2.488537458024440152e+00 0.000000000000000000e+00 2.054725809883517940e+01 2.194361120532827414e+01 -4.635881753494605073e-01 -2.566037074581540978e+01 7.730972845982731378e+00 0.000000000000000000e+00 -2.644463040302403201e+01 -1.926422428081346183e+01 -3.000000000000000000e+01 -1.344146285732042842e-15 0.000000000000000000e+00
0.000000000000000000e+00 0.000000000000000000e+00 0.000000000000000000e+00 0.000000000000000000e+00 0.000000000000000000e+00 1.731085418229827866e+01 -1.104006091807036327e+01 -1.352538825914060920e-13 3.000000000000000000e+01 0.000000000000000000e+00 -2.571097970436237290e+01 1.316506141755301407e+01 -1.219882054703874630e+01 0.000000000000000000e+00 1.740021451236639294e+01 8.181487124067798433e+00 -2.520731749236993835e+01 3.000000000000000000e+01 3.776183121522640462e+00 0.000000000000000000e+00 -2.239875782037672280e+01 3.000000000000000000e+01 3.000000000000000000e+01 -7.705925458153822127e+00 0.000000000000000000e+00
0.000000000000000000e+00 0.000000000000000000e+00 0.000000000000000000e+00 0.000000000000000000e+00 0.000000000000000000e+00 -1.868284936652212380e+01 -2.770710033180012388e+01 5.646309535607265246e-16 2.086941125035577116e+01 0.000000000000000000e+00 -2.363961410911977978e+01 -1.298454137884174031e+01 -1.742460125197171195e+01 -7.609159535798168043e-17 4.288663469168758624e+00 -1.677591948153473922e+01 2.365006172551658636e+01 2.603251693808347156e+01 -2.562226919691709681e-02 0.000000000000000000e+00 2.806390305653804873e+01 2.471146132414522256e+01 2.529629728954800427e+01 -1.737439879109437513e+01 0.000000000000000000e+00
0.000000000000000000e+00 0.000000000000000000e+00 0.000000000000000000e+00 0.000000000000000000e+00 0.000000000000000000e+00 3.000000000000000000e+01 2.323946393736056137e+01 0.000000000000000000e+00 9.760160234354984254e+00 0.000000000000000000e+00 2.650106558859258143e+01 2.110044933985581750e+01 1.996638317885832947e+01 0.000000000000000000e+00 -3.213359719856571586e-09 -6.037949381934703652e+00 -1.286586430224905619e+01 7.848908282380737234e+00 -5.082634469084710283e+00 0.000000000000000000e+00 3.000000000000000000e+01 3.000000000000000000e+01 2.366713355650125905e+01 -2.350360050766185083e+01 0.000000000000000000e+00
0.000000000000000000e+00 0.000000000000000000e+00 0.000000000000000000e+00 0.000000000000000000e+00 0.000000000000000000e+00 2.397240520706215605e+01 7.542237707165050153e+00 0.000000000000000000e+00 1.210249252291373256e+00 0.000000000000000000e+00 3.000000000000000000e+01 -2.332424035015783659e+00 -1.769827301456071478e+00 0.000000000000000000e+00 -1.957725390212718825e-02 -2.398275519757950391e+01 2.145335019208014415e+01 -2.153977683466811399e+01 -1.417156816214003356e+01 0.000000000000000000e+00 1.578026788012702397e+01 2.137797535417450945e+01 -1.658591715790529220e+00 2.548741718100023945e+01 0.000000000000000000e+00
0.000000000000000000e+00 0.000000000000000000e+00 0.000000000000000000e+00 0.000000000000000000e+00 0.000000000000000000e+00 1.860063092222977588e+01 -1.024811017921831890e+01 0.000000000000000000e+00 0.000000000000000000e+00 0.000000000000000000e+00 2.209165112507571394e+01 -2.759094172689072266e+01 -2.041966843344265570e+01 0.000000000000000000e+00 -1.286420899378800620e+01 -2.374072614600340003e+01 -5.262612088866171156e+00 2.634172841825339262e+01 1.844938445589064457e+01 0.000000000000000000e+00 1.101816471018918620e+01 -9.674437435376682659e-01 -2.058647110779239853e+01 1.817426351869145762e+01 0.000000000000000000e+00
0.000000000000000000e+00 0.000000000000000000e+00 0.000000000000000000e+00 0.000000000000000000e+00 0.000000000000000000e+00 9.288610791694301483e+00 -2.317633419803660644e+01 0.000000000000000000e+00 4.094572864826352258e-16 0.000000000000000000e+00 1.627543687358466773e+00 2.331624107020193293e+01 2.542245841354266034e+01 1.750755385008877483e-14 2.461737723666887945e+01 2.127716666896842668e+01 6.160578974966294474e+00 2.777612337035677004e-01 6.198624903431424471e+00 0.000000000000000000e+00 -6.345772532339196026e+00 3.179332021638314743e+00 3.000000000000000000e+01 -1.402509772684968903e+00 0.000000000000000000e+00
0.000000000000000000e+00 0.000000000000000000e+00 0.000000000000000000e+00 0.000000000000000000e+00 0.000000000000000000e+00 -5.512678363183602492e+00 3.000000000000000000e+01 0.000000000000000000e+00 0.000000000000000000e+00 -4.364455898099342868e+00 -1.364648470004570591e+01 4.293268175995878622e+00 8.758117676963756537e+00 -6.882485475888888673e-13 -1.634408378016363628e+01 -1.750346890244282605e+01 -4.349923750067604900e+00 1.957769311270109114e+01 -4.552900025872879120e+00 0.000000000000000000e+00 -1.378600239060940247e+01 1.302562633938324055e+01 2.901024549981542577e+01 6.437613072660541391e+00 0.000000000000000000e+00
0.000000000000000000e+00 0.000000000000000000e+00 0.000000000000000000e+00 0.000000000000000000e+00 0.000000000000000000e+00 -1.283104743118200197e+01 2.040083903357247408e+01 0.000000000000000000e+00 0.000000000000000000e+00 -1.460429137957394374e+01 1.761213748791469058e+01 -1.414203316087204954e+01 -6.221871559001639795e+00 0.000000000000000000e+00 1.059888121645008496e+01 1.817911589837714104e+01 1.193157333861106117e+01 1.303485295130121280e+01 -1.690462486390953600e+01 -1.508600302124229575e+00 -2.863595973017370255e+01 -3.751123929709591742e+00 -3.371395506356604788e+00 8.992797124233472772e+00 -1.666067964035559124e+00
0.000000000000000000e+00 0.000000000000000000e+00 0.000000000000000000e+00 0.000000000000000000e+00 0.000000000000000000e+00 -1.888624221859976515e+01 7.848751273680891316e+00 0.000000000000000000e+00 0.000000000000000000e+00 -1.816957781082098933e+01 -3.996805445594356354e-01 -2.654367380910835195e+01 -1.816424947969905901e+01 0.000000000000000000e+00 -2.211698130495172876e+01 -1.569827003635168339e+01 -1.022061162350527752e+01 4.508976201065432399e+00 -2.090393388491308713e+01 -1.457287720408399778e+01 1.804569272610883957e+01 1.157780291682297680e+01 1.379347514168846978e+01 -2.166878960468465110e+01 -9.855804561177540890e+00
0.000000000000000000e+00 0.000000000000000000e+00 0.000000000000000000e+00 0.000000000000000000e+00 0.000000000000000000e+00 -2.645701171026923859e+01 -5.337874913875391147e-01 0.000000000000000000e+00 -1.053368005378156802e+01 -2.553174423291137174e+01 -1.318000872485218622e+01 -3.000000000000000000e+01 -3.000000000000000000e+01 -1.865451647912141198e+01 -3.000000000000000000e+01 -3.000000000000000000e+01 -2.539470494687752478e+01 -1.026493111157843430e+01 -2.211470226137287298e+01 -2.462310909239970158e+01 -1.837107046794285736e+01 -1.162520224029376692e+01 6.324929384291936074e+00 -1.405609429727885029e+01 -1.390592946665716845e+01
0.000000000000000000e+00 0.000000000000000000e+00 0.000000000000000000e+00 0.000000000000000000e+00 0.000000000000000000e+00 -3.000000000000000000e+01 -1.767635271510619077e+01 0.000000000000000000e+00 -2.061136662511672668e+01 -3.000000000000000000e+01 -2.519807131908154574e+01 -2.981302573189291394e+01 -3.000000000000000000e+01 -3.000000000000000000e+01 3.000000000000000000e+01 -2.760340105995116033e+01 -2.708998812809085877e+01 2.177331136990297367e+01 -3.000000000000000000e+01 -3.000000000000000000e+01 -2.147143903258733744e+01 -2.137764003141617053e+01 -4.644631107136587111e+00 -1.856515360323009034e+01 -1.653538923768584468e+01
