# yaw
0.000000000000000000e+00 0.000000000000000000e+00 0.000000000000000000e+00 0.000000000000000000e+00 0.000000000000000000e+00 3.000000000000000000e+01 0.000000000000000000e+00 3.000000000000000000e+01 -8.775877018584816866e-09 3.000000000000000000e+01 2.331625245312454098e+01 3.000000000000000000e+01 -1.476816394140957200e+01 -2.158806604113648575e+01 3.000000000000000000e+01 3.000000000000000000e+01 -9.934508262994677708e+00 2.801453912149147030e+01 1.942283410350485327e-08 3.000000000000000000e+01 3.000000000000000000e+01 3.000000000000000000e+01 -2.689131797976050109e+01 1.935255806751142060e+01 3.000000000000000000e+01
0.000000000000000000e+00 0.000000000000000000e+00 0.000000000000000000e+00 0.000000000000000000e+00 0.000000000000000000e+00 1.914966505163085131e+01 3.000000000000000000e+01 2.654750108596171287e+01 0.000000000000000000e+00 3.000000000000000000e+01 5.524832411844354141e+00 1.563943194249628910e+01 -3.000000000000000000e+01 3.000000000000000000e+01 3.000000000000000000e+01 3.000000000000000000e+01 -2.915836059438178296e+01 1.058234145856052955e+01 -1.570934412786149759e+00 2.934815355503593537e+01 2.592391003592924648e+01 1.564300389529682178e+01 3.000000000000000000e+01 3.000000000000000000e+01 1.287903668490619502e+01
0.000000000000000000e+00 0.000000000000000000e+00 0.000000000000000000e+00 0.000000000000000000e+00 0.000000000000000000e+00 2.536408605119152337e+00 2.208464839758388010e+01 1.804279210746127404e+01 0.000000000000000000e+00 2.763737011275377853e+01 -1.239168676694436044e+01 6.366096422208207706e+00 3.000000000000000000e+01 1.001461735421839272e+01 2.257064003378917505e+01 2.683509737796000749e+01 -2.642724698237889669e+01 -3.000000000000000000e+01 -2.232298443404782518e+01 2.097953170786813004e+01 1.941162049894263930e+01 -9.127535201610893267e+00 -2.980849514937208156e+01 2.145517194744598299e+01 -4.462570328832723199e+00
0.000000000000000000e+00 0.000000000000000000e+00 0.000000000000000000e+00 0.000000000000000000e+00 0.000000000000000000e+00 0.000000000000000000e+00 1.339572370305177174e+01 4.075027687412256405e+00 0.000000000000000000e+00 1.998426808499436902e+01 -2.650307448761452278e+01 -2.214308395950314867e-01 3.000000000000000000e+01 -4.906359522433653808e+00 1.517084715876412204e+01 1.672529917020015588e+01 3.000000000000000000e+01 3.000000000000000000e+01 -2.775385922228055691e+01 1.593592788532634152e+01 1.761625177571848155e+01 1.299342211506282574e+01 3.000000000000000000e+01 -8.342943319652558198e-01 -2.342724693416787218e+01
0.000000000000000000e+00 0.000000000000000000e+00 0.000000000000000000e+00 0.000000000000000000e+00 0.000000000000000000e+00 -4.033242077003670769e-07 1.122978999878198714e+01 -8.762548463271656374e+00 0.000000000000000000e+00 1.401115125062017519e+01 3.000000000000000000e+01 -1.757917752211822560e+01 -3.000000000000000000e+01 -3.000000000000000000e+01 6.324866955835172888e+00 4.173571073338703030e+00 3.119816330328152532e+00 -2.954546891144155651e+01 -3.000000000000000000e+01 -2.704612295216717310e+00 1.383716606720378373e+01 -1.262705668676478510e+01 3.000000000000000000e+01 -1.054119937546337482e+01 -2.189773404046303185e+01
0.000000000000000000e+00 0.000000000000000000e+00 0.000000000000000000e+00 0.000000000000000000e+00 0.000000000000000000e+00 0.000000000000000000e+00 1.535452957713790090e+00 -1.440094179897950788e+01 -8.716135574235120030e-05 8.323944441282755236e+00 2.355191290348780697e+01 -2.406578532226473754e+01 3.000000000000000000e+01 -3.000000000000000000e+01 -2.078679340149374610e+00 0.000000000000000000e+00 -1.738307156337402049e+01 3.000000000000000000e+01 -3.000000000000000000e+01 2.594001124595534336e+01 8.323944441429775409e+00 -2.952754159505505527e+01 2.040205797100818330e+01 1.386472159785873970e+01 -3.000000000000000000e+01
0.000000000000000000e+00 0.000000000000000000e+00 0.000000000000000000e+00 0.000000000000000000e+00 0.000000000000000000e+00 0.000000000000000000e+00 -7.551108561943942448e-06 -3.000000000000000000e+01 -4.512061382305592718e-04 0.000000000000000000e+00 1.341981189678944197e+01 2.817507090847306728e+01 1.009432756391360364e+01 -1.795348988046720962e+01 -1.846272629920564867e+01 0.000000000000000000e+00 -2.650437625021298871e+01 3.000000000000000000e+01 3.000000000000000000e+01 4.534704521724612469e+00 0.000000000000000000e+00 2.740768615615703752e+01 2.124249395980897503e+01 -6.179454936591786129e+00 2.920976526946472518e+01
0.000000000000000000e+00 0.000000000000000000e+00 0.000000000000000000e+00 0.000000000000000000e+00 0.000000000000000000e+00 0.000000000000000000e+00 0.000000000000000000e+00 3.000000000000000000e+01 -8.502557880725705904e-04 2.110718936355920328e-06 0.000000000000000000e+00 1.587645096984284621e+01 2.800493660174558741e+01 3.000000000000000000e+01 2.917900199548396500e+01 0.000000000000000000e+00 2.029425865392098771e+01 1.820364486898053258e+01 2.758875898466578391e+01 -1.989195154730925452e+01 0.000000000000000000e+00 1.500881386717714250e+01 1.927876774919267788e+01 2.797973157615581385e+01 1.507415147819734003e+01
0.000000000000000000e+00 0.000000000000000000e+00 0.000000000000000000e+00 0.000000000000000000e+00 0.000000000000000000e+00 0.000000000000000000e+00 0.000000000000000000e+00 2.653256226518518446e+01 -7.960859640589840295e-06 -1.591659596840846666e-02 0.000000000000000000e+00 -1.577378209973501733e+01 1.356572174473682502e+00 2.110758677929645444e+01 1.645698154043521910e+01 0.000000000000000000e+00 -2.846697725414192970e+00 1.904843497953520881e+01 1.992856184753019022e+01 1.466104086286869013e+01 0.000000000000000000e+00 -9.102191944660591005e+00 -1.074085851495693866e+01 -2.599826560517025342e+01 1.083515341671777854e+01
0.000000000000000000e+00 0.000000000000000000e+00 0.000000000000000000e+00 0.000000000000000000e+00 0.000000000000000000e+00 0.000000000000000000e+00 4.394312616120685033e-05 9.585255160516707562e+00 -6.263219742527420054e-09 -7.764878132875816519e+00 0.000000000000000000e+00 2.923186320912882152e+01 -3.000000000000000000e+01 1.906072886753065987e+01 -1.454002224831215351e+01 0.000000000000000000e+00 -1.815584673451114028e+01 5.088364147839185003e-01 1.293890165747306931e+01 -1.606626829643206378e+01 0.000000000000000000e+00 -2.334032511023449175e+01 2.438112678489876828e+01 -2.533914471436064275e+01 1.975978712627448175e+01
0.000000000000000000e+00 0.000000000000000000e+00 0.000000000000000000e+00 0.000000000000000000e+00 0.000000000000000000e+00 0.000000000000000000e+00 -1.231068863256961642e-08 -1.154813554730046299e+01 -2.669409066358092902e-09 -1.795518265106149158e+01 -1.965055225758367833e-09 8.542871613592947000e+00 1.457463564945114598e+01 8.547691433356707336e+00 2.185930090746074939e+01 0.000000000000000000e+00 -2.191547517981237547e+01 -1.850881372218091769e+01 -1.637145860178908663e+01 -2.405457819982427381e+01 0.000000000000000000e+00 1.529423767738094853e+01 3.765482476934346234e+00 -5.454041003302762647e+00 -1.274242111863890159e+01
0.000000000000000000e+00 0.000000000000000000e+00 0.000000000000000000e+00 0.000000000000000000e+00 0.000000000000000000e+00 0.000000000000000000e+00 1.182456988189160502e-09 -2.483369466724718322e+01 6.144232162641363570e-08 -2.331889420508047550e+01 -4.372776971539322597e-11 -1.068541633911236133e+01 2.802294906295085819e-01 1.239094147025505244e+01 3.508951539432936695e+00 0.000000000000000000e+00 2.882335432035353051e+01 3.000000000000000000e+01 2.311021170186621276e+01 2.329691288739385513e+01 0.000000000000000000e+00 8.487921182550102472e-02 1.212520540812956504e+01 -2.333044888240727488e+01 1.917798043041150180e+01
0.000000000000000000e+00 -7.131269054862674484e-01 0.000000000000000000e+00 0.000000000000000000e+00 0.000000000000000000e+00 0.000000000000000000e+00 -1.874555615836537468e-08 2.426470696032437147e+01 -1.725131258329215544e+00 3.000000000000000000e+01 7.168198117081157313e-11 -2.470868045724494166e+01 -2.125403581926517321e-08 -1.694536059214364698e+01 1.597957246433554523e+01 0.000000000000000000e+00 1.950303265647802675e+01 1.571217995820414259e+01 1.390507515306061981e+00 8.842161343757304337e+00 0.000000000000000000e+00 -1.062319907516677908e+01 6.008686180611772620e+00 3.000000000000000000e+01 -5.648828813558445461e+00
0.000000000000000000e+00 -6.189572871803747489e+00 -3.507391280917198095e-01 -1.124569948821812915e+01 0.000000000000000000e+00 0.000000000000000000e+00 -1.000198066589390037e-08 2.503862585880624181e+01 -3.950738832506737186e+00 3.000000000000000000e+01 4.121831336649311882e-10 2.902390386436460901e+01 -4.266905985424412906e-02 2.794697501311884480e+01 -1.533735922390539841e+01 0.000000000000000000e+00 6.727351541624896569e+00 -1.832422016000768039e+01 -1.721225403415163413e+01 -8.744084189979194122e+00 0.000000000000000000e+00 -2.519483460269218966e+01 -8.800780621066305542e+00 2.160744435163120869e+01 -2.354239864503025714e+01
0.000000000000000000e+00 -1.152776870033294365e+01 -1.153111605133355155e+01 -1.281982951393231041e+01 -1.760096335190959982e+00 0.000000000000000000e+00 -2.825550950223732422e-09 8.967163190836719977e+00 -1.005075843086113174e+01 2.774068544604523723e+01 3.318370311766491388e-06 1.310416203669421087e+01 -1.598999403616569026e+01 1.352863580600188875e+01 -2.847525587905902000e+01 0.000000000000000000e+00 -7.148505856324603336e+00 2.184699623713134287e+01 -2.178861650289873708e+01 -2.863785806155390290e+01 0.000000000000000000e+00 3.000000000000000000e+01 -1.988384671940700343e+01 -2.380537510775449395e+00 -3.000000000000000000e+01
0.000000000000000000e+00 -2.629890472379436162e+01 -1.689775302192765594e+01 -1.969348185586147082e+01 -1.180884642689814612e+01 0.000000000000000000e+00 -4.670113943783824275e-09 -2.268225717382244877e+00 -1.930704514727375809e+01 2.203409425567681623e+01 -5.075878783586444953e+00 8.234764860344325754e-01 -1.528422220227394313e+01 5.011611821025356406e+00 2.916832625829313486e+01 0.000000000000000000e+00 -1.867251113926273831e+01 4.192687075522831819e+00 2.740198363033206874e+01 3.000000000000000000e+01 0.000000000000000000e+00 -2.740551783995787005e+01 -3.000000000000000000e+01 -1.962737417189810429e+01 1.824086846812679497e+01
0.000000000000000000e+00 -3.000000000000000000e+01 -2.548969767019967492e+01 -3.000000000000000000e+01 -1.727956806185846972e+01 0.000000000000000000e+00 -1.325193596886337279e-06 -1.653298538628780889e+01 -2.764058002537040082e+01 1.446450370567948873e+01 -8.773207116390654647e+00 -5.434834780040281019e-08 -2.426186548871572413e+01 -3.847269756394806617e+00 1.554251751209708132e+01 0.000000000000000000e+00 -2.957423190008061553e+01 -4.412848780982339125e-01 1.343434345794137919e+01 -2.539009504609987644e+01 0.000000000000000000e+00 -3.000000000000000000e+01 -3.000000000000000000e+01 -3.000000000000000000e+01 -2.737532470621714964e+01
0.000000000000000000e+00 -3.000000000000000000e+01 -3.000000000000000000e+01 -3.000000000000000000e+01 -2.523096440452481914e+01 0.000000000000000000e+00 7.840236884687290460e-06 2.561245913286670728e+01 -3.000000000000000000e+01 2.187524132773238650e-01 -1.710374365130514107e+01 3.868418603615897907e-06 3.000000000000000000e+01 -2.265613759589544429e+01 -1.588764619421979951e+01 0.000000000000000000e+00 -3.000000000000000000e+01 -1.737920992792037822e+01 2.196321485437236376e+00 -2.643230122197539700e+01 0.000000000000000000e+00 -3.000000000000000000e+01 -3.000000000000000000e+01 -3.000000000000000000e+01 -3.000000000000000000e+01
0.000000000000000000e+00 3.000000000000000000e+01 3.000000000000000000e+01 3.000000000000000000e+01 3.000000000000000000e+01 0.000000000000000000e+00 0.000000000000000000e+00 6.429108553814665505e+00 3.000000000000000000e+01 -1.681481718908721490e+01 -1.997404964004096684e+01 0.000000000000000000e+00 3.000000000000000000e+01 -3.000000000000000000e+01 2.353054446256905408e+01 0.000000000000000000e+00 3.000000000000000000e+01 2.600534536622686588e+01 -7.443372691875488556e+00 3.000000000000000000e+01 0.000000000000000000e+00 3.000000000000000000e+01 3.000000000000000000e+01 3.000000000000000000e+01 3.000000000000000000e+01
0.000000000000000000e+00 3.000000000000000000e+01 3.000000000000000000e+01 3.000000000000000000e+01 2.217525272625539401e+01 0.000000000000000000e+00 3.137019938508105454e-10 2.777750208839014495e-04 3.000000000000000000e+01 -2.049126665200052244e+01 -2.321142655672725041e+01 -8.956463365218859896e-09 2.611858426250729437e+01 3.000000000000000000e+01 9.374268887159443508e+00 0.000000000000000000e+00 3.000000000000000000e+01 7.323213322523487889e+00 -2.730025084786473144e+01 2.031029867705830938e+01 0.000000000000000000e+00 3.000000000000000000e+01 3.000000000000000000e+01 3.000000000000000000e+01 2.498884366837137705e+01
0.000000000000000000e+00 2.914914477443421603e+01 2.343626764223727221e+01 2.809709653265299067e+01 2.342200300277413305e+01 0.000000000000000000e+00 -5.473904018322721436e-05 -3.303922365535640004e+00 3.000000000000000000e+01 -2.841890175305647137e+00 -3.000000000000000000e+01 7.870209828206223320e-08 6.153203923575729206e+00 2.510770910824603064e+01 -1.634364225414405780e+01 0.000000000000000000e+00 2.191718508854583547e+01 -1.251452285341123272e+01 -2.738352495023090327e+01 1.316915597218841327e+01 0.000000000000000000e+00 2.988085461857128777e+01 2.233819350249501667e+01 2.396252664680446998e+01 2.119372639347943377e+01
0.000000000000000000e+00 2.487611333673656233e+01 1.787977189592441007e+01 3.000000000000000000e+01 9.105163991457128958e+00 0.000000000000000000e+00 0.000000000000000000e+00 -6.391872324780270453e+00 2.681271046895821542e+01 3.000000000000000000e+01 3.813678599511822753e+00 0.000000000000000000e+00 5.838965878531004322e-02 -3.388342973633161392e+00 2.687732585391486495e+01 0.000000000000000000e+00 0.000000000000000000e+00 -3.000000000000000000e+01 -2.982956430194623820e+01 1.773611565232819487e+01 0.000000000000000000e+00 2.705615543476990226e+01 2.068172994041090718e+01 1.479512238610357677e+01 2.271872857657596256e+01
0.000000000000000000e+00 1.697856806992287559e+01 -4.988899891673626463e+00 2.492295790637605890e+01 -8.350159796606643425e+00 0.000000000000000000e+00 0.000000000000000000e+00 -1.635098623538531726e+01 1.419672214669076027e+01 2.068507624807698164e+01 3.000000000000000000e+01 -3.070592408636941273e-01 -9.844671866396074833e+00 2.277581970579965542e+01 -2.623468915381118549e+01 0.000000000000000000e+00 5.796570043786989368e-01 2.467502432464815953e+01 3.000000000000000000e+01 -9.925532534289466469e+00 0.000000000000000000e+00 0.000000000000000000e+00 7.712124331534830901e+00 2.470300837812055672e+00 1.588306391225684955e+01
0.000000000000000000e+00 0.000000000000000000e+00 0.000000000000000000e+00 0.000000000000000000e+00 0.000000000000000000e+00 0.000000000000000000e+00 0.000000000000000000e+00 0.000000000000000000e+00 0.000000000000000000e+00 0.000000000000000000e+00 0.000000000000000000e+00 0.000000000000000000e+00 0.000000000000000000e+00 0.000000000000000000e+00 0.000000000000000000e+00 0.000000000000000000e+00 0.000000000000000000e+00 0.000000000000000000e+00 0.000000000000000000e+00 0.000000000000000000e+00 0.000000000000000000e+00 0.000000000000000000e+00 0.000000000000000000e+00 0.000000000000000000e+00 0.000000000000000000e+00
0.000000000000000000e+00 0.000000000000000000e+00 0.000000000000000000e+00 0.000000000000000000e+00 0.000000000000000000e+00 0.000000000000000000e+00 0.000000000000000000e+00 0.000000000000000000e+00 0.000000000000000000e+00 0.000000000000000000e+00 0.000000000000000000e+00 0.000000000000000000e+00 0.000000000000000000e+00 0.000000000000000000e+00 0.000000000000000000e+00 0.000000000000000000e+00 0.000000000000000000e+00 0.000000000000000000e+00 0.000000000000000000e+00 0.000000000000000000e+00 0.000000000000000000e+00 0.000000000000000000e+00 0.000000000000000000e+00 0.000000000000000000e+00 0.000000000000000000e+00
0.000000000000000000e+00 0.000000000000000000e+00 0.000000000000000000e+00 0.000000000000000000e+00 0.000000000000000000e+00 0.000000000000000000e+00 0.000000000000000000e+00 0.000000000000000000e+00 0.000000000000000000e+00 0.000000000000000000e+00 0.000000000000000000e+00 0.000000000000000000e+00 0.000000000000000000e+00 0.000000000000000000e+00 0.000000000000000000e+00 0.000000000000000000e+00 0.000000000000000000e+00 0.000000000000000000e+00 0.000000000000000000e+00 0.000000000000000000e+00 0.000000000000000000e+00 0.000000000000000000e+00 0.000000000000000000e+00 0.000000000000000000e+00 0.000000000000000000e+00
0.000000000000000000e+00 0.000000000000000000e+00 0.000000000000000000e+00 0.000000000000000000e+00 0.000000000000000000e+00 0.000000000000000000e+00 0.000000000000000000e+00 0.000000000000000000e+00 0.000000000000000000e+00 0.000000000000000000e+00 0.000000000000000000e+00 0.000000000000000000e+00 0.000000000000000000e+00 0.000000000000000000e+00 0.000000000000000000e+00 0.000000000000000000e+00 0.000000000000000000e+00 0.000000000000000000e+00 0.000000000000000000e+00 0.000000000000000000e+00 0.000000000000000000e+00 0.000000000000000000e+00 0.000000000000000000e+00 0.000000000000000000e+00 0.000000000000000000e+00
0.000000000000000000e+00 -2.553965573139999634e+01 0.000000000000000000e+00 -1.593986163837578651e+01 -2.161674137866958745e+01 0.000000000000000000e+00 0.000000000000000000e+00 2.358169752496219473e+01 -3.000000000000000000e+01 -7.235365559459459028e+00 -6.828823657858124285e+00 3.000000000000000000e+01 2.185193161730803268e+01 -2.313138055804965632e+01 2.972277976688670975e+01 0.000000000000000000e+00 0.000000000000000000e+00 0.000000000000000000e+00 1.571894955162085417e+01 -3.000000000000000000e+01 0.000000000000000000e+00 0.000000000000000000e+00 0.000000000000000000e+00 0.000000000000000000e+00 0.000000000000000000e+00
0.000000000000000000e+00 3.000000000000000000e+01 0.000000000000000000e+00 1.827377618265495585e+01 1.212814357608196225e+01 0.000000000000000000e+00 3.805923650054891805e-02 -4.973188019529984238e+00 -3.000000000000000000e+01 4.305584316411339429e-01 -1.911405152018764397e+01 3.000000000000000000e+01 2.719829408942818993e+00 3.000000000000000000e+01 7.825555340341566080e+00 0.000000000000000000e+00 0.000000000000000000e+00 3.000000000000000000e+01 8.842768960254296928e+00 2.224785224608206846e+01 0.000000000000000000e+00 0.000000000000000000e+00 0.000000000000000000e+00 0.000000000000000000e+00 0.000000000000000000e+00
0.000000000000000000e+00 2.370900087481472696e+01 -1.726413524678458344e+01 -2.529798629278569067e+01 5.475786177180422598e+00 0.000000000000000000e+00 -5.858822281689967840e-05 9.027776135023152904e+00 3.000000000000000000e+01 -2.809360433606139296e+01 -3.000000000000000000e+01 -4.955292134566856022e-01 -7.871526506335238871e+00 1.777510060028954086e+01 2.042373460348053271e+01 0.000000000000000000e+00 -1.697769640868324026e-05 2.561363948222395237e+01 -4.648005633227782207e-02 3.000000000000000000e+01 0.000000000000000000e+00 0.000000000000000000e+00 0.000000000000000000e+00 0.000000000000000000e+00 0.000000000000000000e+00
0.000000000000000000e+00 1.642176355108787789e+01 1.679744417021849046e+01 2.999626783762564841e+01 -1.497556526870202553e+01 0.000000000000000000e+00 -6.699218166653867343e-10 -7.860006893712558451e+00 3.000000000000000000e+01 3.000000000000000000e+01 3.000000000000000000e+01 2.005840367117992429e+01 -2.376391035308790833e+01 -7.296362841483861494e+00 3.003256269925194566e+00 0.000000000000000000e+00 -6.434607055682702047e-08 1.484456488814032760e+01 -1.134301533537429840e+01 -1.700855807017674692e+01 0.000000000000000000e+00 0.000000000000000000e+00 0.000000000000000000e+00 0.000000000000000000e+00 0.000000000000000000e+00
-1.742360242868647324e+00 8.080518107883117196e+00 -2.510030812342600726e+01 2.492273842181517907e+01 -1.896179756054010923e+01 0.000000000000000000e+00 -1.289851158825143139e-08 -2.196414838204662701e+01 2.003803154165743905e+01 1.216635021894921920e+01 3.000000000000000000e+01 5.973342189131907176e-01 2.821395558881139465e+01 -2.828071269764503270e+01 -1.581328478133984561e+01 -5.088985286028275823e+00 0.000000000000000000e+00 1.215758416895094385e+01 -1.040030752220192056e+01 3.000000000000000000e+01 0.000000000000000000e+00 0.000000000000000000e+00 0.000000000000000000e+00 0.000000000000000000e+00 0.000000000000000000e+00
-1.071942360337679645e+01 -1.402174893732719951e+01 2.111890665883184326e+01 2.343226467302297067e+01 2.821988233044299221e+01 -1.135528269867672257e+01 1.322026136080396482e-08 2.841379771567313384e+01 -7.423480948572438898e+00 -7.357905599162913646e+00 2.273329944240581924e+01 -1.642865011508120254e+00 1.398064822729342005e+01 2.005505675453403214e+01 -2.766828491740999141e+01 -9.112137066033637822e+00 -3.348876319797166902e-09 -4.875056143716547385e-01 -2.095219715122561155e+01 1.794942560277060295e+01 0.000000000000000000e+00 0.000000000000000000e+00 0.000000000000000000e+00 0.000000000000000000e+00 0.000000000000000000e+00
-1.546898124919158413e+01 2.836909359139443509e+01 7.438204556499520059e+00 -2.054382425217730912e+01 -1.577625949967307983e+00 -1.287245474354826946e+01 -3.432601062804566810e-02 2.313543982586186942e+01 -1.108262044073842745e+01 -2.755278393234723566e+01 7.869034169842177739e+00 -1.666137475247985122e+01 -2.275614120728885581e+00 3.481961617864663516e+00 3.000000000000000000e+01 -2.098095433209470073e+01 -6.150621426288887647e-09 -1.055528286283088235e+01 -2.818395284014880176e+01 5.498429064266010968e+00 0.000000000000000000e+00 0.000000000000000000e+00 0.000000000000000000e+00 0.000000000000000000e+00 0.000000000000000000e+00
-1.834688939903007920e+01 7.262274170135466278e+00 -1.803813069475774000e+01 -3.000000000000000000e+01 -2.659018583013649462e+01 -1.621527352962825219e+01 -1.372635627176034134e+01 1.291909998007210802e+01 2.002602273988265580e+01 -3.000000000000000000e+01 1.958373505604419848e-02 1.574522358981787207e+01 -1.747176228248848773e+01 -6.999430869468351831e-10 -3.000000000000000000e+01 -2.806712767716175705e+01 -2.560000011365802674e-09 -1.051561260602177761e+01 3.000000000000000000e+01 -1.281817719340588546e+01 0.000000000000000000e+00 0.000000000000000000e+00 0.000000000000000000e+00 0.000000000000000000e+00 0.000000000000000000e+00
-2.077975823528811006e+01 -1.750325506355276417e+01 -2.712930258886119717e+01 -1.824600212792759280e+01 -3.000000000000000000e+01 -3.000000000000000000e+01 -2.876699813757035074e+01 -2.315087824153286888e+01 1.244311016280867266e+00 -3.000000000000000000e+01 3.889478356946041474e-08 -4.940507915006525863e+00 3.000000000000000000e+01 -7.744915733798273250e-01 -3.000000000000000000e+01 -3.000000000000000000e+01 5.667948749828693449e-09 -1.828462866263564024e+01 2.420312870169045993e+01 -2.924253972549076863e+01 0.000000000000000000e+00 0.000000000000000000e+00 0.000000000000000000e+00 0.000000000000000000e+00 0.000000000000000000e+00
3.000000000000000000e+01 2.877233267216449164e+01 -2.710141888389689768e+01 3.000000000000000000e+01 3.000000000000000000e+01 3.000000000000000000e+01 3.000000000000000000e+01 -3.000000000000000000e+01 -1.493783612460658716e+01 3.000000000000000000e+01 -5.299865471017374041e+00 -2.868836842757579930e+01 1.730973547562925674e+01 -1.507406672316151131e+01 3.000000000000000000e+01 3.000000000000000000e+01 0.000000000000000000e+00 -2.743714616795410066e+01 9.898890631957470987e+00 3.000000000000000000e+01 0.000000000000000000e+00 0.000000000000000000e+00 0.000000000000000000e+00 0.000000000000000000e+00 0.000000000000000000e+00
2.309439699144379077e+01 1.364579877236658234e+01 2.232815427752733228e+01 2.184739724720592591e+01 2.375589247784542479e+01 2.428329273621567808e+01 1.983535174864977080e+01 1.174250137512133918e+01 3.000000000000000000e+01 3.000000000000000000e+01 -1.633443004556070832e+01 3.000000000000000000e+01 9.376069301544735168e+00 -2.711988075473519189e+01 2.917761817084713982e+01 3.000000000000000000e+01 -1.737610408170938450e-11 -2.465114130675039661e+01 5.965724940646760510e-01 2.174387094049870228e+01 0.000000000000000000e+00 0.000000000000000000e+00 0.000000000000000000e+00 0.000000000000000000e+00 0.000000000000000000e+00
3.000000000000000000e+01 -6.777905770649926609e+00 1.518294430812185425e+01 1.678470808276983206e+01 1.792832528912962786e+01 1.584402852190772037e+01 1.917028831484495432e+00 2.234125307864100532e-03 1.976711403150981639e+01 2.214194852692741833e+01 3.000000000000000000e+01 -2.170116786911184192e+01 -5.754780350125358268e+00 2.189094677312867532e+01 2.255458242087602727e+01 2.568259134742541505e+01 2.122067622144476533e-09 3.000000000000000000e+01 -1.214230133471766138e+01 2.900221772311665003e+00 0.000000000000000000e+00 0.000000000000000000e+00 0.000000000000000000e+00 0.000000000000000000e+00 0.000000000000000000e+00
2.931131742707928467e+01 9.784976313326511743e+00 5.413796952465847134e+00 8.088905194519046660e+00 1.580459201929331847e+01 1.213041779474881210e+01 -2.111656714003188640e+01 -2.560902909595151211e+00 1.169924916302830198e+01 1.455782649722160293e+01 1.470000966322412950e+01 -2.648109890439486591e+01 -2.589830006097660231e+01 -1.472544770638613620e+01 1.587862408066289532e+01 1.796128112846700020e+01 3.469763328078493317e-09 2.840543084129575746e+01 -1.625413431374350282e+01 4.673533257325479134e-10 0.000000000000000000e+00 0.000000000000000000e+00 0.000000000000000000e+00 0.000000000000000000e+00 0.000000000000000000e+00
1.844528202229631120e+01 -1.594475866951409770e+01 -6.098134254643906793e+00 -1.474500019564419517e+01 1.246466158351033648e+01 2.393738631119782578e+00 3.000000000000000000e+01 2.031406711400660470e+01 -1.143220864716184693e+01 5.919129979682271170e+00 4.683071165524042456e+00 3.000000000000000000e+01 -3.000000000000000000e+01 -2.556878376407135889e+01 5.452593553354089018e+00 1.280393263277753846e+01 2.021200523460538010e-10 2.041614927136176760e+01 -3.000000000000000000e+01 3.288871717882153810e-10 0.000000000000000000e+00 0.000000000000000000e+00 0.000000000000000000e+00 0.000000000000000000e+00 0.000000000000000000e+00
5.214284270680596300e+00 3.000000000000000000e+01 -2.177980744443738104e+01 1.439199254395614958e+01 7.095225578375265130e+00 -1.464275375268729995e+01 2.716516761899315924e+01 -5.708903509312093227e+00 -1.146031694372935839e+01 -1.148721317156566332e-12 -1.641264146506259891e+01 1.988001186094883721e+01 3.000000000000000000e+01 -3.000000000000000000e+01 1.569669805484251793e-02 7.122310749359541227e+00 -2.119609384999729806e-10 2.493141289557745566e+01 -3.000000000000000000e+01 0.000000000000000000e+00 0.000000000000000000e+00 0.000000000000000000e+00 0.000000000000000000e+00 0.000000000000000000e+00 0.000000000000000000e+00
-7.510009363772893742e+00 2.734569046380251933e+01 -2.005712425131511623e+01 -8.380836064899830351e-01 1.113904623755423762e+00 2.898756676548704903e+01 1.095203876564213097e+01 -3.000000000000000000e+01 4.599397843389331442e+00 0.000000000000000000e+00 2.626247261016780143e+01 8.135756264138599647e+00 2.326969697432466333e+01 2.849863111144355443e+01 -2.942717746701063928e-11 1.113904623433309204e+00 7.589114957381221202e-07 1.089529074802448250e+01 2.430641267686152318e+01 0.000000000000000000e+00 0.000000000000000000e+00 0.000000000000000000e+00 0.000000000000000000e+00 0.000000000000000000e+00 0.000000000000000000e+00
2.260738335029113699e+01 1.290238800403877306e+01 3.000000000000000000e+01 -1.730953311296060804e+01 0.000000000000000000e+00 1.978900293546408662e+01 4.217867544179951245e-03 3.000000000000000000e+01 2.584062854412531252e+01 0.000000000000000000e+00 1.456920901399644386e+01 1.539014650434872422e+01 1.807237023520822916e+01 2.591918411061206129e+01 1.526193311342282007e-08 -3.293925360923714157e-03 3.979985802893036694e-11 3.101525849587112749e+00 1.871654797144855564e+01 0.000000000000000000e+00 0.000000000000000000e+00 0.000000000000000000e+00 0.000000000000000000e+00 0.000000000000000000e+00 0.000000000000000000e+00
-1.956252870562891033e+01 -3.550247866263541940e+00 1.918764592790269319e+01 1.414776623362868690e+01 0.000000000000000000e+00 -2.653768319595571690e+00 -2.415914814673424615e+00 2.251173295708030508e+01 1.238514602863242864e+01 0.000000000000000000e+00 -1.362465916183566961e+01 1.743636776017286838e+00 -1.316559402319017380e+01 1.652531354492602134e+01 -3.379566693202560274e-08 -5.427439685835127925e+00 -3.923981240299319911e-07 3.800716230854875310e-01 2.322456546564804380e+00 0.000000000000000000e+00 0.000000000000000000e+00 0.000000000000000000e+00 -2.639410540721711956e-08 0.000000000000000000e+00 0.000000000000000000e+00
2.537012065671695638e+01 -2.139139867410017004e+01 2.429782204954523550e+01 -1.657293400183901610e+01 0.000000000000000000e+00 -2.097430185260848390e+01 2.665114611241817144e+01 2.724458657629646563e+00 -8.740841765021068355e+00 0.000000000000000000e+00 2.636165309203733287e+01 2.312874138696952642e+01 2.626188308708310259e+01 5.068181411872490827e+00 -3.548886686240475127e-11 -1.687353909865403523e+01 -9.551149860262444607e-13 -2.161686106077703062e+00 -8.936812143862600826e-09 0.000000000000000000e+00 0.000000000000000000e+00 0.000000000000000000e+00 -8.558595703456132806e-15 0.000000000000000000e+00 0.000000000000000000e+00
1.626588224584868669e+01 -7.030450377372421400e+00 5.889617365122718162e+00 2.170911394441284870e+01 0.000000000000000000e+00 1.624828432810649304e+01 1.910181506307369048e+01 -2.008869592369843815e+01 -1.785060402924487732e+01 0.000000000000000000e+00 -5.923746684981598953e+00 -1.555977735725412359e+01 -1.489347587135683826e+00 1.318090352322096315e-01 -5.537990522539989631e-11 -2.176301948367482453e+01 -4.081909670575962602e-11 -1.636400927009433559e+01 5.821694587061407744e-11 0.000000000000000000e+00 0.000000000000000000e+00 0.000000000000000000e+00 -2.036400680737846132e-13 0.000000000000000000e+00 0.000000000000000000e+00
1.171535843039159630e+01 -2.756574502228025736e+01 -1.512861999208877073e+01 3.748375181015095148e+00 0.000000000000000000e+00 1.374475469079593992e+01 -1.251293031093577923e+01 2.122545673633315744e+01 -2.298167637516331752e+01 0.000000000000000000e+00 3.000000000000000000e+01 1.798505289908034044e+01 2.147152807059322299e+01 9.122855671200205170e-09 -5.649252836802648179e-13 3.000000000000000000e+01 2.899458042586664034e-08 -2.510805119138880315e+01 -1.111578795392334856e-08 0.000000000000000000e+00 0.000000000000000000e+00 0.000000000000000000e+00 0.000000000000000000e+00 0.000000000000000000e+00 0.000000000000000000e+00
-1.006083662623949770e+01 1.903107535192187427e+01 1.135433371224877774e+01 -6.060740456746550819e+00 0.000000000000000000e+00 1.112017293731398304e+01 -2.414297080212038793e+01 3.574782283222369017e+00 2.532453485918864544e+01 0.000000000000000000e+00 2.019895147682847281e+01 -2.313668099901340725e+01 6.305137500634955261e-01 -1.127555926728710314e-02 0.000000000000000000e+00 3.000000000000000000e+01 -1.245503564846283107e+00 3.000000000000000000e+01 4.882720238392319992e-09 0.000000000000000000e+00 0.000000000000000000e+00 -5.486920551299478976e-01 5.404952475203443207e-10 -1.257424624525656620e+00 0.000000000000000000e+00
-2.418451419994817186e+01 -7.547527462534131537e-01 -8.976309004556542348e+00 -2.035216757365725115e+01 0.000000000000000000e+00 -2.595026078997977592e+01 3.000000000000000000e+01 -7.669609553769977772e+00 1.367358712041242619e+01 0.000000000000000000e+00 2.786329333526625707e+00 -3.000000000000000000e+01 -1.731168674101363081e+01 -7.392390627123052838e+00 0.000000000000000000e+00 3.000000000000000000e+01 -3.793729247272286109e+00 3.000000000000000000e+01 -1.179707892826936440e-10 0.000000000000000000e+00 0.000000000000000000e+00 -1.083893984892075579e+01 -6.228957808164606503e-09 -4.560749593670644586e+00 0.000000000000000000e+00
1.586977333049792271e+01 -1.481267314291604364e+01 -1.480631395927871274e+01 -3.000000000000000000e+01 0.000000000000000000e+00 1.747261959526875685e+01 1.597309897562369052e+01 -2.117899833669422804e+01 -1.590543082956790560e-02 0.000000000000000000e+00 -1.063076995966291705e+01 2.907168702360855406e+01 -2.533838373896911023e+01 -9.363195190936165702e+00 0.000000000000000000e+00 2.763481229329621058e+01 -1.199436636777295817e+01 2.512602656468303408e+01 2.652867682464795572e-08 0.000000000000000000e+00 -7.290287072124321810e+00 -1.091113588465926476e+01 -7.731783201424025087e+00 -8.855198891736980826e+00 0.000000000000000000e+00
-1.471287631162677023e+01 -2.042979362368314611e+01 -3.000000000000000000e+01 -3.000000000000000000e+01 0.000000000000000000e+00 1.575407764258011101e+00 -1.313254704756098290e+00 2.110677369601298636e+01 -1.387047251775626044e+01 0.000000000000000000e+00 -2.745291344921372456e+01 9.455198914283702294e+00 1.279263206514459128e+01 -1.655692181203211177e+01 0.000000000000000000e+00 1.943757577880576548e+01 -1.971068098255126699e+01 8.581266352563151401e+00 -4.872495902910107890e-08 0.000000000000000000e+00 -1.344807640970901375e+01 -1.855459724577494640e+01 -1.134264821175122684e+01 -2.081111441111313098e+01 0.000000000000000000e+00
-2.481016332093942722e+01 -3.000000000000000000e+01 -3.000000000000000000e+01 -2.926200706681419916e+01 0.000000000000000000e+00 -1.881262058361294010e+01 -2.504749936869677640e+01 5.895068192085496150e+00 -2.524953524554970130e+01 0.000000000000000000e+00 -3.000000000000000000e+01 -8.469392877917662765e-02 -1.716173321089875303e+00 -2.363678166474818454e+01 0.000000000000000000e+00 5.582501394458488697e+00 -2.810158075580805459e+01 3.684807960380948738e-02 1.049733225994228959e-09 0.000000000000000000e+00 -1.711794025844385203e+01 -3.000000000000000000e+01 -1.908462090845332781e+01 -2.822616159091454691e+01 0.000000000000000000e+00
-3.000000000000000000e+01 -3.000000000000000000e+01 -3.000000000000000000e+01 -3.000000000000000000e+01 0.000000000000000000e+00 -7.379860417203444989e+00 2.369370363617992581e+01 2.402518556638536234e-03 -3.000000000000000000e+01 0.000000000000000000e+00 -3.000000000000000000e+01 -1.674105628209232677e+01 -1.984201785742066804e+01 3.000000000000000000e+01 0.000000000000000000e+00 -1.722883749502362605e+01 -3.000000000000000000e+01 1.088784135489201679e-08 0.000000000000000000e+00 0.000000000000000000e+00 -2.489375173404780028e+01 -3.000000000000000000e+01 -3.000000000000000000e+01 -3.000000000000000000e+01 0.000000000000000000e+00
3.000000000000000000e+01 3.000000000000000000e+01 3.000000000000000000e+01 3.000000000000000000e+01 0.000000000000000000e+00 -2.844146810019100258e+01 2.042818463681030750e+01 -2.530424324618380183e+00 3.000000000000000000e+01 0.000000000000000000e+00 3.000000000000000000e+01 2.237971155688766345e+01 -3.000000000000000000e+01 2.733998446614286237e+01 0.000000000000000000e+00 3.000000000000000000e+01 3.000000000000000000e+01 -3.930273770992128046e+00 8.991119756463173070e-11 0.000000000000000000e+00 3.000000000000000000e+01 3.000000000000000000e+01 3.000000000000000000e+01 3.000000000000000000e+01 0.000000000000000000e+00
2.429654597345604117e+01 3.000000000000000000e+01 3.000000000000000000e+01 3.000000000000000000e+01 0.000000000000000000e+00 3.000000000000000000e+01 2.729207447704007361e+00 -1.776474000378799545e+01 3.000000000000000000e+01 0.000000000000000000e+00 1.843219429105708684e+01 7.730506880249534696e+00 3.000000000000000000e+01 2.570943583252955023e+01 0.000000000000000000e+00 2.030937410619794292e+01 3.000000000000000000e+01 -1.201210128500284213e+01 -1.023819161778549519e-08 0.000000000000000000e+00 2.171845518687532106e+01 3.000000000000000000e+01 3.000000000000000000e+01 3.000000000000000000e+01 0.000000000000000000e+00
1.828155685893544913e+01 2.456508076933446816e+01 2.202213682423680652e+01 2.690650069649748488e+01 0.000000000000000000e+00 -3.000000000000000000e+01 -1.387616858549419341e+01 2.792526834421250825e+01 1.262377341406897102e+01 0.000000000000000000e+00 -2.454778537435637276e+01 -1.670290706585429330e+00 2.506477353894315740e+01 1.461792117859054230e+01 0.000000000000000000e+00 -2.966271382469635842e+00 2.218781079691396485e+01 -2.846935278434606786e+01 -1.992944407204923153e-09 0.000000000000000000e+00 1.815526376845356182e+01 2.649992410817140254e+01 1.947146806486346904e+01 2.476530270208549211e+01 0.000000000000000000e+00
1.598475368402436203e+01 1.624265648956719588e+01 1.500979509949799606e+01 1.254981547650653617e+01 0.000000000000000000e+00 3.000000000000000000e+01 -2.199002605842334646e+01 1.394536541427383369e+01 4.969494555495405308e+00 0.000000000000000000e+00 1.280914880450234428e+01 -1.755103601815040548e+01 -4.481300009581087984e+00 2.881545047145926741e+00 0.000000000000000000e+00 1.881832224214440430e+01 1.148478196229279824e+01 3.000000000000000000e+01 -2.530652067903571020e-08 0.000000000000000000e+00 2.663527156859400336e+01 2.029620387876151355e+01 1.096686492502259469e+01 1.771609356807145730e+01 0.000000000000000000e+00
1.216918759562702057e+01 4.165688799795659314e+00 3.907996464068971498e+00 1.129641778691399701e+01 0.000000000000000000e+00 3.000000000000000000e+01 -3.000000000000000000e+01 -7.246086230461526334e+00 1.287661341913730417e-08 0.000000000000000000e+00 -6.370582514382334693e-01 -2.936091296069236378e+01 2.432130150524312384e+01 -6.694160756936765599e-01 0.000000000000000000e+00 -1.438923328565656590e+01 3.000000000000000000e+01 1.662447250172016311e+01 2.460853344650108875e-08 0.000000000000000000e+00 5.200992859573901228e+00 7.994847276945139747e+00 1.650845462524112239e+00 1.241592400900507087e+01 0.000000000000000000e+00
6.431716605485894966e+00 1.273424096159414682e-09 6.387995479483190131e+00 6.589836192058767139e+00 0.000000000000000000e+00 3.000000000000000000e+01 3.000000000000000000e+01 -2.428748649200445797e+01 7.638563113914199774e-09 0.000000000000000000e+00 5.882501095317436146e+00 -2.313763051322088771e+01 7.390211264903635779e+00 -8.819446083694302274e+00 1.663323334406785634e-10 -2.607341873861665960e+01 3.000000000000000000e+01 -1.619937691327442053e+01 2.616045572426972601e-08 0.000000000000000000e+00 -7.792226701173355918e-01 -4.785047698764032909e+00 -9.622148911283857908e-03 6.987418401324894113e+00 0.000000000000000000e+00
8.746998542245232246e-05 0.000000000000000000e+00 0.000000000000000000e+00 1.093277403821340118e-07 0.000000000000000000e+00 3.000000000000000000e+01 2.220563102067836070e+01 2.811296160827671997e+01 -5.719152739218937032e-09 0.000000000000000000e+00 -3.459897923402129205e+00 -3.000000000000000000e+01 -3.186276637210226248e+00 -2.005064792364811410e+01 4.544822893663222901e-08 2.668735435261733002e+01 2.004815152208659867e+01 2.967177147559305084e+01 -3.340903419284907416e-02 0.000000000000000000e+00 2.087122225414411858e+01 1.872467848114380828e+01 -7.927904993190630911e+00 7.454429068262643510e-01 0.000000000000000000e+00
5.772035825783285413e-10 0.000000000000000000e+00 0.000000000000000000e+00 0.000000000000000000e+00 0.000000000000000000e+00 2.294779236924359722e+01 4.338757421540041292e+00 1.084206980684231247e+01 -4.686665696755803452e-08 0.000000000000000000e+00 -2.724484358616754065e+01 3.000000000000000000e+01 -1.882954297837460444e+01 -3.000000000000000000e+01 9.687656288922191189e-08 1.225918592719867917e+01 7.452693552899676277e+00 9.305661752982905099e+00 -4.230188258877445762e+00 0.000000000000000000e+00 -3.344042687100170053e+00 -2.561900182261485170e+01 -1.874116974669465208e+01 -4.825824355192942206e-09 0.000000000000000000e+00
0.000000000000000000e+00 0.000000000000000000e+00 0.000000000000000000e+00 0.000000000000000000e+00 0.000000000000000000e+00 1.096015522984209412e+01 -1.472418819236352583e+01 -2.038278924069422349e+00 4.750097494487510070e-08 0.000000000000000000e+00 3.000000000000000000e+01 3.000000000000000000e+01 1.157534349272624929e+01 3.000000000000000000e+01 2.812484936734633099e-08 1.098643175383508197e+00 1.902532099555514833e+01 -1.255227350958962873e+01 -1.165845922977424287e+01 0.000000000000000000e+00 -2.339907293833045543e+01 -2.159499715751062254e+01 3.000000000000000000e+01 -1.465932201622857970e-08 0.000000000000000000e+00
0.000000000000000000e+00 0.000000000000000000e+00 0.000000000000000000e+00 0.000000000000000000e+00 0.000000000000000000e+00 -1.299351951275938433e+01 -2.337897238034750913e+01 -1.142607449357089244e+01 1.513696693400496107e-08 0.000000000000000000e+00 2.630798016181013566e+01 3.000000000000000000e+01 -1.933222066081972912e+01 1.551838317152883384e+01 1.311489124128148447e-08 -2.073564178852713979e+01 -6.986712206856415364e+00 -3.000000000000000000e+01 -1.650065940801639286e+01 0.000000000000000000e+00 2.093632125699667057e+01 -2.844189545542143094e+01 2.571886014204745052e+01 2.351980556038469083e-09 0.000000000000000000e+00
0.000000000000000000e+00 0.000000000000000000e+00 0.000000000000000000e+00 0.000000000000000000e+00 0.000000000000000000e+00 6.107767859764496876e+00 2.849134362467971471e+01 -2.263112332807160598e+01 -9.972234223368068797e-08 0.000000000000000000e+00 8.237956165568917299e+00 1.560970667971375114e+01 6.429547602542085905e+00 8.820742748538911826e+00 2.608608995744281731e-09 -3.000000000000000000e+01 6.396984468443014382e-01 3.000000000000000000e+01 -2.223793778415571509e+01 0.000000000000000000e+00 3.070752672519601489e+00 3.000000000000000000e+01 6.200868268897299806e+00 5.666181679564677600e-09 0.000000000000000000e+00
0.000000000000000000e+00 0.000000000000000000e+00 0.000000000000000000e+00 0.000000000000000000e+00 0.000000000000000000e+00 -1.628874408193385648e+01 2.258687312547412418e+01 3.000000000000000000e+01 1.902138328651581664e-07 0.000000000000000000e+00 2.655532773573048999e+01 -5.675120598501344205e+00 -1.380099512845832654e-01 -1.500644653651852245e+01 4.025814405127543243e-08 -3.000000000000000000e+01 -4.946468629890637736e+00 3.000000000000000000e+01 3.000000000000000000e+01 0.000000000000000000e+00 1.205292165352582856e+01 2.366298694731808538e+01 4.815443179042085298e+00 -5.687570884174343311e-01 0.000000000000000000e+00
0.000000000000000000e+00 0.000000000000000000e+00 0.000000000000000000e+00 0.000000000000000000e+00 0.000000000000000000e+00 1.690445554093748015e+01 1.591328117735315395e+01 2.076261159873764939e+01 -4.290589763012938311e-09 0.000000000000000000e+00 3.560458428904529793e+00 -2.112579781926486078e+01 -2.037049667784544482e+01 3.000000000000000000e+01 -2.516667448735575034e-08 2.715968359064112647e+01 -1.835225011034892617e+01 1.556390923496880596e+01 2.941950728264489001e+01 0.000000000000000000e+00 2.609593544519059449e+01 1.906430580199660696e+01 -8.835617173930154777e+00 -1.010304470834297952e+01 0.000000000000000000e+00
0.000000000000000000e+00 0.000000000000000000e+00 0.000000000000000000e+00 0.000000000000000000e+00 0.000000000000000000e+00 3.756058155387565628e-02 4.607943700597164849e+00 9.501925377172252496e+00 0.000000000000000000e+00 -4.853768045025389277e+00 -1.574059273289835659e+01 2.674344871878759733e+01 -3.000000000000000000e+01 3.000000000000000000e+01 -2.032718901459198979e-01 1.942801622952195473e+01 3.000000000000000000e+01 2.788968644479992598e+00 -2.880544803901880613e+01 -6.696875139646881969e+00 -1.974180159905312237e+01 1.057260881125841401e+01 3.000000000000000000e+01 -2.000127960981170716e+01 -2.343999156545631468e-09
0.000000000000000000e+00 0.000000000000000000e+00 0.000000000000000000e+00 0.000000000000000000e+00 0.000000000000000000e+00 -1.700366511004224535e+01 -1.094532201725935394e+01 3.453605184696291741e-01 0.000000000000000000e+00 -1.152628323897083362e+01 2.591156581209829213e+01 1.245668694561565815e+01 3.000000000000000000e+01 1.826368135574515605e+01 -1.430862679861654918e+01 -3.746101074805202380e+00 2.106117063411926082e+01 -8.818382724785004192e-03 -3.000000000000000000e+01 -1.129604040167644463e+01 3.000000000000000000e+01 -9.781122674842933407e+00 1.568222466019507699e+01 -3.000000000000000000e+01 7.982660940632477049e-09
0.000000000000000000e+00 0.000000000000000000e+00 0.000000000000000000e+00 0.000000000000000000e+00 0.000000000000000000e+00 2.396609996135354947e+01 -1.713823769915561712e+01 -8.074390973704646868e+00 0.000000000000000000e+00 -3.000000000000000000e+01 1.004907483644466382e+01 -9.525414484297451967e-01 2.827708570948778188e+01 2.007538486393140253e+00 -1.252349384227704476e+01 -2.736251709400900012e+01 -1.346341019421386775e+01 -1.174743831544468087e+01 3.000000000000000000e+01 -1.381075160490718012e+01 1.409280759875434619e+01 -1.070047075322879593e+01 -1.265725267198167137e+00 3.000000000000000000e+01 -1.061868813750880061e-02
0.000000000000000000e+00 0.000000000000000000e+00 0.000000000000000000e+00 0.000000000000000000e+00 0.000000000000000000e+00 -1.180609022915845863e+01 -2.305062602563416263e+01 -2.012903394931488421e+01 0.000000000000000000e+00 -2.927392456900120976e+01 -6.363691702027196584e-01 -1.175740579025327825e+01 1.479648855371187466e+01 9.918433689984082710e-09 -2.613347209807479743e+01 -3.000000000000000000e+01 2.540072668101174713e+01 1.394186838563484798e+01 2.705227397003341139e+01 -2.103754124251728896e+01 -2.797168259508588406e+01 -3.000000000000000000e+01 -2.047110051565879729e+01 2.803075751310243646e+01 -1.042777497589323055e+01
0.000000000000000000e+00 0.000000000000000000e+00 0.000000000000000000e+00 0.000000000000000000e+00 0.000000000000000000e+00 -3.000000000000000000e+01 -3.000000000000000000e+01 -2.602932747262694235e+01 0.000000000000000000e+00 -3.000000000000000000e+01 -1.725576624624358146e+01 -2.202072844028018039e+01 -1.132811673840484090e+01 -8.584280288292144012e-02 -3.000000000000000000e+01 -3.000000000000000000e+01 3.238517368434517429e+00 -2.089042923001677821e+01 3.868146476980704129e+00 -3.000000000000000000e+01 -2.729568417835611172e+01 -2.661766207308993160e+01 -4.622965874976395106e+00 1.932393110213766363e+01 -1.860206993219827964e+01
