# yaw
0.000000000000000000e+00 0.000000000000000000e+00 0.000000000000000000e+00 0.000000000000000000e+00 0.000000000000000000e+00 0.000000000000000000e+00 -2.090827148007114999e+01 0.000000000000000000e+00 1.561855004392790543e-14 3.000000000000000000e+01 2.406293656783587753e+00 -8.904550413788992813e+00 -1.825771560561969054e+01 8.479098193700300712e+00 3.000000000000000000e+01 9.405461545691297331e+00 1.825036199881467092e-12 -2.226982845492637608e+01 1.723381654216476045e-12 2.233445283852545771e+01 2.926494347265969864e+01 -1.784980792385092130e+01 1.426110846312237390e+00 2.092677059689480501e+01 7.591544445080789481e-03
0.000000000000000000e+00 0.000000000000000000e+00 0.000000000000000000e+00 0.000000000000000000e+00 0.000000000000000000e+00 0.000000000000000000e+00 3.000000000000000000e+01 6.791308077085448881e-10 -1.268526851635743175e-07 2.135758871604341280e+01 0.000000000000000000e+00 2.279825244152006292e+01 3.000000000000000000e+01 9.650574081531546611e+00 1.874711515962087915e+01 0.000000000000000000e+00 -4.196141703880095775e-01 2.157224436589378058e+01 -6.100368793443113447e+00 6.129668653747058826e+00 1.756803485239992213e+01 1.480341011194314405e+01 0.000000000000000000e+00 7.645606971169218724e+00 0.000000000000000000e+00
0.000000000000000000e+00 0.000000000000000000e+00 0.000000000000000000e+00 0.000000000000000000e+00 0.000000000000000000e+00 0.000000000000000000e+00 2.021449042345064484e+01 -4.885262931970657085e+00 -9.891635499599798820e+00 6.768719610956667410e+00 5.409166988545169197e+00 3.544571688773040741e+00 2.270417294389177343e+01 0.000000000000000000e+00 8.083934524938312549e+00 0.000000000000000000e+00 4.069319837296841769e+00 2.611187692683602624e+00 1.053894983639145266e+01 0.000000000000000000e+00 2.257525800024605456e+00 8.367245342316463885e-01 -4.816881494455407808e-01 -1.109409126170313087e+01 -2.175944372910700031e-02
0.000000000000000000e+00 0.000000000000000000e+00 0.000000000000000000e+00 0.000000000000000000e+00 0.000000000000000000e+00 0.000000000000000000e+00 8.458864872371364640e+00 2.176479020552623567e+01 2.302222628216166811e+01 1.938597856758811435e-08 1.317335847277635974e+00 0.000000000000000000e+00 4.981854082614581181e+00 -1.499859839341869838e+00 1.318425137987135314e-10 0.000000000000000000e+00 0.000000000000000000e+00 1.076571318468515987e-10 1.084132400427629214e-08 0.000000000000000000e+00 0.000000000000000000e+00 8.626198747976420236e-03 -2.543483753067902420e+00 8.775468386996214676e+00 7.336116576329668071e+00
0.000000000000000000e+00 0.000000000000000000e+00 0.000000000000000000e+00 0.000000000000000000e+00 0.000000000000000000e+00 0.000000000000000000e+00 3.394303884049733415e-08 2.033207685569804468e+00 5.990447771900798024e+00 3.027532306340171164e-10 8.051851069009851234e-11 0.000000000000000000e+00 2.333129217829581601e-10 1.332019777616574885e+01 1.385574228284042024e-10 0.000000000000000000e+00 0.000000000000000000e+00 -1.441904070257234993e-01 -3.317613858972401908e-01 -1.658026133944747712e-10 0.000000000000000000e+00 9.307475945789231986e-01 7.711921422809064453e+00 1.625098848411310470e-02 -3.375669685383925867e+00
0.000000000000000000e+00 0.000000000000000000e+00 0.000000000000000000e+00 0.000000000000000000e+00 0.000000000000000000e+00 0.000000000000000000e+00 -5.197929844142928923e-11 0.000000000000000000e+00 2.126837679412291146e-10 0.000000000000000000e+00 0.000000000000000000e+00 0.000000000000000000e+00 0.000000000000000000e+00 -7.188975775216555064e+00 0.000000000000000000e+00 0.000000000000000000e+00 -1.757637679554002519e+00 5.328871922511825510e+00 -2.203992471939499964e+01 -7.320010394201238668e+00 0.000000000000000000e+00 -8.150589773069398802e+00 -1.289501007305712932e+01 4.624038968746436495e+00 -1.944539118874948969e+01
0.000000000000000000e+00 0.000000000000000000e+00 0.000000000000000000e+00 0.000000000000000000e+00 0.000000000000000000e+00 0.000000000000000000e+00 -3.692539804452529591e-10 0.000000000000000000e+00 0.000000000000000000e+00 0.000000000000000000e+00 0.000000000000000000e+00 -8.063802793472772734e+00 -1.122461492759761725e+01 -2.744861923353526834e+01 0.000000000000000000e+00 0.000000000000000000e+00 2.132907812694596572e+01 0.000000000000000000e+00 -3.000000000000000000e+01 -3.093486253011416220e+00 0.000000000000000000e+00 1.542840972837587366e+01 2.050506767585049772e+01 0.000000000000000000e+00 2.804651277706818746e+01
0.000000000000000000e+00 0.000000000000000000e+00 0.000000000000000000e+00 0.000000000000000000e+00 0.000000000000000000e+00 0.000000000000000000e+00 3.078766615589294351e-10 0.000000000000000000e+00 -2.530780865367574517e+00 0.000000000000000000e+00 0.000000000000000000e+00 8.492577823794858816e+00 6.145496228794602445e+00 2.446907079118454931e+01 0.000000000000000000e+00 0.000000000000000000e+00 1.980389117016171152e+00 0.000000000000000000e+00 1.725895467475570655e+01 -9.002500401046793499e-01 0.000000000000000000e+00 4.125333802607243916e-01 -4.523982103926627585e-01 -8.269762468325058791e+00 1.405345394219915356e+01
0.000000000000000000e+00 0.000000000000000000e+00 0.000000000000000000e+00 0.000000000000000000e+00 0.000000000000000000e+00 0.000000000000000000e+00 4.822300909561139642e-10 -1.058280787021064029e+01 1.130702885655120582e+01 0.000000000000000000e+00 0.000000000000000000e+00 0.000000000000000000e+00 6.910658010723547129e+00 9.623038984073918556e+00 -7.016353214227137869e-01 0.000000000000000000e+00 7.862455567055516062e-11 -6.866222222281996856e+00 1.285916097024748295e+00 1.546621620885664905e+00 0.000000000000000000e+00 0.000000000000000000e+00 -6.303893884601917463e+00 5.329304283546539844e-01 -7.459858606747429288e-01
0.000000000000000000e+00 0.000000000000000000e+00 0.000000000000000000e+00 0.000000000000000000e+00 0.000000000000000000e+00 0.000000000000000000e+00 0.000000000000000000e+00 8.857185802693081200e+00 5.516683506692383610e+00 0.000000000000000000e+00 0.000000000000000000e+00 0.000000000000000000e+00 2.455371127799653941e+00 -1.092460646622906761e+00 7.715511815438605758e+00 0.000000000000000000e+00 0.000000000000000000e+00 4.556073925654746226e+00 3.467519463908776522e+00 0.000000000000000000e+00 0.000000000000000000e+00 0.000000000000000000e+00 9.196111215836671349e+00 -9.815757594854851442e-01 -2.703170111338033976e+00
0.000000000000000000e+00 0.000000000000000000e+00 0.000000000000000000e+00 0.000000000000000000e+00 0.000000000000000000e+00 0.000000000000000000e+00 1.436321325672729917e-13 -4.115009885631381800e-03 -2.461376954981003607e-14 0.000000000000000000e+00 0.000000000000000000e+00 5.572646033532084733e-15 -4.463965960022846957e+00 3.149913323578532303e-03 8.160260443445953582e-01 0.000000000000000000e+00 0.000000000000000000e+00 -1.308956360560534483e-14 -6.792294382390788865e-01 -2.379689947493804247e+00 0.000000000000000000e+00 -3.258349421701765891e+00 2.038894654876506108e-14 -5.772968568150002255e+00 3.283676858276906252e+00
0.000000000000000000e+00 0.000000000000000000e+00 0.000000000000000000e+00 0.000000000000000000e+00 0.000000000000000000e+00 0.000000000000000000e+00 9.315162274060958319e-13 -9.626043405469943082e+00 -5.977263332714938926e+00 0.000000000000000000e+00 0.000000000000000000e+00 5.500569441803704340e-13 3.600136715914493135e-01 -6.679810687511641145e-14 -5.626055296805758665e+00 0.000000000000000000e+00 0.000000000000000000e+00 -6.336196781330785122e-01 7.956716149986942099e+00 1.193237225699033210e+01 0.000000000000000000e+00 7.114197284384545128e+00 0.000000000000000000e+00 1.231812276110041182e+01 2.089077201734168110e+00
0.000000000000000000e+00 0.000000000000000000e+00 0.000000000000000000e+00 0.000000000000000000e+00 0.000000000000000000e+00 0.000000000000000000e+00 -1.784061160366004831e-02 1.635187643782703404e+01 7.135673770376794067e+00 -1.063608566444053771e+01 0.000000000000000000e+00 -7.608852293270923717e+00 -1.670482504122283962e-13 -2.767343359942535219e+00 6.395266115535917173e+00 0.000000000000000000e+00 0.000000000000000000e+00 -1.691494190822659149e+01 2.012091247558178975e-01 2.669606061873250891e+00 0.000000000000000000e+00 3.857947180721246205e+00 -1.725186638468656219e-01 2.322235005603765778e-01 -1.586966113934156208e+00
0.000000000000000000e+00 0.000000000000000000e+00 0.000000000000000000e+00 0.000000000000000000e+00 0.000000000000000000e+00 0.000000000000000000e+00 -1.170552551235089034e+01 4.429576964381131354e+00 7.632884101293079520e-14 1.466725358954652059e+01 0.000000000000000000e+00 1.185029760379499386e+01 4.827989358498826000e-15 1.583589098738570833e+01 -3.905997362439348031e+00 0.000000000000000000e+00 1.629358935647179929e-13 2.325941541954219360e+01 0.000000000000000000e+00 1.493015109335601068e-13 0.000000000000000000e+00 -8.009732471159885847e+00 4.038370074107929142e+00 -7.714615151168478129e-15 7.287576192817582843e+00
0.000000000000000000e+00 0.000000000000000000e+00 0.000000000000000000e+00 6.983583037504007037e-15 0.000000000000000000e+00 0.000000000000000000e+00 1.969449378016105001e+01 -2.527340721785223565e-12 -7.585706637168340372e+00 -6.708788504104465034e+00 0.000000000000000000e+00 0.000000000000000000e+00 -3.066272112911447856e+00 7.568451035717859154e-01 3.348110798226029416e-01 0.000000000000000000e+00 -2.962435936928012750e-16 8.966816597798226596e+00 -9.865307627724597683e-01 -9.276698333249257189e+00 0.000000000000000000e+00 7.924870100946356466e+00 -1.822194245265235546e+00 -2.254893935414294059e+00 -2.692852058025975917e-13
0.000000000000000000e+00 0.000000000000000000e+00 0.000000000000000000e+00 2.473531050033689195e-13 0.000000000000000000e+00 0.000000000000000000e+00 2.298679916386614064e+00 0.000000000000000000e+00 1.006668917899082771e+01 3.960115293260819680e+00 0.000000000000000000e+00 0.000000000000000000e+00 7.031357196327089554e+00 1.819919817570382367e-13 -6.738679395028909225e-01 0.000000000000000000e+00 1.337133637788727422e-14 1.048390028335233582e-12 -3.461781544353188966e+00 1.235973706615526524e+01 0.000000000000000000e+00 1.271047522426649887e-14 6.303408506623085827e+00 3.460117024212148173e+00 -2.913714725928510774e+00
0.000000000000000000e+00 0.000000000000000000e+00 -8.669085893798755826e-01 -9.019849884173423149e+00 0.000000000000000000e+00 0.000000000000000000e+00 1.035037301247464757e-12 3.433350289898966575e-14 -7.127084580121794790e-09 3.038012122962487460e+00 0.000000000000000000e+00 0.000000000000000000e+00 -8.789543343688177232e-03 0.000000000000000000e+00 -9.028207200308479230e+00 0.000000000000000000e+00 0.000000000000000000e+00 1.960020970288708124e-12 7.220370220579075848e+00 3.279041984216392258e+00 0.000000000000000000e+00 0.000000000000000000e+00 -1.226181084036883462e+01 3.929433547508959901e+00 -1.419903468661356349e+01
0.000000000000000000e+00 0.000000000000000000e+00 -2.103612600243732800e+01 -2.061958938569769728e+01 -9.836142411371969985e+00 0.000000000000000000e+00 3.134255459533514834e-10 -5.707772294234112920e+00 -3.708406334272865484e-08 5.836089488060669517e+00 -2.865646263396460579e-10 0.000000000000000000e+00 -1.425729788050387725e+01 -7.922737431979413714e+00 2.888918468449456967e+01 0.000000000000000000e+00 0.000000000000000000e+00 -2.503288183671134762e-11 -5.058964332499309435e+00 2.864088532347139744e-05 0.000000000000000000e+00 -5.068424269590755316e+00 -2.297366206885380180e+01 -1.036541917810494873e+01 -2.429609254603184354e+01
0.000000000000000000e+00 -7.356166568928365974e-11 3.000000000000000000e+01 3.000000000000000000e+01 2.336977773198703900e+01 0.000000000000000000e+00 5.843256685307882994e-10 2.802908375374356886e+00 2.214221424082228218e+00 3.390109774856711944e+00 1.680048732613372747e-11 0.000000000000000000e+00 2.254747946317795737e+01 5.510707862631398335e+00 1.761031138676930752e+01 0.000000000000000000e+00 -5.178363666316026356e-13 0.000000000000000000e+00 2.651123780006150898e+00 -1.982194667798346632e+00 0.000000000000000000e+00 2.282914151519680246e+01 3.000000000000000000e+01 -2.336150617581238009e+01 2.293507243864680234e+01
0.000000000000000000e+00 -5.765370780671709161e-01 2.111172318661178693e+01 1.946826110253153885e+01 6.845560906607491169e+00 0.000000000000000000e+00 -1.015353084502450260e-13 -1.612098354062778988e-12 -6.764002365179143439e+00 2.134860330801530981e-01 -1.774782135821581397e+00 0.000000000000000000e+00 6.718178058394753904e+00 -1.959642077739063515e+00 1.396843103576380685e+01 0.000000000000000000e+00 -3.531050097920587739e-16 -8.113725673354178491e-01 2.793252231216033273e-03 1.853150174829628405e+00 0.000000000000000000e+00 1.153177559905391503e+00 2.228032069580686425e+01 2.053201315516702863e+01 3.177366138856297262e+00
0.000000000000000000e+00 -1.994201457118848353e+01 3.413688794595833631e+00 2.538741818174454767e+00 -4.851584687925102557e+00 0.000000000000000000e+00 -4.309499911333881956e-10 0.000000000000000000e+00 -2.328692330893770901e+01 3.295909373915620222e+00 -1.429096176448261346e+01 0.000000000000000000e+00 1.578708195952809166e-11 2.656500115405838969e+01 4.296216122034996962e-03 0.000000000000000000e+00 2.167226052437571601e-12 -1.663737603476472771e+01 -5.096008332769587312e+00 -1.682302782934925389e+01 0.000000000000000000e+00 7.780473094178192624e-12 8.243993912971681937e+00 7.656298574113175270e+00 0.000000000000000000e+00
0.000000000000000000e+00 2.440015593656457327e+01 -6.197043527891716295e-05 -3.667634649090222617e-07 1.350335997377239750e+01 0.000000000000000000e+00 -4.063921534991839918e-02 0.000000000000000000e+00 3.000000000000000000e+01 0.000000000000000000e+00 -2.329395715220012164e+01 0.000000000000000000e+00 -1.289994083714909934e+01 8.114805339241508264e+00 -1.201972982311395732e+01 0.000000000000000000e+00 0.000000000000000000e+00 2.667607090545597259e+01 -4.260440155926641381e-01 2.600813216811820183e+01 0.000000000000000000e+00 0.000000000000000000e+00 -2.058043186407710774e-07 -7.488919795529327820e-05 0.000000000000000000e+00
0.000000000000000000e+00 3.021064301610601355e+00 -7.078342806761885080e-06 -1.385716078364203696e+01 1.997827595046675758e-03 0.000000000000000000e+00 -1.893323067809028259e+01 0.000000000000000000e+00 1.785844135149535461e+01 -6.068058969852692996e+00 -3.000000000000000000e+01 0.000000000000000000e+00 1.297526031632189003e+01 -8.992664388698033001e-03 2.384273826221587456e+00 0.000000000000000000e+00 0.000000000000000000e+00 0.000000000000000000e+00 1.239817221774950440e+01 4.787076006825953911e+00 0.000000000000000000e+00 0.000000000000000000e+00 0.000000000000000000e+00 0.000000000000000000e+00 0.000000000000000000e+00
0.000000000000000000e+00 0.000000000000000000e+00 0.000000000000000000e+00 0.000000000000000000e+00 0.000000000000000000e+00 0.000000000000000000e+00 0.000000000000000000e+00 0.000000000000000000e+00 0.000000000000000000e+00 0.000000000000000000e+00 0.000000000000000000e+00 0.000000000000000000e+00 0.000000000000000000e+00 0.000000000000000000e+00 0.000000000000000000e+00 0.000000000000000000e+00 0.000000000000000000e+00 0.000000000000000000e+00 0.000000000000000000e+00 0.000000000000000000e+00 0.000000000000000000e+00 0.000000000000000000e+00 0.000000000000000000e+00 0.000000000000000000e+00 0.000000000000000000e+00
0.000000000000000000e+00 0.000000000000000000e+00 0.000000000000000000e+00 0.000000000000000000e+00 0.000000000000000000e+00 0.000000000000000000e+00 0.000000000000000000e+00 0.000000000000000000e+00 0.000000000000000000e+00 0.000000000000000000e+00 0.000000000000000000e+00 0.000000000000000000e+00 0.000000000000000000e+00 0.000000000000000000e+00 0.000000000000000000e+00 0.000000000000000000e+00 0.000000000000000000e+00 0.000000000000000000e+00 0.000000000000000000e+00 0.000000000000000000e+00 0.000000000000000000e+00 0.000000000000000000e+00 0.000000000000000000e+00 0.000000000000000000e+00 0.000000000000000000e+00
0.000000000000000000e+00 0.000000000000000000e+00 0.000000000000000000e+00 0.000000000000000000e+00 0.000000000000000000e+00 0.000000000000000000e+00 0.000000000000000000e+00 0.000000000000000000e+00 0.000000000000000000e+00 0.000000000000000000e+00 0.000000000000000000e+00 0.000000000000000000e+00 0.000000000000000000e+00 0.000000000000000000e+00 0.000000000000000000e+00 0.000000000000000000e+00 0.000000000000000000e+00 0.000000000000000000e+00 0.000000000000000000e+00 0.000000000000000000e+00 0.000000000000000000e+00 0.000000000000000000e+00 0.000000000000000000e+00 0.000000000000000000e+00 0.000000000000000000e+00
0.000000000000000000e+00 0.000000000000000000e+00 0.000000000000000000e+00 0.000000000000000000e+00 0.000000000000000000e+00 0.000000000000000000e+00 0.000000000000000000e+00 0.000000000000000000e+00 0.000000000000000000e+00 0.000000000000000000e+00 0.000000000000000000e+00 0.000000000000000000e+00 0.000000000000000000e+00 0.000000000000000000e+00 0.000000000000000000e+00 0.000000000000000000e+00 0.000000000000000000e+00 0.000000000000000000e+00 0.000000000000000000e+00 0.000000000000000000e+00 0.000000000000000000e+00 0.000000000000000000e+00 0.000000000000000000e+00 0.000000000000000000e+00 0.000000000000000000e+00
9.284842862732104735e-08 3.232051322534974958e+00 5.543351274116492533e+00 0.000000000000000000e+00 -1.691784769174148328e+00 0.000000000000000000e+00 0.000000000000000000e+00 -8.683733617679331718e-02 0.000000000000000000e+00 9.626481374801953095e+00 0.000000000000000000e+00 6.706378989905070753e+00 1.857766421949750679e+01 1.411811602666413634e+01 0.000000000000000000e+00 0.000000000000000000e+00 2.596319714568818426e+01 0.000000000000000000e+00 2.628879316560540674e-04 3.006646595656349064e+00 0.000000000000000000e+00 0.000000000000000000e+00 0.000000000000000000e+00 0.000000000000000000e+00 0.000000000000000000e+00
3.050130510932709648e-06 -7.029993494724799901e-09 -5.081151475935065079e-06 -6.216911495396148624e+00 -2.135293291062049548e+01 0.000000000000000000e+00 0.000000000000000000e+00 1.111690134512479666e+00 -1.194105543289997939e+01 0.000000000000000000e+00 3.173202218452826789e-08 6.713600954922909203e+00 1.984094642510661130e-02 0.000000000000000000e+00 9.590703656431303070e-01 0.000000000000000000e+00 2.750723208237576323e+00 0.000000000000000000e+00 -1.041433303840837432e+01 -1.186688563411723463e+00 0.000000000000000000e+00 0.000000000000000000e+00 0.000000000000000000e+00 0.000000000000000000e+00 0.000000000000000000e+00
-1.920683998259284688e-06 1.066816355652658572e-09 -2.623457235858413394e+00 6.579800236695649396e+00 7.225851908730378526e+00 0.000000000000000000e+00 0.000000000000000000e+00 -5.608761546143100629e-01 2.243891124445221763e+01 1.357727194364366508e+00 -9.865034986577540799e-02 8.902151654209454534e+00 4.511401579100057595e-07 -7.077733304484691956e+00 3.381340015177959901e-01 0.000000000000000000e+00 -2.128091747248598509e+01 0.000000000000000000e+00 -2.436338358780801272e+01 -1.545133237914137503e+01 0.000000000000000000e+00 0.000000000000000000e+00 0.000000000000000000e+00 0.000000000000000000e+00 0.000000000000000000e+00
-6.137177521349317821e+00 1.815272978103255814e-12 -4.786195302038745325e+00 4.772247823508509179e-01 2.538213979906795092e+00 0.000000000000000000e+00 -2.052385759075858740e+00 4.362592299495144488e+00 1.449982464531519355e+01 -2.664527458549266647e+00 -1.448628350705558177e+01 1.058016096206444914e-13 -1.274542329679296919e-02 1.478310875237363575e+01 4.187962018142404319e-01 0.000000000000000000e+00 2.673163805366222334e+01 4.700881826599742669e-14 2.394120244762317995e+01 1.649015708034258054e+01 0.000000000000000000e+00 0.000000000000000000e+00 0.000000000000000000e+00 0.000000000000000000e+00 0.000000000000000000e+00
1.380411913293834125e+01 -4.146297292911316256e-04 3.489636799901815190e-01 -3.828954907456279422e+00 1.036962156991154904e+00 0.000000000000000000e+00 3.548276534573211016e+00 4.595599264580195464e-02 1.164354062774686449e+00 8.411658734903019408e+00 2.250745880471546911e+01 1.984582641089405087e-13 3.010146152509503015e+00 3.316713253993873456e-02 1.092484616543012420e-11 0.000000000000000000e+00 9.335830105473172935e+00 -1.015479004654079472e-12 9.933980476256943248e+00 1.053076407014044591e+00 0.000000000000000000e+00 0.000000000000000000e+00 0.000000000000000000e+00 0.000000000000000000e+00 0.000000000000000000e+00
1.410988481563770947e+01 2.211135126684141472e+00 -8.260501005014706521e+00 -5.229100068097478626e+00 6.749578350671169069e+00 0.000000000000000000e+00 1.040763671794872280e+00 -4.245206386888638050e+00 -3.393002632954143838e+00 -3.406650329734584037e-03 7.211804869374129012e+00 -1.481759805430760532e-13 1.541132634545453427e-02 0.000000000000000000e+00 1.520006861936518128e+00 0.000000000000000000e+00 2.195811148190301009e-11 6.308907186407468910e-13 -3.556010976826280776e-08 6.444846934435569872e-12 0.000000000000000000e+00 0.000000000000000000e+00 0.000000000000000000e+00 0.000000000000000000e+00 0.000000000000000000e+00
7.736962349186795596e-01 2.036657365986849211e+00 3.965638240707380913e+00 1.182700572598804101e+01 -1.201880268845352262e+00 0.000000000000000000e+00 4.706892506625150574e+00 1.734269520269303477e+00 2.065566721985397702e+00 1.163236625805195379e+00 5.777312857227972700e-09 -5.789078022623849654e-14 -1.775516144037972144e-01 0.000000000000000000e+00 3.043226110360762071e+00 0.000000000000000000e+00 0.000000000000000000e+00 -1.302606536538093416e-12 2.923333390544339954e-16 -2.353896925463037882e-10 0.000000000000000000e+00 0.000000000000000000e+00 0.000000000000000000e+00 0.000000000000000000e+00 0.000000000000000000e+00
-2.730377673576094733e+00 4.302033781912407484e+00 3.745486791813518845e+00 4.098787200745411141e+00 -1.110104306124895501e+01 0.000000000000000000e+00 -8.965414244736390353e-14 -4.820074699502083573e-03 -6.045923788059174298e-01 -1.055184964672079495e+01 3.524574992523513623e-14 -1.778124230999077010e-14 3.910566347942634469e+00 -3.519620730532434874e-13 1.828173979661781162e-03 -8.336747324531346592e+00 0.000000000000000000e+00 -8.578055826264727720e-14 -2.358694253179355749e-14 -7.922850668083870396e+00 0.000000000000000000e+00 0.000000000000000000e+00 0.000000000000000000e+00 0.000000000000000000e+00 0.000000000000000000e+00
2.916310378463192965e+00 -9.077554558260372275e+00 2.486084498553929253e-02 5.878782974186147037e+00 -1.774048380827258953e+01 0.000000000000000000e+00 -6.552324003953011988e-10 1.329696939786913390e+00 3.745217119442715958e+00 -2.498571870772613224e+01 1.677436700121165080e-12 -3.203716858885417462e+00 4.267174095479412885e-03 -5.038584541357247204e+00 -1.378708324404279750e+01 -1.830482273606022403e+01 0.000000000000000000e+00 -2.080156161996799646e+00 -3.186208201310067371e-13 9.189356294531869196e+00 0.000000000000000000e+00 0.000000000000000000e+00 0.000000000000000000e+00 0.000000000000000000e+00 0.000000000000000000e+00
2.003701085487589406e+00 -1.841869377422321818e+01 1.224231016617557177e+00 -3.381739352569376050e-02 2.825897752063787038e+01 3.612679735032168438e+00 -8.643848506695219314e+00 -1.681252339953957886e+01 7.180133576190381284e+00 3.000000000000000000e+01 0.000000000000000000e+00 -1.717306669911319617e+01 0.000000000000000000e+00 9.022112653404494864e+00 2.462249587161463893e+01 2.800530444491239379e+01 0.000000000000000000e+00 -2.043798015255205769e+01 -2.562482393898840404e-14 1.603837356762974248e-10 0.000000000000000000e+00 0.000000000000000000e+00 0.000000000000000000e+00 0.000000000000000000e+00 0.000000000000000000e+00
-3.229786714783250967e-01 2.822952494096926301e+01 1.282634442864676092e-08 7.350191167546135773e+00 1.625478005604700371e+01 0.000000000000000000e+00 2.375272754874206882e+01 2.700735374400256816e+01 -4.916073516665691479e+00 1.997284950282042004e+01 -1.842809013261022242e-14 1.943558286423843384e+01 0.000000000000000000e+00 7.062232058895562048e+00 6.422093667812559303e+00 1.602274723593401617e+01 0.000000000000000000e+00 1.528107156083383877e+01 7.676844391244589321e-15 0.000000000000000000e+00 0.000000000000000000e+00 0.000000000000000000e+00 0.000000000000000000e+00 0.000000000000000000e+00 0.000000000000000000e+00
2.882463433550693566e+00 1.935758734645570911e+01 -1.043617871649005302e+01 -1.125425506198427428e+01 6.110421897771259658e+00 3.641351546567936914e+00 3.805439812292271906e+00 1.803187060014074916e+01 4.625404412467853277e+00 7.453214862893158710e+00 6.169490994641939571e-13 2.638070216297742743e+00 -4.132507989310542307e+00 1.269066995014159011e-13 0.000000000000000000e+00 1.793268056829817381e+00 0.000000000000000000e+00 6.784133488849566351e-01 2.846284315800590726e-13 0.000000000000000000e+00 0.000000000000000000e+00 0.000000000000000000e+00 0.000000000000000000e+00 0.000000000000000000e+00 0.000000000000000000e+00
3.435209036645498620e-02 7.477281858008705484e+00 1.948523888285195227e+01 1.997436766887201998e+01 -1.164775098792473068e-11 1.288358860111020965e+00 1.275997496058729697e+00 4.128078171441708299e+00 6.937624856753727087e+00 -1.032396306345757048e-13 4.095701198286894328e-15 -4.880517426117543245e+00 7.313648151676732212e+00 -2.419502890441328473e-15 0.000000000000000000e+00 0.000000000000000000e+00 1.209104553852413111e-14 0.000000000000000000e+00 -9.450538136970363393e-15 0.000000000000000000e+00 0.000000000000000000e+00 0.000000000000000000e+00 0.000000000000000000e+00 0.000000000000000000e+00 0.000000000000000000e+00
1.047531343790908620e+00 1.696432918782135243e-02 5.540980359264731092e+00 5.440285336221934109e+00 2.769659722854574580e-12 1.298580407245829268e-12 -1.339776495952924312e-12 6.447331956429658284e+00 1.661062402096420160e-12 1.291620456668195501e-12 0.000000000000000000e+00 6.713224988779830760e+00 1.004006727810583126e-13 -1.000625123620665635e-01 0.000000000000000000e+00 0.000000000000000000e+00 -3.300287810940760118e-13 -1.352669740526618097e-12 -3.192651211417437018e+00 0.000000000000000000e+00 0.000000000000000000e+00 0.000000000000000000e+00 0.000000000000000000e+00 0.000000000000000000e+00 0.000000000000000000e+00
6.614347761127170600e+00 2.362762473726588153e-01 1.200213800330126278e-03 -4.851255186157386490e+00 -3.800502434200871166e-16 -1.686496178179848426e+00 1.349354045928891743e+00 8.124054256172525967e+00 8.642741841384948425e-16 0.000000000000000000e+00 0.000000000000000000e+00 -2.481697602885473838e-15 -7.072190100066751306e+00 -1.136889776232705351e+01 0.000000000000000000e+00 0.000000000000000000e+00 -6.545995242114955204e+00 -8.345620729523226089e+00 -1.755106979329112349e+01 0.000000000000000000e+00 0.000000000000000000e+00 0.000000000000000000e+00 0.000000000000000000e+00 0.000000000000000000e+00 0.000000000000000000e+00
-5.871778313959056916e+00 -5.693837045250856654e+00 -9.963822556808964348e-16 1.773272322959030811e-01 0.000000000000000000e+00 1.162214202932151075e+01 1.265642724415103615e-01 7.695137899189196523e-04 -2.673790802813615031e+00 0.000000000000000000e+00 0.000000000000000000e+00 1.278607286684220734e-14 -2.049726303090957202e+01 2.891182456598855310e+01 0.000000000000000000e+00 0.000000000000000000e+00 1.341381163109540076e+01 1.745220086025755180e+01 2.654632322345349138e+01 0.000000000000000000e+00 0.000000000000000000e+00 0.000000000000000000e+00 0.000000000000000000e+00 0.000000000000000000e+00 0.000000000000000000e+00
8.522237791798547235e+00 3.726135025312717453e+00 -2.567895896497010000e+00 2.420503543954827906e-19 0.000000000000000000e+00 1.357730197067891442e+00 -1.270651923803466365e+00 -8.499138104470494842e-19 6.248600803580220742e+00 0.000000000000000000e+00 0.000000000000000000e+00 -5.006296972085045205e+00 2.002821577317407531e+01 1.418905891529633401e+01 0.000000000000000000e+00 0.000000000000000000e+00 3.269433186412853409e-01 5.661069179576385668e-01 1.050993147527741201e+01 0.000000000000000000e+00 0.000000000000000000e+00 0.000000000000000000e+00 0.000000000000000000e+00 0.000000000000000000e+00 0.000000000000000000e+00
-1.333462429888088829e+00 -9.250191410220184096e+00 1.173274017562152771e+01 -5.533590888343200564e-01 0.000000000000000000e+00 -4.928753006838745954e+00 1.292569043831823805e+01 -3.116139993522933938e-18 1.250664046909872207e+00 0.000000000000000000e+00 -5.241792175047794373e-18 4.332702228309111558e-01 6.575298764453985534e+00 1.059724050483209279e+00 0.000000000000000000e+00 -3.945533493377035970e-18 -5.419208483798143128e+00 -5.001293721447084861e-18 5.700278461321464651e-02 0.000000000000000000e+00 0.000000000000000000e+00 0.000000000000000000e+00 0.000000000000000000e+00 0.000000000000000000e+00 0.000000000000000000e+00
-2.150263032278761699e+00 8.008045805755898527e+00 4.999689602525374532e+00 5.377809301431515365e+00 0.000000000000000000e+00 2.906283099557370075e+00 2.262944262145675900e+00 -6.635674983223275499e-17 0.000000000000000000e+00 0.000000000000000000e+00 5.101271784331488488e-17 -2.279481425793083549e+00 1.315818264835576063e-16 -3.243626604049419486e-17 0.000000000000000000e+00 0.000000000000000000e+00 8.045505213972649727e+00 4.845531645102993108e-17 1.572085262127288256e-16 0.000000000000000000e+00 0.000000000000000000e+00 0.000000000000000000e+00 0.000000000000000000e+00 0.000000000000000000e+00 0.000000000000000000e+00
-3.436778504130606926e+00 2.051337485084513634e+00 -1.507493818719603434e-16 8.098945681423692644e-01 0.000000000000000000e+00 1.976668273514737499e-04 -2.513872330623522638e-02 -4.649766953709757011e+00 -1.353849279255805416e-16 0.000000000000000000e+00 -3.273307586478013675e+00 1.231621443662291870e+00 7.446872668796640624e-19 3.915329077410240675e-17 0.000000000000000000e+00 3.999299274348706557e-17 4.071381460189978943e-16 -5.725084510494386159e+00 7.003811631580332951e-16 0.000000000000000000e+00 0.000000000000000000e+00 0.000000000000000000e+00 0.000000000000000000e+00 0.000000000000000000e+00 0.000000000000000000e+00
3.712676595381763645e-01 -5.894910550718623909e+00 -5.559815826978369735e+00 -1.950961150529965660e-01 0.000000000000000000e+00 2.131478356879123126e+00 -1.231464131330778855e+01 8.537820902297223569e+00 5.500163811916474607e-13 0.000000000000000000e+00 6.798019760624825381e+00 8.029886622270291596e+00 -4.717744485269159940e-13 2.329907154257918550e-13 0.000000000000000000e+00 -5.282342859821485550e-14 -3.301388370498414826e+00 1.037559397541671302e+01 0.000000000000000000e+00 0.000000000000000000e+00 0.000000000000000000e+00 0.000000000000000000e+00 0.000000000000000000e+00 0.000000000000000000e+00 0.000000000000000000e+00
2.028954766747719241e+00 7.012277501727529838e+00 6.242661418917119676e+00 -1.045860605603638227e+01 0.000000000000000000e+00 -5.408228567538694520e+00 1.577695099529829470e+01 1.425523709423825859e-11 -4.474279051656099649e-12 0.000000000000000000e+00 3.863108299597106665e+00 -2.908153938418204465e+00 2.005261170550690958e-12 -6.550828236814508459e-12 0.000000000000000000e+00 6.373623864324177845e-15 -1.547732886670244312e+01 -1.854528405006666825e+00 0.000000000000000000e+00 0.000000000000000000e+00 0.000000000000000000e+00 0.000000000000000000e+00 0.000000000000000000e+00 0.000000000000000000e+00 0.000000000000000000e+00
-1.242980889946831091e+01 -3.783513275333249659e+00 2.117674648292520654e-14 1.463199935533811846e+01 0.000000000000000000e+00 1.138853668129467067e+01 3.225756544724835834e-02 0.000000000000000000e+00 -3.249280924609690209e-15 0.000000000000000000e+00 3.871147513728359524e+00 6.779981208400351456e+00 -2.718434021064559454e-15 1.570734872139220186e-12 0.000000000000000000e+00 -7.858563246044083073e+00 2.217017234406091220e+01 9.199179307962269903e+00 0.000000000000000000e+00 0.000000000000000000e+00 0.000000000000000000e+00 0.000000000000000000e+00 0.000000000000000000e+00 0.000000000000000000e+00 0.000000000000000000e+00
2.256710343252196438e+01 3.339209214355995381e-01 -7.564940843366480649e+00 1.158736205745924258e-02 0.000000000000000000e+00 -2.625424430105157914e+00 -5.967505156571252911e+00 0.000000000000000000e+00 8.224377139938358510e-13 0.000000000000000000e+00 -2.306992793898189120e+00 7.550496509653206179e-01 -9.387890380426673786e+00 9.892019929738767932e-14 0.000000000000000000e+00 6.024824871221405864e+00 7.926223524746220050e+00 -3.003968305408231246e-12 0.000000000000000000e+00 0.000000000000000000e+00 0.000000000000000000e+00 3.218986259643780244e-13 0.000000000000000000e+00 -2.295350508539482036e-14 0.000000000000000000e+00
6.064523397637668012e+00 -3.295091340055873008e+00 3.935609835973681747e+00 3.255184697819395553e-13 0.000000000000000000e+00 5.641930729664464295e+00 9.262547122934037702e+00 -2.506480043341248732e-14 1.799154636183405613e-11 0.000000000000000000e+00 8.226714219317489807e+00 -6.374254229240531276e-03 1.197544603790414719e+01 1.230410066757027912e-13 0.000000000000000000e+00 6.879642208402882986e+00 1.913159748475637523e+00 -6.962034330395692194e+00 0.000000000000000000e+00 0.000000000000000000e+00 0.000000000000000000e+00 -2.677634167219563460e-02 2.643930328505010263e-15 -1.090554904189836374e-02 0.000000000000000000e+00
-1.621809334467515240e-02 7.424218046251929159e-01 -8.412097925757272776e+00 0.000000000000000000e+00 0.000000000000000000e+00 0.000000000000000000e+00 1.733595774771556464e+00 0.000000000000000000e+00 -1.013287662263587485e+01 0.000000000000000000e+00 3.118738576458138841e-03 1.471981141593553311e+00 1.582225781685987894e-04 7.932310742925179436e-14 0.000000000000000000e+00 6.390664448755507543e+00 -9.740501228738859041e-12 6.485195985888187131e+00 0.000000000000000000e+00 0.000000000000000000e+00 0.000000000000000000e+00 -1.124402908938281165e+01 3.356018925581174612e-12 -1.044322380783003723e+01 0.000000000000000000e+00
5.042156028901882081e+00 -1.538998747068818140e+01 -2.180250973829454253e+01 -1.153435912678337694e+01 0.000000000000000000e+00 -4.765291775257087359e+00 -5.924930514143292304e-03 -2.223967722019267348e-12 2.634371929439788218e+01 0.000000000000000000e+00 -4.132892939994748716e+00 -1.341382677945365565e+01 -1.042310621249989099e-13 -3.185932723243559007e-13 0.000000000000000000e+00 9.242184657221320234e-14 -6.538195347395548751e+00 3.769301903738452916e-14 -5.110527200186932958e-13 0.000000000000000000e+00 -3.581763568283910182e+00 -2.089606690220938034e+01 -8.790513337564478391e+00 3.000000000000000000e+01 0.000000000000000000e+00
-3.342706230512693111e-03 2.637639752953318251e+01 3.000000000000000000e+01 2.559312675068305865e+01 0.000000000000000000e+00 1.001178038129287629e+01 2.826310169744616907e+00 -5.345738509828356300e+00 1.248399070932940447e+01 0.000000000000000000e+00 1.174026053376465845e-01 2.125226141884409259e+01 0.000000000000000000e+00 -1.596769466722800005e-13 0.000000000000000000e+00 1.772448766426727218e+00 3.468270166323740522e+00 2.469308064817922240e-13 0.000000000000000000e+00 0.000000000000000000e+00 1.807012055712142029e+01 3.000000000000000000e+01 -2.959100386661856419e+01 1.656674502089288126e+01 0.000000000000000000e+00
-7.983793926756240111e+00 8.556675518829672811e+00 1.459333393106807186e+01 4.164696049991407634e+00 0.000000000000000000e+00 4.410656828650673031e-03 2.035761042734981693e-02 -1.564858050838168069e+01 8.328101432915405861e-03 0.000000000000000000e+00 -6.812478698391508658e-01 6.250832420053210825e+00 0.000000000000000000e+00 -3.588633064742993151e-01 0.000000000000000000e+00 -1.442734627064699238e+00 2.289029942392755590e+00 -1.922473963814089526e+00 0.000000000000000000e+00 0.000000000000000000e+00 7.582684409610674914e-01 1.755643539000729447e+01 2.297003994073153876e+01 3.368794703387305134e+00 0.000000000000000000e+00
-1.736394699790931639e+01 0.000000000000000000e+00 2.157828269367976226e+00 1.996815188330842256e-13 0.000000000000000000e+00 2.559289252306679696e+00 -3.681289162487376920e+00 -2.062562713542536486e+01 3.229955778278203693e-12 0.000000000000000000e+00 -1.614166673049190948e+01 2.071550039853738005e-12 0.000000000000000000e+00 -1.816176853220319742e+01 0.000000000000000000e+00 -1.090179939816894183e+01 1.986785690546727222e-14 -6.010593155643950247e+00 0.000000000000000000e+00 0.000000000000000000e+00 -3.333138653512568883e+00 7.312312859951730637e+00 7.003419379327462835e+00 4.906870012553533279e-15 0.000000000000000000e+00
1.909047013441538354e+01 0.000000000000000000e+00 0.000000000000000000e+00 -1.294207383236695272e-13 0.000000000000000000e+00 -2.279218133026929660e+00 3.169935386037589176e+00 2.634940669776655398e+01 3.820439065880495080e-11 0.000000000000000000e+00 1.529216979608974647e+01 -5.609040836915531791e+00 0.000000000000000000e+00 2.108079890828167180e+01 0.000000000000000000e+00 -2.696523704773611030e+01 -7.348109325145345316e+00 2.834569647145164684e+00 0.000000000000000000e+00 0.000000000000000000e+00 1.742076923348269413e-01 -3.016209729782016180e-01 -5.933172185961650515e-11 -1.729737173155022938e-14 0.000000000000000000e+00
3.003475900278356203e+00 0.000000000000000000e+00 0.000000000000000000e+00 0.000000000000000000e+00 0.000000000000000000e+00 -1.253603783229864099e+01 -1.136163424464908189e+01 1.618900694854124112e+01 -5.970554790213990909e-03 0.000000000000000000e+00 9.226015440227557096e-02 1.198934741698069795e+00 0.000000000000000000e+00 4.103538618437346130e+00 0.000000000000000000e+00 -2.619090837598015753e+01 7.707925613789322838e+00 -1.250106068790122326e-14 -7.124796288864214672e-13 0.000000000000000000e+00 -1.401987408607424657e+00 4.058313130052344953e+00 -8.419849166536523285e-14 0.000000000000000000e+00 0.000000000000000000e+00
-5.470350566614264647e-09 0.000000000000000000e+00 0.000000000000000000e+00 0.000000000000000000e+00 0.000000000000000000e+00 6.455746425415742173e+00 1.148753656909161869e+01 1.016552918088176405e+01 -1.011067932918251699e+01 0.000000000000000000e+00 -1.958343757833921894e-01 -8.161273988238715305e+00 -8.287662157751844560e+00 1.228400856314778163e-13 0.000000000000000000e+00 2.717087203922592309e+01 5.138965669318229512e-01 -4.110820757602050217e-13 4.186131701082832158e-12 0.000000000000000000e+00 1.910442091342880122e+00 6.811075385601371435e-02 -8.252467040162885681e+00 0.000000000000000000e+00 0.000000000000000000e+00
-2.521214254194002092e-09 0.000000000000000000e+00 0.000000000000000000e+00 0.000000000000000000e+00 0.000000000000000000e+00 7.091463296771649993e+00 -1.361939938352774437e-01 1.567848723042402368e-03 2.246704650212063115e+01 0.000000000000000000e+00 1.267489286277965199e+01 -7.844309531085539966e+00 1.155645183830634259e+01 -1.408249328728717344e-12 0.000000000000000000e+00 1.981837793736606557e+01 -3.982580361973482308e+00 -2.065705217973460609e-07 5.136557808362874569e-13 0.000000000000000000e+00 -4.680392988494763151e-01 -2.345193106247562553e-01 1.672195947805449023e+01 0.000000000000000000e+00 0.000000000000000000e+00
5.230280911263975198e-11 0.000000000000000000e+00 0.000000000000000000e+00 0.000000000000000000e+00 0.000000000000000000e+00 -4.687601159540074613e-01 -1.681765662960267704e+01 -1.069425980454730973e-01 4.332425615615336234e+00 0.000000000000000000e+00 -7.721200836186383754e-01 1.929826325630963169e+01 -1.141251350477756763e-13 -3.186523064360084828e-14 0.000000000000000000e+00 1.375221466663827030e+01 -1.676755415398087834e+01 2.617959739036961331e+00 -6.505913474255423428e-14 0.000000000000000000e+00 5.639880919370255263e+00 6.603252219445503890e+00 8.244405647303935103e-01 0.000000000000000000e+00 0.000000000000000000e+00
-1.265280381779367778e-12 0.000000000000000000e+00 0.000000000000000000e+00 0.000000000000000000e+00 0.000000000000000000e+00 4.945465972393320975e+00 1.940779793256223940e+01 1.073244972378187256e+01 -3.603444847794989139e-12 0.000000000000000000e+00 -1.825904624745070093e+00 8.361868353338118842e-01 -6.288447766418444829e+00 1.581907228630998040e-12 0.000000000000000000e+00 -5.871742099340258925e+00 2.195752411482976996e+01 -7.575388604510122192e+00 -4.891123511485679136e-13 0.000000000000000000e+00 4.028794155184569625e+00 -4.349799396482977309e-01 -5.720970346216458502e+00 0.000000000000000000e+00 0.000000000000000000e+00
6.040820302826513992e-13 0.000000000000000000e+00 0.000000000000000000e+00 0.000000000000000000e+00 0.000000000000000000e+00 2.891734762627633959e+00 5.103108816274689374e+00 2.668503401905587130e-02 -7.369604801342286571e-01 0.000000000000000000e+00 -3.740129357914591335e+00 -2.149867282733119745e-12 9.191987217084523820e+00 -2.200072245225754501e-13 0.000000000000000000e+00 1.603650049449295167e+01 5.882793429141452535e+00 1.503202046327848329e+01 6.753285103291296973e-14 0.000000000000000000e+00 1.124790641038700079e+00 3.868747866551075720e+00 2.567840721803763326e+00 1.932718298668650526e-09 0.000000000000000000e+00
-8.627882526716117781e-14 0.000000000000000000e+00 0.000000000000000000e+00 0.000000000000000000e+00 0.000000000000000000e+00 -3.373122393320608159e-11 -8.963632282027773524e-10 0.000000000000000000e+00 1.013955518853927806e+01 0.000000000000000000e+00 2.348194542923239148e+00 -5.827605478120663908e-05 -3.059917959159175638e+00 -3.023663331625239467e-02 0.000000000000000000e+00 7.071060351761018659e+00 -2.769950929571764142e+00 8.953537564348206246e+00 -8.897670718889351127e-01 0.000000000000000000e+00 1.470877799443307987e+00 1.880603009448539309e+00 1.097650575856311720e-14 -8.665989445061153873e+00 0.000000000000000000e+00
3.970942496578387965e-13 0.000000000000000000e+00 0.000000000000000000e+00 0.000000000000000000e+00 0.000000000000000000e+00 -1.466858125105045797e-09 3.157607916494601872e-10 0.000000000000000000e+00 7.083428449351401035e+00 0.000000000000000000e+00 -2.024752110773634328e+01 3.696961693934881055e+00 2.313749612773489162e+01 6.086911679965437472e+00 0.000000000000000000e+00 -2.333008782141383186e+00 5.450344526664214172e-03 -4.886802316019820958e-01 -1.971078568156306687e+01 0.000000000000000000e+00 6.442521704558147100e+00 1.202762046002260998e+00 -6.537134221595382932e+00 -1.916369013676451516e+01 0.000000000000000000e+00
2.622719818566188243e-12 0.000000000000000000e+00 0.000000000000000000e+00 0.000000000000000000e+00 0.000000000000000000e+00 -6.265780591002932276e+00 4.808310693133918801e-13 1.956786063957005099e-14 0.000000000000000000e+00 -3.192302904815339036e-13 2.391558558344437557e+01 4.951409150087478506e-01 1.480810533917335370e+01 -5.409155058326686749e-01 0.000000000000000000e+00 -2.218670035552126052e+00 -6.429045885481341038e+00 4.827947030056759736e+00 2.008403890916897794e+01 0.000000000000000000e+00 -1.737060299276738107e+01 2.341450783605797614e+00 1.652372073651800122e+01 2.212169221284886689e+01 0.000000000000000000e+00
2.456744591390916150e-13 0.000000000000000000e+00 0.000000000000000000e+00 0.000000000000000000e+00 0.000000000000000000e+00 1.484663347578076475e+01 0.000000000000000000e+00 3.048505614680628833e-13 0.000000000000000000e+00 -8.406085315435941370e-13 1.146173316964834399e+01 0.000000000000000000e+00 3.600222231649781168e-01 8.500381444901536909e+00 0.000000000000000000e+00 2.982044748655693134e+00 3.788114299417671971e-01 -3.151291231638932988e+00 1.173832357379353208e+00 0.000000000000000000e+00 2.200066664798314875e+01 6.637882653311601544e+00 1.782268502722219150e+00 9.929074057698166200e+00 0.000000000000000000e+00
0.000000000000000000e+00 0.000000000000000000e+00 0.000000000000000000e+00 0.000000000000000000e+00 0.000000000000000000e+00 1.451237587261712036e+01 0.000000000000000000e+00 -5.851480018351681522e+00 0.000000000000000000e+00 -2.757056166256708782e-13 4.241820701867993648e+00 -8.922777156749372551e+00 0.000000000000000000e+00 7.378794746811788485e+00 0.000000000000000000e+00 1.360374915312350774e+00 -5.575053767371257685e+00 6.263598275387445569e-02 -1.356914116639574772e-02 0.000000000000000000e+00 9.791527164175002795e+00 -4.076339260756564720e+00 -3.671307210952124755e+00 1.987919389501204614e+00 0.000000000000000000e+00
0.000000000000000000e+00 0.000000000000000000e+00 0.000000000000000000e+00 0.000000000000000000e+00 0.000000000000000000e+00 8.647171455757214353e-01 0.000000000000000000e+00 1.226717661281547755e+01 0.000000000000000000e+00 -3.736707910212147977e-03 2.883028796078655365e+00 4.140683767666247128e+00 -7.606265818769606506e-10 0.000000000000000000e+00 0.000000000000000000e+00 -7.642551763403728536e-12 5.006414328599473329e+00 -5.660226412807117108e-02 1.567693188260137482e-01 0.000000000000000000e+00 3.476886768119385584e-03 1.953599468807524220e+00 2.269077444914931352e+00 7.079468117503206592e+00 -1.963800553545192037e-10
0.000000000000000000e+00 0.000000000000000000e+00 0.000000000000000000e+00 0.000000000000000000e+00 0.000000000000000000e+00 0.000000000000000000e+00 0.000000000000000000e+00 3.152238503222390964e+00 0.000000000000000000e+00 -8.675509041139898514e+00 -1.404825956165583523e-13 2.407819208815774491e-13 -8.024459806640297899e+00 -7.313154814529251313e-01 -1.147789734889231639e+01 -3.428789496158754613e+00 5.330647595418773754e+00 6.256801271605219483e+00 4.255616823519067893e+00 7.019589029837608599e-11 -9.032205727786939420e+00 -5.346252496745037552e-01 3.818149658579033989e+00 1.069940461242882990e-03 -9.240450271552584027e+00
0.000000000000000000e+00 0.000000000000000000e+00 0.000000000000000000e+00 0.000000000000000000e+00 0.000000000000000000e+00 2.625374541978488258e-12 -9.543289930068667104e+00 0.000000000000000000e+00 0.000000000000000000e+00 -2.622095674708397084e+01 -2.727885373618554269e-03 -1.824961487982873643e-09 3.040042393524391429e+00 8.520474664479786853e+00 -2.068195589916342669e+01 5.909891686609670680e-01 1.210048497740355038e-12 -3.253346373536509795e+00 0.000000000000000000e+00 -6.167256781756652373e+00 -2.188026688505170014e+01 -2.106873762386600735e+00 5.846675345313840921e+00 -4.751330392385481716e+00 1.489091161049420009e+01
