# yaw
0.000000000000000000e+00 0.000000000000000000e+00 0.000000000000000000e+00 0.000000000000000000e+00 0.000000000000000000e+00 3.000000000000000000e+01 -3.000000000000000000e+01 0.000000000000000000e+00 -3.000000000000000000e+01 3.000000000000000000e+01 3.000000000000000000e+01 6.555379168977732540e+00 -1.061285938185033118e+01 -2.144570851403629419e+01 3.000000000000000000e+01 3.000000000000000000e+01 -2.363242568036734781e+01 -4.437230899922434690e-01 2.813886987682613139e+01 3.000000000000000000e+01 3.000000000000000000e+01 -1.811324796738193754e+01 -8.349014005150883211e-01 -1.943062453015614466e+01 3.000000000000000000e+01
0.000000000000000000e+00 0.000000000000000000e+00 0.000000000000000000e+00 0.000000000000000000e+00 0.000000000000000000e+00 2.410357705139465168e+01 3.000000000000000000e+01 0.000000000000000000e+00 -3.000000000000000000e+01 2.600263508290107950e+01 1.522085397467952639e+01 0.000000000000000000e+00 -2.703125635796285309e+01 3.000000000000000000e+01 1.328234191703374378e+01 1.619794861190544566e+01 3.000000000000000000e+01 1.230757947883525638e+01 1.071941709251216857e+01 1.753247679020318728e+01 2.415793179453105211e+01 -2.689285424566728722e+01 -1.632731393360264605e+01 3.000000000000000000e+01 2.152898386823732224e+01
0.000000000000000000e+00 0.000000000000000000e+00 0.000000000000000000e+00 0.000000000000000000e+00 0.000000000000000000e+00 1.004577978869187049e+01 2.187097089950948359e+01 0.000000000000000000e+00 3.000000000000000000e+01 1.711861555466574458e+01 1.218677283696187441e+00 0.000000000000000000e+00 1.990465985793907677e+01 2.127664900482862009e+01 9.980420678529758893e-01 6.797185486917680652e-01 2.348215025346259566e+01 -9.458331298082096605e-01 0.000000000000000000e+00 1.844181443249154784e+00 1.940959288506282476e+01 3.000000000000000000e+01 1.115087166719539269e+01 2.684450030450870628e+01 1.311682893879011758e+01
0.000000000000000000e+00 0.000000000000000000e+00 0.000000000000000000e+00 0.000000000000000000e+00 0.000000000000000000e+00 5.791256012503524786e-02 1.420956972163064513e+01 0.000000000000000000e+00 2.243445495533804390e+01 7.702870387011635955e+00 0.000000000000000000e+00 -1.061137035553279517e+01 7.813512371243864774e-01 8.127282585304810070e+00 0.000000000000000000e+00 0.000000000000000000e+00 -1.429741303675322328e+01 1.525529551196583000e+01 0.000000000000000000e+00 -6.588884825806372803e+00 1.196496174862314632e+01 3.000000000000000000e+01 -7.648905697029938722e+00 1.867934120301679357e+01 -4.356857948045334439e+00
0.000000000000000000e+00 0.000000000000000000e+00 0.000000000000000000e+00 0.000000000000000000e+00 0.000000000000000000e+00 0.000000000000000000e+00 2.021564540245879726e+00 0.000000000000000000e+00 1.740681242637908355e+01 0.000000000000000000e+00 0.000000000000000000e+00 1.595564790774138864e+01 -6.435616465509997886e-01 6.810726212991179140e-02 -1.594357867375999716e+00 0.000000000000000000e+00 5.690534544269500117e+00 7.134552691402535896e-01 5.846190895439065116e+00 9.184193995448769243e+00 2.314064297427392169e+00 2.995320918684016931e+01 1.350287548102615531e+00 4.566110833290043303e+00 4.005351006637734912e+00
0.000000000000000000e+00 0.000000000000000000e+00 0.000000000000000000e+00 0.000000000000000000e+00 0.000000000000000000e+00 0.000000000000000000e+00 0.000000000000000000e+00 0.000000000000000000e+00 1.799161289854624313e+00 0.000000000000000000e+00 0.000000000000000000e+00 -2.008230548494761436e+01 -1.823577732391202133e+01 0.000000000000000000e+00 -2.079692273139384184e+01 0.000000000000000000e+00 -1.380432265371864986e+01 -1.578125158259716265e+01 2.125820192514203733e+00 2.135250645378829404e+01 0.000000000000000000e+00 2.476721991875797713e+01 5.394039779485855668e+00 2.191591332232375322e+01 -5.768382050228972879e+00
0.000000000000000000e+00 0.000000000000000000e+00 0.000000000000000000e+00 0.000000000000000000e+00 0.000000000000000000e+00 0.000000000000000000e+00 0.000000000000000000e+00 0.000000000000000000e+00 -5.105952623288249643e-07 0.000000000000000000e+00 0.000000000000000000e+00 3.000000000000000000e+01 1.865090938947028221e+01 0.000000000000000000e+00 2.840596050553517671e+01 0.000000000000000000e+00 2.423402586175813767e+01 2.084127181285516883e+01 -2.251628494459693997e+01 9.329460437773126058e-01 0.000000000000000000e+00 8.567527395202226614e+00 5.533377698728046745e+00 -5.051211559128450546e+00 3.526224969678234178e+00
0.000000000000000000e+00 0.000000000000000000e+00 0.000000000000000000e+00 0.000000000000000000e+00 0.000000000000000000e+00 0.000000000000000000e+00 -1.448719162422579254e-01 0.000000000000000000e+00 -5.119579625564717161e-11 0.000000000000000000e+00 0.000000000000000000e+00 1.404147212418429191e+01 -1.630726972984622991e+00 0.000000000000000000e+00 1.647871656229648707e+01 0.000000000000000000e+00 8.135387293437306155e+00 1.844065686789022163e+00 2.150440494813351222e+01 1.023305270419841051e+01 0.000000000000000000e+00 -9.401488076919846496e-07 3.130300688777898355e+00 -5.627318016267457423e+00 -1.481836840636365160e+01
0.000000000000000000e+00 0.000000000000000000e+00 0.000000000000000000e+00 0.000000000000000000e+00 0.000000000000000000e+00 0.000000000000000000e+00 -9.440839347795485281e+00 0.000000000000000000e+00 -2.752306406817094266e-12 1.919225730232568747e-11 0.000000000000000000e+00 3.432901002876928565e-02 2.354267632510746822e+01 -1.451252109901623477e+01 -4.084121334049382601e-01 0.000000000000000000e+00 0.000000000000000000e+00 -9.650056486835868697e+00 -2.822663973749234945e+00 3.550408587322101184e+00 0.000000000000000000e+00 -4.856191015200878500e-13 -6.071043800263338674e+00 5.513232157820892709e+00 -2.760421919806233504e+01
0.000000000000000000e+00 0.000000000000000000e+00 0.000000000000000000e+00 0.000000000000000000e+00 0.000000000000000000e+00 0.000000000000000000e+00 -2.301332797816931830e+01 2.356944329837454332e-12 1.170327536245256590e-12 -5.001918641097388374e+00 0.000000000000000000e+00 0.000000000000000000e+00 3.731451267315126330e+00 2.496857683697529851e+01 -1.389887435536648574e+01 0.000000000000000000e+00 0.000000000000000000e+00 1.836133110153718206e+01 1.556619758241705043e+01 -1.084881593362814556e+01 0.000000000000000000e+00 -1.265243959888890712e+00 1.076803628771412669e+01 2.837624990090297228e+00 2.607420936290704816e+01
0.000000000000000000e+00 0.000000000000000000e+00 0.000000000000000000e+00 0.000000000000000000e+00 0.000000000000000000e+00 0.000000000000000000e+00 2.558730134976739379e+01 2.530300530123410304e-09 -5.523860854898159305e-11 -1.679136111432947942e+01 0.000000000000000000e+00 4.642649090995567360e-10 -1.153166215121083482e+01 -3.624673587870388847e+00 -2.891530570023139290e+01 0.000000000000000000e+00 -5.523092379222768461e-11 5.059489686072961984e-02 -1.270150549406659612e+00 2.030790688988665593e+01 0.000000000000000000e+00 -1.214021324066036200e+01 -7.455046560850354886e+00 -8.451036112130186240e+00 1.548497513405865078e+01
0.000000000000000000e+00 0.000000000000000000e+00 0.000000000000000000e+00 0.000000000000000000e+00 0.000000000000000000e+00 0.000000000000000000e+00 1.745204576943980257e+01 -7.355399140315231968e-03 0.000000000000000000e+00 2.682598559164516061e+01 0.000000000000000000e+00 7.811673740584330838e-12 2.097475456071149225e+01 2.022320017750820753e+01 2.655371479317341610e+01 0.000000000000000000e+00 0.000000000000000000e+00 -4.825200956197033405e-12 7.327493896051527678e+00 8.507456488937295003e-01 0.000000000000000000e+00 -2.129218109722282648e+01 7.453569589104675153e+00 1.981851478298071179e+00 -2.373520523081805056e+00
0.000000000000000000e+00 0.000000000000000000e+00 0.000000000000000000e+00 0.000000000000000000e+00 0.000000000000000000e+00 0.000000000000000000e+00 5.827874583158476618e-01 -9.764412299185048383e+00 -6.331301115950115355e-01 1.691326149416140723e+01 0.000000000000000000e+00 1.562644655960959704e-11 7.720916085285969288e+00 1.559132739806009837e+01 1.570765869099363599e+01 0.000000000000000000e+00 0.000000000000000000e+00 -4.936764632189186486e+00 -4.403900566713736531e+00 6.611959784839328336e+00 0.000000000000000000e+00 2.318054957991710197e+01 -1.865733973008034008e+00 8.389352015706620591e+00 4.742644257614035297e+00
0.000000000000000000e+00 0.000000000000000000e+00 -9.782840463910179807e+00 0.000000000000000000e+00 0.000000000000000000e+00 0.000000000000000000e+00 0.000000000000000000e+00 -1.839392878900822481e+01 -1.031058460181671954e+01 3.341876092586653524e+00 0.000000000000000000e+00 2.008402822934017283e-11 -1.139507902296435482e+01 -3.535800816027488302e+00 1.529638054387837620e+00 0.000000000000000000e+00 0.000000000000000000e+00 -1.686077315364941143e+01 1.304582795124479055e+01 -8.443869675353915527e-01 0.000000000000000000e+00 1.237812322623957861e+01 -1.365716168353214677e+01 -1.831104448699580440e-11 6.497403499985010100e+00
0.000000000000000000e+00 4.525866887548505329e-14 -2.060945542009275044e+01 0.000000000000000000e+00 0.000000000000000000e+00 0.000000000000000000e+00 0.000000000000000000e+00 -2.845723086493389786e+01 -1.908996190059411902e+01 -5.130076758485959232e+00 0.000000000000000000e+00 -2.432741976605417596e-10 1.136459433084769444e+01 -5.080909764580808563e+00 2.284102710274903636e+00 0.000000000000000000e+00 -8.051554252597398209e-02 -3.000000000000000000e+01 4.002966763505811265e+00 2.184143063574472965e-01 0.000000000000000000e+00 1.126054036694121185e+00 -1.979150737468749099e+01 -7.498440312489047521e+00 -1.001614332696275644e+00
0.000000000000000000e+00 -9.812532926093627594e+00 -2.197899648174226783e+01 0.000000000000000000e+00 -1.123190241303824166e+00 0.000000000000000000e+00 -2.090952316302451042e-13 3.000000000000000000e+01 2.987988100044868744e+01 -1.862906765228672512e+01 0.000000000000000000e+00 -1.128041257112063209e-10 0.000000000000000000e+00 1.241957131646853618e+01 -7.743176260004474898e+00 0.000000000000000000e+00 -6.452319261397885697e+00 3.000000000000000000e+01 0.000000000000000000e+00 -1.540604684493185594e+01 0.000000000000000000e+00 -1.557841591326712072e+00 3.000000000000000000e+01 -1.942053139330004186e+01 -9.738321295538332478e+00
0.000000000000000000e+00 -1.999589740154423723e+01 -2.768638843838394692e+01 5.560861921698327261e-13 -1.238482193229032369e+01 0.000000000000000000e+00 -1.450284693689089799e-02 3.000000000000000000e+01 2.039880306911135222e+01 3.000000000000000000e+01 0.000000000000000000e+00 -6.340419177410897333e+00 0.000000000000000000e+00 1.319420392069869941e+01 2.420578790242238298e+01 0.000000000000000000e+00 -1.704998694391654723e+01 2.936890324076983561e+01 0.000000000000000000e+00 -2.342735816212747579e+01 0.000000000000000000e+00 -1.334378945339331501e+01 2.303321111949140843e+01 3.000000000000000000e+01 -2.520010605196658204e+01
0.000000000000000000e+00 -2.777915514492105942e+01 3.000000000000000000e+01 -5.181307727081480685e+00 -2.268721654873211691e+01 0.000000000000000000e+00 -1.188361075008315915e+01 1.460042115197735413e+01 2.347217396505446807e+00 2.834156138519756851e+01 0.000000000000000000e+00 -1.726405132132132536e+01 0.000000000000000000e+00 1.515337475573920369e-03 8.027534114045842273e+00 0.000000000000000000e+00 -2.699681949251133162e+01 1.171244242372179123e+01 0.000000000000000000e+00 3.000000000000000000e+01 0.000000000000000000e+00 -2.525698811117982245e+01 1.293022793444246199e+00 3.000000000000000000e+01 -3.000000000000000000e+01
0.000000000000000000e+00 3.000000000000000000e+01 2.362074485377179300e+01 -3.000000000000000000e+01 3.000000000000000000e+01 0.000000000000000000e+00 -2.261488496653532820e+01 2.423440640503238264e-01 -1.069805971823575241e+01 2.358175359632735990e+01 0.000000000000000000e+00 -2.218230253879583458e+01 -2.494309226672861701e+00 1.254310337488054569e-09 1.158101295412184761e+01 0.000000000000000000e+00 2.850587320622255305e+01 1.321407901620677994e-03 -5.364541495037628005e-02 2.473922914734880152e+01 0.000000000000000000e+00 3.000000000000000000e+01 -1.968174191724438060e+01 3.000000000000000000e+01 3.000000000000000000e+01
0.000000000000000000e+00 2.533681251278331459e+01 1.721120401148569456e+01 1.661585312759792643e+01 2.624274987862065345e+01 0.000000000000000000e+00 -2.861486594100659886e+01 -8.755946090695535125e-09 1.493722818925072104e+01 5.669808797192419370e+00 0.000000000000000000e+00 -3.000000000000000000e+01 -1.957667345727995922e+01 -7.444443513050990724e+00 0.000000000000000000e+00 0.000000000000000000e+00 1.983797914928627648e+01 -6.288713404321244482e+00 2.319132831227972957e+01 1.325715904065993733e+01 0.000000000000000000e+00 2.109678598157886853e+01 1.963619247413683055e+01 1.283139906372943351e+01 2.295141467573815675e+01
0.000000000000000000e+00 1.533176599884371427e+01 9.547797696966981107e+00 -2.125387478424647369e+01 1.713243698744086529e+01 0.000000000000000000e+00 3.000000000000000000e+01 -6.529358515973171073e+00 0.000000000000000000e+00 7.866897208068951550e-08 0.000000000000000000e+00 3.000000000000000000e+01 1.838865871002151664e+01 -2.543027526341254685e+01 0.000000000000000000e+00 0.000000000000000000e+00 9.605381690034738185e+00 -3.000000000000000000e+01 1.221440102443335363e+01 -8.608497034216728849e+00 0.000000000000000000e+00 2.851922654429643433e+00 3.583835160634067485e+00 9.876640096247343292e-01 1.664849012997366273e+01
0.000000000000000000e+00 4.127462140493297404e+00 7.362269551836543753e-04 3.000000000000000000e+01 2.903631916394268320e+00 0.000000000000000000e+00 1.822139378169288548e+01 -3.000000000000000000e+01 -4.222748485882772914e-08 -7.673784114601819306e-01 0.000000000000000000e+00 2.758023802282704651e+01 5.575279462557768184e+00 3.000000000000000000e+01 -7.515391102624009445e-01 0.000000000000000000e+00 5.963081884406158342e-08 1.076266145499276305e+01 -2.863676476349120747e+01 7.812396157763477511e+00 0.000000000000000000e+00 0.000000000000000000e+00 0.000000000000000000e+00 0.000000000000000000e+00 5.193178765843095235e+00
0.000000000000000000e+00 0.000000000000000000e+00 -2.793391690984619480e+00 1.874891668242033305e+01 -4.343261310211291359e+00 0.000000000000000000e+00 9.500310289623730142e+00 2.958420275732581928e+01 -5.885186988229976907e-02 1.641842575056973885e+01 0.000000000000000000e+00 1.734695854600020581e+01 0.000000000000000000e+00 2.532456735607598119e+01 4.918090140901132390e-01 0.000000000000000000e+00 -8.038618816325250327e-01 -3.000000000000000000e+01 2.764643496484577412e+01 -1.606887839536727114e+01 0.000000000000000000e+00 0.000000000000000000e+00 0.000000000000000000e+00 0.000000000000000000e+00 0.000000000000000000e+00
0.000000000000000000e+00 0.000000000000000000e+00 0.000000000000000000e+00 0.000000000000000000e+00 0.000000000000000000e+00 0.000000000000000000e+00 0.000000000000000000e+00 0.000000000000000000e+00 0.000000000000000000e+00 0.000000000000000000e+00 0.000000000000000000e+00 0.000000000000000000e+00 0.000000000000000000e+00 0.000000000000000000e+00 0.000000000000000000e+00 0.000000000000000000e+00 0.000000000000000000e+00 0.000000000000000000e+00 0.000000000000000000e+00 0.000000000000000000e+00 0.000000000000000000e+00 0.000000000000000000e+00 0.000000000000000000e+00 0.000000000000000000e+00 0.000000000000000000e+00
0.000000000000000000e+00 0.000000000000000000e+00 0.000000000000000000e+00 0.000000000000000000e+00 0.000000000000000000e+00 0.000000000000000000e+00 0.000000000000000000e+00 0.000000000000000000e+00 0.000000000000000000e+00 0.000000000000000000e+00 0.000000000000000000e+00 0.000000000000000000e+00 0.000000000000000000e+00 0.000000000000000000e+00 0.000000000000000000e+00 0.000000000000000000e+00 0.000000000000000000e+00 0.000000000000000000e+00 0.000000000000000000e+00 0.000000000000000000e+00 0.000000000000000000e+00 0.000000000000000000e+00 0.000000000000000000e+00 0.000000000000000000e+00 0.000000000000000000e+00
0.000000000000000000e+00 0.000000000000000000e+00 0.000000000000000000e+00 0.000000000000000000e+00 0.000000000000000000e+00 0.000000000000000000e+00 0.000000000000000000e+00 0.000000000000000000e+00 0.000000000000000000e+00 0.000000000000000000e+00 0.000000000000000000e+00 0.000000000000000000e+00 0.000000000000000000e+00 0.000000000000000000e+00 0.000000000000000000e+00 0.000000000000000000e+00 0.000000000000000000e+00 0.000000000000000000e+00 0.000000000000000000e+00 0.000000000000000000e+00 0.000000000000000000e+00 0.000000000000000000e+00 0.000000000000000000e+00 0.000000000000000000e+00 0.000000000000000000e+00
0.000000000000000000e+00 0.000000000000000000e+00 0.000000000000000000e+00 0.000000000000000000e+00 2.818085274046000510e+00 0.000000000000000000e+00 0.000000000000000000e+00 0.000000000000000000e+00 -5.333738838454982201e-01 -6.937812778960332771e+00 0.000000000000000000e+00 0.000000000000000000e+00 0.000000000000000000e+00 0.000000000000000000e+00 0.000000000000000000e+00 0.000000000000000000e+00 0.000000000000000000e+00 0.000000000000000000e+00 0.000000000000000000e+00 0.000000000000000000e+00 0.000000000000000000e+00 0.000000000000000000e+00 0.000000000000000000e+00 0.000000000000000000e+00 0.000000000000000000e+00
0.000000000000000000e+00 -2.661718374356313532e+01 -2.611558402862056383e+01 0.000000000000000000e+00 1.671723932706769489e+01 0.000000000000000000e+00 0.000000000000000000e+00 -3.894486285736791675e+00 -3.138103051957141343e+00 2.672232447273046674e+01 0.000000000000000000e+00 0.000000000000000000e+00 2.067722473669450611e+00 -2.090237489898369994e+00 -3.313820572387043750e+00 0.000000000000000000e+00 9.326745643430452981e-01 -3.716280708948078687e-08 -2.454121384827732300e+01 -2.517683623328145259e+01 0.000000000000000000e+00 0.000000000000000000e+00 0.000000000000000000e+00 0.000000000000000000e+00 0.000000000000000000e+00
0.000000000000000000e+00 2.267724168031709908e+01 3.000000000000000000e+01 7.282612638959287565e+00 -1.244440513447923502e+00 0.000000000000000000e+00 -4.184020024810560234e-01 2.228614781890935603e+01 -2.513965309592861175e+01 1.632017556844487061e+01 0.000000000000000000e+00 0.000000000000000000e+00 3.000000000000000000e+01 1.168170636448866340e+01 -2.155804604533174285e+01 0.000000000000000000e+00 5.104260367850229545e-07 0.000000000000000000e+00 2.820080381148832771e+01 2.545590937878648319e+01 0.000000000000000000e+00 0.000000000000000000e+00 0.000000000000000000e+00 0.000000000000000000e+00 0.000000000000000000e+00
0.000000000000000000e+00 9.713333777557497939e+00 2.534248648955354710e+01 7.160197684695891462e-01 -1.365586418657016488e+01 0.000000000000000000e+00 -1.566926363562814473e+01 1.382397404812930830e+00 2.106519196389479731e+01 3.171987982644487447e-01 0.000000000000000000e+00 -1.931954693373256795e-10 5.507335725816605354e+00 1.200131206049131372e+01 2.320477314250469902e+01 0.000000000000000000e+00 7.003362443778930476e-12 0.000000000000000000e+00 1.794269274828361205e+01 1.281543758953793422e+01 0.000000000000000000e+00 0.000000000000000000e+00 0.000000000000000000e+00 0.000000000000000000e+00 0.000000000000000000e+00
0.000000000000000000e+00 -3.782648125334092566e-08 7.477957537489369422e+00 -8.077242799822412778e+00 2.226136203638605338e+01 0.000000000000000000e+00 2.169006645227911889e+01 2.853128171901983645e+00 1.266297059713523021e+00 -1.744233091332834107e-01 0.000000000000000000e+00 -6.113092930987871654e+00 8.526494881632418199e+00 3.154948220489820709e+00 9.912327691788128448e+00 0.000000000000000000e+00 0.000000000000000000e+00 0.000000000000000000e+00 1.637774057819157081e+00 1.056673939579798827e+00 0.000000000000000000e+00 0.000000000000000000e+00 0.000000000000000000e+00 0.000000000000000000e+00 0.000000000000000000e+00
0.000000000000000000e+00 -7.709473565292161545e+00 -8.957632373904743872e+00 1.977354980517645089e+01 9.179027400574904405e+00 0.000000000000000000e+00 4.895447359882016514e+00 -3.975258685957972826e+00 3.645208229881391926e+00 2.470089960969175991e+00 0.000000000000000000e+00 2.022662407755093739e+01 4.943039032045751568e+00 -1.751964441749407530e-09 -6.652873763253562167e+00 0.000000000000000000e+00 0.000000000000000000e+00 0.000000000000000000e+00 0.000000000000000000e+00 0.000000000000000000e+00 0.000000000000000000e+00 0.000000000000000000e+00 0.000000000000000000e+00 0.000000000000000000e+00 0.000000000000000000e+00
-1.380384355645458110e-12 1.798358033357329333e+01 1.970515938659855237e+01 8.701323598499033807e+00 2.352637045679943029e+00 0.000000000000000000e+00 -4.307972316633348342e+00 7.444569404959809233e+00 0.000000000000000000e+00 -1.338665621881889756e+01 0.000000000000000000e+00 2.495664485657875531e+01 -1.027581883528093165e+01 -1.944096009149498094e+00 9.360671056857333028e+00 -2.324357982529622113e+00 0.000000000000000000e+00 0.000000000000000000e+00 0.000000000000000000e+00 -1.223248892091669308e-12 0.000000000000000000e+00 0.000000000000000000e+00 0.000000000000000000e+00 0.000000000000000000e+00 0.000000000000000000e+00
-6.195599190088302066e+00 -1.006714204873125240e+00 1.663774787803780519e+00 -3.820440439442093439e+00 -1.435933005306662835e+01 -1.446023082747087749e-12 -1.647245750220626093e+01 7.454322647895464726e+00 -1.233781458410577840e-02 -2.084659827312909997e+00 0.000000000000000000e+00 9.054261402644968371e+00 1.623977976171627446e+01 1.591722748492466799e+01 3.970325800878180988e+00 -1.269107267120303995e+01 0.000000000000000000e+00 0.000000000000000000e+00 0.000000000000000000e+00 -6.969567457113484465e+00 0.000000000000000000e+00 0.000000000000000000e+00 0.000000000000000000e+00 0.000000000000000000e+00 0.000000000000000000e+00
-1.535581772622788677e+01 -9.882280877822894993e+00 1.617595602899152274e+00 -1.309179880739790036e+01 -2.000241911901534309e+01 -6.915674247185462420e+00 -2.257767908477709540e+01 -5.779918267523330044e+00 6.428047824262125842e-02 -7.677705060997895570e-02 -6.977993772359085412e-02 1.689029640076126961e-03 8.892328576350462532e-02 -2.273221092898499926e-02 -5.848443808917184406e+00 -1.888274782809933683e+01 -2.752841829892236802e+00 0.000000000000000000e+00 -3.340356160790470014e-09 -1.604142004000120636e+01 0.000000000000000000e+00 0.000000000000000000e+00 0.000000000000000000e+00 0.000000000000000000e+00 0.000000000000000000e+00
-1.957968640691283824e+01 -2.435399898644357819e+01 6.077017034524256012e+00 -1.513288436691144412e+01 -2.065879466613995064e+01 -2.319231558885258337e+01 2.082871600570191362e+01 7.599976779621567147e+00 -1.567533203563929334e+01 -2.238746770143397669e+01 -1.575673404999413485e+01 -4.445306908628605510e-08 0.000000000000000000e+00 -1.240803240401999474e+01 -1.761443381696599175e+01 -2.775149996214175019e+01 -8.794741977344491701e+00 0.000000000000000000e+00 -8.950392557201432453e+00 -2.611836702875315197e+01 0.000000000000000000e+00 0.000000000000000000e+00 0.000000000000000000e+00 0.000000000000000000e+00 0.000000000000000000e+00
2.978568640995727534e+01 3.000000000000000000e+01 -3.697487102424196204e-01 -1.973858002398641887e+01 3.000000000000000000e+01 3.000000000000000000e+01 2.600139791332446748e+01 -9.582156107748083684e+00 -3.000000000000000000e+01 3.000000000000000000e+01 2.824809165712497006e+01 -6.074906617893558014e+00 -7.738792155035618681e-01 2.799286157593456537e+01 2.951539756766717559e+01 3.000000000000000000e+01 -1.808171596673943782e+01 0.000000000000000000e+00 -1.726468087009707020e+01 3.000000000000000000e+01 0.000000000000000000e+00 0.000000000000000000e+00 0.000000000000000000e+00 0.000000000000000000e+00 0.000000000000000000e+00
1.909352320922002377e+01 2.648264228923270736e+01 9.604253419414581217e+00 3.000000000000000000e+01 2.067260401854144547e+01 1.677623467996245665e+01 1.813086199396929610e+00 -2.007177473805769097e+01 3.000000000000000000e+01 1.505692204711589000e+01 1.103628218942851724e+01 -1.986513456008310285e+01 -1.977495588283767347e+01 1.052286803635893975e+01 1.417126193139043444e+01 2.435368074769716884e+01 -2.904441752433283241e+01 0.000000000000000000e+00 -2.335260679659718619e+01 2.191486943679060673e+01 0.000000000000000000e+00 0.000000000000000000e+00 0.000000000000000000e+00 0.000000000000000000e+00 0.000000000000000000e+00
1.149164191946650071e+01 2.121685057180440026e+01 2.222130730985405131e-03 2.415530773957218358e+01 1.533287258091499616e+01 1.476139711259218723e+00 0.000000000000000000e+00 1.674180790366334293e+01 2.695510291295397920e+01 9.809312859736505352e-01 4.229757607165782751e-01 1.149459912091998959e+01 1.158692748989201249e+01 -1.544704769780354478e-05 1.281777994276183330e+00 1.726081092350688095e+01 -2.788669465696993299e+01 0.000000000000000000e+00 2.406073438391912944e+01 1.171609829214171050e+01 0.000000000000000000e+00 0.000000000000000000e+00 0.000000000000000000e+00 0.000000000000000000e+00 0.000000000000000000e+00
-6.167240977226263077e+00 1.357251113610409021e+01 -5.850642957086787277e+00 2.366397751280253914e+01 6.957548964987394058e+00 -1.007196859285509127e+01 4.829238568761256012e+00 1.180507469693246492e+00 1.843375849111505005e+01 0.000000000000000000e+00 6.079455981106427749e-13 7.953762464091742104e-03 0.000000000000000000e+00 -8.576285797546432832e+00 0.000000000000000000e+00 1.096108127352048633e+01 2.816544860852928167e+01 0.000000000000000000e+00 1.601147555263624866e+01 6.811284422233995772e-02 0.000000000000000000e+00 0.000000000000000000e+00 0.000000000000000000e+00 0.000000000000000000e+00 0.000000000000000000e+00
1.578345563000774021e+01 2.015099876695446213e+00 6.663197433574772344e-01 1.158076595607225912e+01 -1.092229868677010235e-14 4.990840403478287612e+00 1.694393396530408935e-01 1.377014099422266646e+01 9.109795964575365446e+00 0.000000000000000000e+00 -1.640096676612709636e+00 0.000000000000000000e+00 -2.667994240985028132e+00 1.114138841874859620e-01 0.000000000000000000e+00 1.943359524715955855e+00 2.068245854703106801e+01 0.000000000000000000e+00 3.422177626314237830e+00 0.000000000000000000e+00 0.000000000000000000e+00 0.000000000000000000e+00 0.000000000000000000e+00 0.000000000000000000e+00 0.000000000000000000e+00
5.248452349275470219e+00 5.965656964136957008e+00 -1.600674968976548129e+01 1.288220462776657804e+01 0.000000000000000000e+00 -1.665050297367710286e+01 -3.008215177459869771e+00 5.450800627653281660e-01 -1.007008156411283162e+00 0.000000000000000000e+00 -2.198968533206362252e+01 -9.023484140814217014e+00 3.133295296282231135e+00 1.840067793578503696e+01 0.000000000000000000e+00 0.000000000000000000e+00 9.244511203528059440e+00 0.000000000000000000e+00 0.000000000000000000e+00 0.000000000000000000e+00 0.000000000000000000e+00 0.000000000000000000e+00 0.000000000000000000e+00 0.000000000000000000e+00 0.000000000000000000e+00
-2.494798049428022857e+00 -3.002252336120782239e+00 1.906058307846033273e+01 1.614873473087286238e+00 0.000000000000000000e+00 2.445010216946580073e+01 5.035005562884819597e+00 2.731153271128508586e-01 -1.800720127173584828e+01 0.000000000000000000e+00 2.026728020529606766e+01 2.136869503516053470e+01 -1.388771866601729954e+01 1.181016902339632191e+00 0.000000000000000000e+00 0.000000000000000000e+00 9.148847272115551377e+00 -1.070664112601680440e-14 0.000000000000000000e+00 0.000000000000000000e+00 0.000000000000000000e+00 0.000000000000000000e+00 0.000000000000000000e+00 0.000000000000000000e+00 0.000000000000000000e+00
8.105560040326119653e-01 -4.152837651961462484e+00 3.368121456556909088e+00 -1.910632078035048024e-07 0.000000000000000000e+00 1.258826766186958679e+01 -5.136176521157807429e+00 7.593727301020281040e+00 1.483920310581366309e+01 0.000000000000000000e+00 7.167367418348413288e+00 1.952361530152968649e+00 2.121208609357307751e+01 1.676614137456081403e-09 0.000000000000000000e+00 0.000000000000000000e+00 -2.403020149537440442e-04 -3.109945630962534256e-08 -3.950003565296770436e+00 0.000000000000000000e+00 0.000000000000000000e+00 0.000000000000000000e+00 0.000000000000000000e+00 0.000000000000000000e+00 0.000000000000000000e+00
-1.294035687556342928e+01 1.420100016626073192e+01 2.689756684758272787e+00 4.280558992306462509e-14 0.000000000000000000e+00 4.738081602660545677e+00 -2.324766577310555693e+00 -1.333406235515257521e+01 6.025749878936352832e-01 0.000000000000000000e+00 -8.264193670781660117e+00 -6.910414326473341973e+00 3.999852804894107106e+00 -1.164814113261156914e+00 0.000000000000000000e+00 7.015886738749633668e-14 3.868734004865008350e-14 -2.414932157864110636e-10 -1.807247037897362674e+01 0.000000000000000000e+00 0.000000000000000000e+00 0.000000000000000000e+00 0.000000000000000000e+00 0.000000000000000000e+00 0.000000000000000000e+00
-2.290838947154272986e+01 9.959032647522642279e+00 1.648561810136023797e-03 -4.763315284387529047e+00 0.000000000000000000e+00 2.286135679418006994e+00 1.040637801163824783e+01 -1.356941273725403541e+01 0.000000000000000000e+00 0.000000000000000000e+00 1.668346294852841893e+01 9.541698533671180371e+00 -4.520292787360700615e+00 -1.480667797232255545e+01 0.000000000000000000e+00 -1.074029845240621173e+00 -6.750091929310727682e-10 3.047424356298210290e-08 2.500776930387825558e+01 0.000000000000000000e+00 0.000000000000000000e+00 0.000000000000000000e+00 0.000000000000000000e+00 0.000000000000000000e+00 0.000000000000000000e+00
3.000000000000000000e+01 6.044066322133174367e-04 -7.481892880153428571e+00 -1.678498039670194686e+01 0.000000000000000000e+00 -6.091408647370372798e+00 -1.229769586642068013e+01 7.924368256472582139e+00 1.243060574861607042e-08 0.000000000000000000e+00 -5.609844617347503615e+00 -8.426452882951197765e+00 1.724376019398772897e+01 -2.109975510176483837e+01 0.000000000000000000e+00 -1.212830112476236266e+01 1.243060559336751095e-08 -1.333252143861299678e-08 1.071408562344521265e+01 0.000000000000000000e+00 0.000000000000000000e+00 0.000000000000000000e+00 0.000000000000000000e+00 0.000000000000000000e+00 0.000000000000000000e+00
1.474047691433765728e+01 -6.575821242966449764e-01 1.248217771825864553e+01 2.636456932851692869e+01 0.000000000000000000e+00 6.632513159870025099e+00 2.249714833410142134e+01 8.098586297763543543e-05 0.000000000000000000e+00 0.000000000000000000e+00 6.025516358551021412e+00 1.201736103006354195e-01 8.286116442116125969e-01 2.678489856196586771e+01 0.000000000000000000e+00 -2.094221825326355457e+01 0.000000000000000000e+00 -4.389354654019689852e-11 7.967038777426550811e-02 0.000000000000000000e+00 0.000000000000000000e+00 0.000000000000000000e+00 0.000000000000000000e+00 0.000000000000000000e+00 0.000000000000000000e+00
1.496549921734828814e+00 1.165777591122550128e+01 -9.652771955859726916e+00 1.676778466688784874e+01 0.000000000000000000e+00 6.464615788046566891e+00 7.666707574204460585e+00 -6.644198101814896562e-01 0.000000000000000000e+00 0.000000000000000000e+00 7.887289766185922701e+00 -3.476326625766997802e-01 0.000000000000000000e+00 1.641060318097727233e+01 0.000000000000000000e+00 2.274261038634544363e+01 -4.872673290455179718e+00 -1.855067897738101435e+00 0.000000000000000000e+00 0.000000000000000000e+00 0.000000000000000000e+00 0.000000000000000000e+00 0.000000000000000000e+00 0.000000000000000000e+00 0.000000000000000000e+00
9.033861734280774769e+00 -7.802579331122714734e+00 -1.725983436200662879e+01 3.336618383220926631e+00 0.000000000000000000e+00 -1.129851782897819845e+01 -5.153858963923251935e+00 -1.289942490732013525e+01 0.000000000000000000e+00 0.000000000000000000e+00 6.419945453629359200e+00 1.207245872160883060e+01 0.000000000000000000e+00 7.669941041181844721e-01 0.000000000000000000e+00 1.235576265208817404e+01 -1.458183539649950866e+01 -1.570382090252239671e+01 0.000000000000000000e+00 0.000000000000000000e+00 0.000000000000000000e+00 0.000000000000000000e+00 1.234063035303209990e-11 0.000000000000000000e+00 0.000000000000000000e+00
3.014507113756766110e-02 -1.381187316951588784e+01 -2.461846605096299001e+01 0.000000000000000000e+00 0.000000000000000000e+00 1.136791876908980292e+01 -4.512500126275157619e+00 -2.810586389179483646e+01 -6.133402653064298882e+00 0.000000000000000000e+00 1.672291215547469179e+00 8.159067256838872240e+00 0.000000000000000000e+00 1.113481202939743789e-08 0.000000000000000000e+00 5.183447482536257533e-01 -1.985363717476015921e+01 -2.894163446641707083e+01 -1.374396685644353688e+00 0.000000000000000000e+00 0.000000000000000000e+00 0.000000000000000000e+00 -9.789064105427977225e+00 -1.034210911718351555e+00 0.000000000000000000e+00
-7.351509148631340196e+00 -2.552673082811750405e+01 3.000000000000000000e+01 -1.021260067561512885e+00 0.000000000000000000e+00 2.707868891571202141e+00 1.197030478475261006e+01 3.000000000000000000e+01 -1.360091199685684238e+01 0.000000000000000000e+00 3.054700569059749959e+00 0.000000000000000000e+00 -7.769410240190102179e+00 -4.282269920504231718e-10 0.000000000000000000e+00 -9.713524188558363193e+00 3.000000000000000000e+01 3.000000000000000000e+01 -1.363543328459078374e+01 0.000000000000000000e+00 -1.408220034463524284e+00 0.000000000000000000e+00 -1.467687613729384033e+01 -1.229346288538190990e+01 0.000000000000000000e+00
-2.319172676223225338e+01 3.000000000000000000e+01 2.622741180201703770e+01 -1.135717536463319632e+01 0.000000000000000000e+00 9.436645503259470047e+00 6.836237434969031062e-04 1.457827878524630627e+01 -2.476760398424854159e+01 0.000000000000000000e+00 -5.973187605117462162e+00 0.000000000000000000e+00 2.251672537294423293e+01 7.626889588668630624e-11 0.000000000000000000e+00 -3.000000000000000000e+01 1.801335822550952415e+01 2.697172421512816598e+01 -2.180019688643059794e+01 0.000000000000000000e+00 -1.274741231308291667e+01 0.000000000000000000e+00 -2.402822231821938459e+01 -1.942692866394640561e+01 0.000000000000000000e+00
-3.000000000000000000e+01 3.000000000000000000e+01 6.898511625135905767e+00 -2.346756620038917873e+01 0.000000000000000000e+00 -1.040185154008575452e+01 -2.129180830335973204e-02 1.091645745497746622e+00 2.583504677652292969e+01 0.000000000000000000e+00 -1.483792215176821294e+01 -4.545882761291323959e+00 7.503133871704816826e+00 0.000000000000000000e+00 0.000000000000000000e+00 3.000000000000000000e+01 1.204828328923347058e+01 8.325623990145620823e+00 3.000000000000000000e+01 0.000000000000000000e+00 -2.135138189310563916e+01 -5.001458467674132713e+00 3.000000000000000000e+01 -2.631215824241020584e+01 0.000000000000000000e+00
3.000000000000000000e+01 3.000000000000000000e+01 -2.001507266114627370e+01 3.000000000000000000e+01 0.000000000000000000e+00 -1.878319066899335255e+01 -2.214276530339468962e+01 -2.402805161835197545e-02 1.371969722619872734e+01 0.000000000000000000e+00 -2.427552790275181493e+01 -1.126287645670860815e+00 2.504485605710659472e-07 0.000000000000000000e+00 0.000000000000000000e+00 2.848133083053171433e+01 -9.673687342158816538e-01 -3.403768672855186034e-10 2.096433457155708169e+01 0.000000000000000000e+00 3.000000000000000000e+01 -3.000000000000000000e+01 1.828452412370738145e+01 3.000000000000000000e+01 0.000000000000000000e+00
2.012283291403592855e+01 1.906061888821415451e+01 1.580761103901187603e+01 1.541599993539996127e+01 0.000000000000000000e+00 3.000000000000000000e+01 1.822213676937803939e+01 -1.547506814213669024e+01 5.818758711165518349e+00 0.000000000000000000e+00 -2.377776304558632958e+01 -2.770427306346193674e+01 -8.273866275340154175e+00 0.000000000000000000e+00 0.000000000000000000e+00 2.040003091430475735e+01 2.298422984172752948e+01 -1.593965544899487163e-01 1.083351597155390600e+01 0.000000000000000000e+00 2.117886276917885979e+01 2.078837195239427160e+01 1.080739235009239430e+01 2.290404747677262876e+01 0.000000000000000000e+00
1.356742252269632409e+01 8.957900502852979230e+00 0.000000000000000000e+00 1.980063328836387804e+00 0.000000000000000000e+00 3.000000000000000000e+01 -5.713486275768018707e+00 -3.000000000000000000e+01 -3.140031674761324990e-07 0.000000000000000000e+00 2.853828001970949302e+01 2.846113085127553788e+01 -1.611029073164204206e+01 0.000000000000000000e+00 0.000000000000000000e+00 8.104819263292785791e+00 9.829035301937475211e+00 1.974663870329112569e+01 1.664742088264584488e-02 0.000000000000000000e+00 2.509837071290573718e+01 1.617644972590612129e+00 7.290894880856139126e-01 1.494370366803106087e+01 0.000000000000000000e+00
2.208632372805361843e+00 3.294197550379992568e-04 0.000000000000000000e+00 0.000000000000000000e+00 0.000000000000000000e+00 2.358532692096042638e+01 -2.016730487789278214e+01 2.991410255565528331e+01 0.000000000000000000e+00 0.000000000000000000e+00 2.194970449274713786e+01 2.657295880692990053e+00 -2.526200004103243657e+01 0.000000000000000000e+00 0.000000000000000000e+00 -3.133364475028166951e-01 0.000000000000000000e+00 -1.284736110135872345e+01 1.865195131360899864e-11 0.000000000000000000e+00 1.241030764203744496e+01 -2.077733888019111674e+01 -2.595715600621911322e-03 4.742051972428951601e+00 0.000000000000000000e+00
0.000000000000000000e+00 0.000000000000000000e+00 0.000000000000000000e+00 0.000000000000000000e+00 0.000000000000000000e+00 2.778296482654707855e+00 2.227989775502366143e+01 1.939932783793180704e+01 -4.235294498774713645e+00 0.000000000000000000e+00 1.382243288926869873e+01 3.932077576267448027e+00 2.044914893568190450e+01 0.000000000000000000e+00 0.000000000000000000e+00 2.596615532273501614e+00 -1.763013053999487600e-02 2.217532418863115851e+01 0.000000000000000000e+00 0.000000000000000000e+00 -1.517369079038491719e+00 -2.769973309739365419e+01 -1.197092848242423280e+01 0.000000000000000000e+00 0.000000000000000000e+00
0.000000000000000000e+00 0.000000000000000000e+00 0.000000000000000000e+00 0.000000000000000000e+00 0.000000000000000000e+00 -1.658470170640933361e+01 1.045468627130119899e+01 4.632333598540721020e+00 -1.641090475927843428e+01 0.000000000000000000e+00 6.592772898121445735e+00 -2.274197805190601773e+00 5.354379883327629486e+00 0.000000000000000000e+00 0.000000000000000000e+00 -1.703953375759893290e-08 1.022231359802788120e+01 9.239353541824444349e+00 0.000000000000000000e+00 0.000000000000000000e+00 -1.491461061797534349e+01 2.709586924965628896e+01 2.242663469646176111e+01 0.000000000000000000e+00 0.000000000000000000e+00
0.000000000000000000e+00 0.000000000000000000e+00 0.000000000000000000e+00 0.000000000000000000e+00 0.000000000000000000e+00 2.097895227362491966e+01 -1.422941805719734470e-04 -4.150788204889894101e-07 -2.615550404634128512e+01 0.000000000000000000e+00 -4.544515965477374131e+00 1.338364092085409141e+01 2.072577613375070626e+01 -6.091039052132348613e-02 0.000000000000000000e+00 -6.331159410995414127e+00 2.465711162302132442e-03 -7.292422179051305520e-02 0.000000000000000000e+00 0.000000000000000000e+00 -2.181590894607501241e+01 2.310501859087426624e+01 9.437058175119906522e+00 -2.008375407855711802e-12 0.000000000000000000e+00
0.000000000000000000e+00 0.000000000000000000e+00 0.000000000000000000e+00 0.000000000000000000e+00 0.000000000000000000e+00 8.555305523234917331e-01 -5.640492831765194559e+00 7.187205220015285311e-10 2.072469820412759844e+01 0.000000000000000000e+00 4.361574995293936219e+00 -2.400612612988560546e+00 1.765364793394677667e+00 -1.259141959335181404e+01 0.000000000000000000e+00 -1.311950944324627777e+00 -4.805205773910912331e-02 6.239166657664727111e+00 0.000000000000000000e+00 0.000000000000000000e+00 2.582719622565729978e+01 1.206471808148037539e+01 -1.415296358736952032e+00 -1.598763716312086469e+00 0.000000000000000000e+00
0.000000000000000000e+00 0.000000000000000000e+00 0.000000000000000000e+00 0.000000000000000000e+00 0.000000000000000000e+00 -1.602100677008253626e+01 -1.706467028717975865e+01 -5.976690665422783676e-11 5.643935247693314672e+00 0.000000000000000000e+00 6.313164355535000993e+00 1.092465731462742795e+01 -6.661542204180563864e+00 -2.624829052666908424e+01 0.000000000000000000e+00 1.126463611846530455e+01 6.720546769695216582e+00 7.641767147722785536e-01 0.000000000000000000e+00 0.000000000000000000e+00 1.801984099202289613e+01 1.478108965526145013e+00 -1.330243739427754868e+01 -1.451457984258805034e+01 0.000000000000000000e+00
0.000000000000000000e+00 0.000000000000000000e+00 0.000000000000000000e+00 0.000000000000000000e+00 0.000000000000000000e+00 -2.342484577766289888e+01 -2.317980998221571909e+01 9.102833555714368535e-11 -5.486853124884214581e-08 0.000000000000000000e+00 1.105269633301987575e+00 -8.003300528933685598e+00 3.562900899555594414e+00 2.074007065823597529e+01 0.000000000000000000e+00 3.288897216087111747e-02 -7.891196268861659924e-01 -2.769513848357991446e-10 -3.827828172767609782e+00 0.000000000000000000e+00 9.286010766744606570e+00 -3.876357090336900235e+00 -2.154419149883032247e+01 -2.244891281501305613e+01 0.000000000000000000e+00
0.000000000000000000e+00 0.000000000000000000e+00 0.000000000000000000e+00 0.000000000000000000e+00 0.000000000000000000e+00 1.982006221641725574e+01 2.539636755047787275e+01 1.854627860547034291e-11 -7.224550364884569126e-09 0.000000000000000000e+00 -1.388176570524588094e+00 1.871971486930380024e+01 -2.399432364023038389e+01 6.464864357750746748e+00 0.000000000000000000e+00 5.933417088386852889e+00 1.192737996382485477e+01 -5.115977956760952239e+00 -1.734385896475372490e+01 0.000000000000000000e+00 -1.353809909518392252e-01 9.324941131996268950e+00 2.914127376137460601e+01 2.216693199076399168e+01 0.000000000000000000e+00
0.000000000000000000e+00 0.000000000000000000e+00 0.000000000000000000e+00 0.000000000000000000e+00 0.000000000000000000e+00 9.151804441301381488e+00 1.446724682896777914e+01 2.681266327531776241e-13 -1.334876132315621332e-12 0.000000000000000000e+00 -2.348170388564908606e+01 1.118824878351200924e+00 1.811770788812700417e+01 -1.336072750880271620e+01 0.000000000000000000e+00 -6.451219480560187236e+00 6.528927292271308858e+00 7.202927433998826068e+00 2.492203709283219126e+01 0.000000000000000000e+00 1.220507262338409449e+00 -1.261945252262534511e+00 1.428603069745476084e+01 1.203799119963671416e+01 0.000000000000000000e+00
0.000000000000000000e+00 0.000000000000000000e+00 0.000000000000000000e+00 0.000000000000000000e+00 0.000000000000000000e+00 -8.193846214709780355e-08 9.950963080393394833e+00 0.000000000000000000e+00 0.000000000000000000e+00 0.000000000000000000e+00 2.134526227028964485e+01 0.000000000000000000e+00 -5.576123073415311993e+00 2.316993178496933226e+01 0.000000000000000000e+00 -6.233462456044621902e+00 6.909496949419455802e-01 2.855251658130116166e+00 1.019237965447988792e+01 0.000000000000000000e+00 -4.690961598092052043e+00 1.282609618394244855e+01 1.407497011619425864e+00 1.091761088628925735e+00 0.000000000000000000e+00
0.000000000000000000e+00 0.000000000000000000e+00 0.000000000000000000e+00 0.000000000000000000e+00 0.000000000000000000e+00 0.000000000000000000e+00 0.000000000000000000e+00 0.000000000000000000e+00 0.000000000000000000e+00 0.000000000000000000e+00 1.921534554834222419e+00 -1.427081782758729567e+01 2.024944212096911045e+01 9.257710739560655711e+00 0.000000000000000000e+00 -1.877023450354010592e+01 -4.108408166224751135e+00 3.602155138251441180e+00 -9.585296643443787928e-03 0.000000000000000000e+00 1.084503021163162328e-01 4.079162534577998045e+00 3.305330778613572384e+00 -6.756348743607029306e+00 0.000000000000000000e+00
0.000000000000000000e+00 0.000000000000000000e+00 0.000000000000000000e+00 0.000000000000000000e+00 0.000000000000000000e+00 1.744133607987736045e-13 0.000000000000000000e+00 0.000000000000000000e+00 0.000000000000000000e+00 -1.470078360246668825e-01 1.936464467427695268e+01 2.063903150869388270e+01 1.940971657521800342e+00 2.487047427323152896e-09 0.000000000000000000e+00 1.226091571769709887e+01 9.971244996577613762e+00 -1.596591491346350544e+01 -1.447829510684226584e+01 0.000000000000000000e+00 -1.475989440721859758e+01 -9.541648015195558497e-01 -8.043066076516945939e-01 1.972542951933104050e+01 8.610649698408182643e-14
0.000000000000000000e+00 0.000000000000000000e+00 0.000000000000000000e+00 0.000000000000000000e+00 0.000000000000000000e+00 -6.523897261796690827e+00 -7.808047574300317484e-01 0.000000000000000000e+00 -3.935657633937344801e+00 -7.691780458121421304e+00 5.083222528099724524e-01 -2.756823222970257170e+00 0.000000000000000000e+00 0.000000000000000000e+00 0.000000000000000000e+00 1.012503168927187680e+01 -8.608268336503585930e-03 1.732910828388752122e+01 8.290962784168268485e+00 0.000000000000000000e+00 -2.645886656801796377e+01 8.332865255795489645e+00 1.614300542410660810e+01 4.938899262115353572e+00 -7.356896765443726949e+00
0.000000000000000000e+00 0.000000000000000000e+00 0.000000000000000000e+00 0.000000000000000000e+00 0.000000000000000000e+00 -1.715895199281326100e+01 -1.297763373552928989e+01 0.000000000000000000e+00 -1.274956734951435777e+01 -1.870994914681525856e+01 -6.568358344039213037e+00 -2.171807151031741867e+01 0.000000000000000000e+00 -7.369931085893630107e-02 -7.941629319694976097e-01 2.450137076565174432e+00 5.034477386903898122e+00 -5.843080373130684180e+00 -7.650930226919754051e-02 -7.168572791209119721e+00 -2.462130482626869465e+01 -2.781578012480987017e+00 -3.641197395579177432e+00 9.415505464450840023e+00 -1.714682972802773975e+01
0.000000000000000000e+00 0.000000000000000000e+00 0.000000000000000000e+00 0.000000000000000000e+00 0.000000000000000000e+00 -2.746369130173061635e+01 -1.898380822820297453e+01 0.000000000000000000e+00 -1.987293546272927003e+01 -2.851346282739562099e+01 -1.825553883217745010e+01 2.839057696108040574e+01 -5.444727344798260793e-11 -1.431049979393657701e+01 -1.752884724987858078e+01 -2.258257676018165228e+01 -1.558973292256486953e-01 8.570509700193454705e+00 -1.225443830738695006e+01 -2.422780870903431349e+01 -2.229773290160169807e+01 -1.532496050058753134e+01 6.902966789435542871e-01 -8.506305874761848074e+00 -2.057379611146706822e+01
