# yaw
0.000000000000000000e+00 0.000000000000000000e+00 0.000000000000000000e+00 0.000000000000000000e+00 0.000000000000000000e+00 3.000000000000000000e+01 -1.700078118292734786e+01 0.000000000000000000e+00 -1.598166178651582925e+01 3.000000000000000000e+01 3.000000000000000000e+01 3.000000000000000000e+01 -1.516231619111078643e+01 3.000000000000000000e+01 3.000000000000000000e+01 3.000000000000000000e+01 2.747892461360789085e+01 2.011091438794756492e+00 1.284915504855590562e+01 3.000000000000000000e+01 3.000000000000000000e+01 -2.870464152349704534e+01 -1.582992092726148847e+01 -3.000000000000000000e+01 3.000000000000000000e+01
0.000000000000000000e+00 0.000000000000000000e+00 0.000000000000000000e+00 0.000000000000000000e+00 0.000000000000000000e+00 3.000000000000000000e+01 -1.919153647489299885e+01 0.000000000000000000e+00 -1.792106516995895404e+01 3.000000000000000000e+01 2.020983326077415043e+01 2.110804447193118349e+01 -2.293448152033071707e+01 2.741964583121853494e+01 2.646701544214204205e+01 2.447388264346185949e+01 1.787560445278050025e+01 -1.696286752214514948e+01 4.966003111489269289e-02 3.000000000000000000e+01 2.112303724311855646e+01 3.000000000000000000e+01 2.569097834003391156e+01 -3.000000000000000000e+01 2.244922747906436200e+01
0.000000000000000000e+00 0.000000000000000000e+00 0.000000000000000000e+00 0.000000000000000000e+00 0.000000000000000000e+00 1.617621914163040842e+01 2.226495572196219186e+01 0.000000000000000000e+00 -2.709897865521129745e+01 2.310892606771251323e+01 9.692470619626456951e+00 1.318459732076515234e+00 2.258643553611257460e+01 1.602455048686060124e+01 2.282830315403171184e+01 1.273477902569286968e+01 7.879102650043048328e+00 -1.138639890011320155e+00 -6.293768293352136389e+00 2.514705929294327191e+01 1.715282111246387586e+01 3.000000000000000000e+01 5.571072947204526393e+00 -2.542121316299075673e+01 2.778682749783972383e+01
0.000000000000000000e+00 0.000000000000000000e+00 0.000000000000000000e+00 0.000000000000000000e+00 0.000000000000000000e+00 1.441750171517267098e+01 2.163883059818890331e+01 0.000000000000000000e+00 3.000000000000000000e+01 1.786276936542278904e+01 0.000000000000000000e+00 -8.590232841735623737e+00 1.019413422223447441e+01 3.705472004522251339e+00 7.320178798269046716e+00 0.000000000000000000e+00 3.000000000000000000e+01 -2.396598252046349842e+01 -3.000000000000000000e+01 3.000000000000000000e+01 1.498857895773883797e+01 3.000000000000000000e+01 2.011552742919229431e+01 -3.000000000000000000e+01 1.426930189566982854e+01
0.000000000000000000e+00 0.000000000000000000e+00 0.000000000000000000e+00 0.000000000000000000e+00 0.000000000000000000e+00 1.457492886087317085e+00 1.865791619125129941e+01 0.000000000000000000e+00 2.675578610549261072e+01 1.255421395736206591e+01 0.000000000000000000e+00 -2.416279841161190234e+01 1.220211051523765189e+00 -8.165974656034862278e+00 3.000000000000000000e+01 0.000000000000000000e+00 2.680087535171330515e+01 8.376576101439169308e-01 3.000000000000000000e+01 1.344490695141269399e+01 1.068464017687004564e+01 3.000000000000000000e+01 -2.515711901986540600e+00 3.000000000000000000e+01 3.556594704978615074e+00
0.000000000000000000e+00 0.000000000000000000e+00 0.000000000000000000e+00 0.000000000000000000e+00 0.000000000000000000e+00 0.000000000000000000e+00 1.851450005221422401e+01 0.000000000000000000e+00 1.602637812171699139e+01 5.681971024375040535e+00 0.000000000000000000e+00 -3.000000000000000000e+01 -1.694119572770302540e+01 -2.506992246348079334e+01 2.158850260070769522e+01 0.000000000000000000e+00 -2.051384648843099967e+01 -2.324899597391018702e+01 2.537185063599424240e+01 3.164178999902800715e+00 5.013802786729414152e+00 3.000000000000000000e+01 2.244994628054011443e+01 2.082450009382603184e+01 8.738856509101486481e+00
0.000000000000000000e+00 0.000000000000000000e+00 0.000000000000000000e+00 0.000000000000000000e+00 0.000000000000000000e+00 0.000000000000000000e+00 7.917552170657324417e+00 0.000000000000000000e+00 1.948185753333867254e+01 1.034084985930988199e-10 0.000000000000000000e+00 3.000000000000000000e+01 3.000000000000000000e+01 3.000000000000000000e+01 3.554660124956130041e+00 0.000000000000000000e+00 3.000000000000000000e+01 3.000000000000000000e+01 -3.592237645841022786e+00 2.319514001625271860e+01 0.000000000000000000e+00 1.678821789744278803e+01 -4.305986104412921733e+00 2.819299412109170433e+01 -1.700956077950187506e+01
0.000000000000000000e+00 0.000000000000000000e+00 0.000000000000000000e+00 0.000000000000000000e+00 0.000000000000000000e+00 0.000000000000000000e+00 1.538821142477282689e-01 0.000000000000000000e+00 1.319144403350529338e+01 -1.465751038963615249e-01 0.000000000000000000e+00 2.109565279453593689e+01 2.308517114552752147e+01 2.395186290337088408e+01 -1.417114947055942054e+01 0.000000000000000000e+00 2.044488551701151025e+01 1.590824048167372418e+01 -1.584655170510100852e+01 -5.030054858383501415e-01 0.000000000000000000e+00 1.013358562228964388e+01 4.261441255204319489e+00 1.918856659947286047e+01 1.700035397292413464e+01
0.000000000000000000e+00 0.000000000000000000e+00 0.000000000000000000e+00 0.000000000000000000e+00 0.000000000000000000e+00 0.000000000000000000e+00 -8.568286958037679923e+00 8.043032989966316967e-11 1.956312188094500915e+00 -1.137407973026134655e+01 0.000000000000000000e+00 4.292843832158789397e+00 6.803469813737776928e-01 1.465930430640485937e+01 5.076393223365174734e+00 0.000000000000000000e+00 3.374348293232195761e+00 -1.664837586806833869e+01 2.081757510341632056e+01 -2.479111193413163505e+01 0.000000000000000000e+00 -3.219050123489776372e+00 -1.826667632490346449e+01 5.585660157130200254e+00 -1.097670057732176652e+01
0.000000000000000000e+00 0.000000000000000000e+00 0.000000000000000000e+00 0.000000000000000000e+00 0.000000000000000000e+00 0.000000000000000000e+00 -2.053042594365372153e+01 -5.018171730720998234e-10 0.000000000000000000e+00 -1.967434234288955963e+01 0.000000000000000000e+00 -8.680031801362923446e-03 -1.885762507260723808e+01 2.753485390112330577e+01 1.321746990976844849e+01 0.000000000000000000e+00 0.000000000000000000e+00 -2.065635923076934777e+00 3.251505200685948171e+00 2.441437561567842351e+01 0.000000000000000000e+00 -1.744221141994046675e+01 1.868935493777139456e+01 8.726552469982184590e+00 -2.541674025695770212e+01
0.000000000000000000e+00 0.000000000000000000e+00 0.000000000000000000e+00 0.000000000000000000e+00 0.000000000000000000e+00 0.000000000000000000e+00 -2.853083524184143727e+01 -1.587754900091311162e-15 -8.432900697693190395e+00 -2.294745726762188909e+01 0.000000000000000000e+00 -2.166805199671698823e+00 1.113177946625487635e+01 5.320730291129008194e+00 -1.169704591221308831e+01 0.000000000000000000e+00 0.000000000000000000e+00 -1.755465039634447777e+01 1.901464149496429457e+01 7.429160926263010722e+00 0.000000000000000000e+00 -2.141062965509789962e+01 1.189285361391904061e+01 -1.462709905729177251e+01 -2.155566381515184915e+01
0.000000000000000000e+00 0.000000000000000000e+00 0.000000000000000000e+00 0.000000000000000000e+00 0.000000000000000000e+00 0.000000000000000000e+00 3.000000000000000000e+01 2.323672279968748160e-13 -1.619889619461884678e+01 2.900581503169967945e+01 0.000000000000000000e+00 -1.236131863483140236e+01 -2.232105910239899771e+01 1.794285774440536585e+01 -2.200018371623612978e+01 0.000000000000000000e+00 0.000000000000000000e+00 -2.161744141774752848e+01 4.939914809093044035e+00 -7.583490140004541802e-01 0.000000000000000000e+00 3.000000000000000000e+01 3.343736277961012249e+00 2.379552372791445691e+01 3.000000000000000000e+01
0.000000000000000000e+00 0.000000000000000000e+00 0.000000000000000000e+00 0.000000000000000000e+00 1.983864235226873519e-15 0.000000000000000000e+00 2.754779532514481133e+01 -8.566805297897952087e+00 -1.463746720966798165e+01 1.991881843408462061e+01 0.000000000000000000e+00 -2.138364194957985731e+01 3.000000000000000000e+01 1.953166599207668952e+01 2.183815360895876623e+01 0.000000000000000000e+00 0.000000000000000000e+00 2.223705957464349581e+01 -1.315948015994021603e+01 6.481321039329369427e+00 0.000000000000000000e+00 2.196162743001730178e+01 -5.874680874588359636e+00 -7.564797137082941436e-01 3.000000000000000000e+01
0.000000000000000000e+00 -4.337981462179924669e-02 -8.468646608906761131e+00 0.000000000000000000e+00 3.431481491369403393e-14 0.000000000000000000e+00 1.165506381440243366e+01 -1.162906332055707992e+01 -2.379839750773614071e+01 2.826124794888663416e+00 0.000000000000000000e+00 -2.355526633570826789e+01 1.975184733695132167e+01 -2.602691270143289159e+00 5.828314593389094966e+00 0.000000000000000000e+00 0.000000000000000000e+00 -1.372547033985768117e+01 2.440125973829474759e+01 0.000000000000000000e+00 0.000000000000000000e+00 1.089295047023788854e+01 -1.787833254342980638e+01 -9.902278213136831653e+00 1.219980110451888144e+01
0.000000000000000000e+00 -8.298725077357435254e+00 -1.998387708355258141e+01 -7.500721706540134370e-01 -1.418920245217764275e+00 0.000000000000000000e+00 4.034871989466594755e+00 -6.728490152722669038e+00 -7.990287506173714860e+00 -2.816527194464993755e+01 0.000000000000000000e+00 2.658756151008747182e+01 8.599419960003726882e-01 -2.524828696552624052e+01 6.057004459211387193e+00 0.000000000000000000e+00 -5.438576334060038597e+00 -2.851731272166711761e+01 4.237977155348466418e+00 -1.038216000075900602e+01 0.000000000000000000e+00 -2.958334038090102425e+00 -3.000000000000000000e+01 -1.541779886039316594e+01 2.993551145101125410e-01
0.000000000000000000e+00 -1.586203107379080635e+01 -1.665878197997652066e+01 -1.410821279768656566e+01 -1.177140509759665221e+01 0.000000000000000000e+00 0.000000000000000000e+00 -1.975908347678821997e+01 3.000000000000000000e+01 3.000000000000000000e+01 0.000000000000000000e+00 2.465665604144697198e+01 -1.416191269196909275e+01 3.000000000000000000e+01 -4.714625986604077147e-03 0.000000000000000000e+00 -9.015708737863104005e+00 -3.000000000000000000e+01 -7.302711332744043637e-16 1.920350131153904982e+01 0.000000000000000000e+00 -1.446712544644355347e+01 1.781283698894220180e+01 -3.000000000000000000e+01 -1.542829191428730695e+01
0.000000000000000000e+00 -2.460954284725867680e+01 -2.158689965739256778e+01 -2.200273031765688359e+01 -1.544451347877306624e+01 0.000000000000000000e+00 3.392443492078668605e-08 -2.909363361791336544e+01 1.301966686006036333e+01 -3.000000000000000000e+01 0.000000000000000000e+00 1.157462120346581180e+01 1.648114889679208872e+01 2.003042431224700692e+01 -1.199285950337705486e+01 0.000000000000000000e+00 -1.838758778594888810e+01 -3.000000000000000000e+01 0.000000000000000000e+00 -1.546701557950081796e+00 0.000000000000000000e+00 -2.480658790741751929e+01 -2.233696658170307003e+01 -3.000000000000000000e+01 -2.918745092234495786e+01
0.000000000000000000e+00 -3.000000000000000000e+01 -3.000000000000000000e+01 -3.000000000000000000e+01 -2.003202163554693271e+01 0.000000000000000000e+00 -7.963309065259224440e+00 -3.000000000000000000e+01 -2.333398319850648051e+01 -2.404643063587220908e+01 0.000000000000000000e+00 7.334382663433482996e+00 0.000000000000000000e+00 9.645182061319699685e+00 2.265119394055998114e+01 0.000000000000000000e+00 -2.504608573142080630e+01 -3.000000000000000000e+01 -1.674031025293900754e+01 -1.501388750089382818e+01 0.000000000000000000e+00 -3.000000000000000000e+01 -3.000000000000000000e+01 -3.000000000000000000e+01 -2.617851483607720198e+01
0.000000000000000000e+00 0.000000000000000000e+00 3.000000000000000000e+01 3.000000000000000000e+01 3.000000000000000000e+01 0.000000000000000000e+00 -1.494892866599782977e+01 3.000000000000000000e+01 -3.000000000000000000e+01 3.000000000000000000e+01 0.000000000000000000e+00 -3.114436764131517239e-08 8.720326628475806290e-10 -1.491871290685178941e+01 1.020397957924681975e+01 0.000000000000000000e+00 2.913547783081015652e+01 3.000000000000000000e+01 3.000000000000000000e+01 -2.192740004841357759e+01 0.000000000000000000e+00 3.000000000000000000e+01 3.000000000000000000e+01 3.000000000000000000e+01 3.000000000000000000e+01
0.000000000000000000e+00 3.000000000000000000e+01 3.000000000000000000e+01 3.000000000000000000e+01 1.811446555922858437e+01 0.000000000000000000e+00 -1.681560273603802003e+01 3.000000000000000000e+01 1.791217780258306291e+01 2.369097850691225915e+01 0.000000000000000000e+00 0.000000000000000000e+00 -4.256756613433849701e+00 -1.256610304830304337e+01 -4.766150887616692200e-03 0.000000000000000000e+00 2.143581229461454285e+01 3.000000000000000000e+01 1.812393777876045675e+01 3.000000000000000000e+01 0.000000000000000000e+00 2.954973331887171639e+01 2.605662566289176496e+01 3.000000000000000000e+01 2.270018462496139477e+01
0.000000000000000000e+00 2.906997194088338077e+01 2.103760973971322201e+01 2.787613798076275273e+01 2.749067162156387312e+01 0.000000000000000000e+00 -2.930536317313639572e+01 2.334807344000524765e+01 0.000000000000000000e+00 2.028216431096359429e+01 0.000000000000000000e+00 0.000000000000000000e+00 -2.345970589093606407e+01 2.112404246046315848e+01 -1.212227610531406441e+01 0.000000000000000000e+00 1.453253399943952751e+01 2.660538828679136358e+01 -2.456640098309496167e+01 -3.000000000000000000e+01 0.000000000000000000e+00 1.539519923748314412e+01 2.097904816227706348e+01 2.690586945803084262e+01 1.612600317555210339e+01
0.000000000000000000e+00 2.401838072610003749e+01 1.939949578110184802e+01 3.000000000000000000e+01 1.294575606286796798e+01 0.000000000000000000e+00 0.000000000000000000e+00 2.371701985297076121e+01 0.000000000000000000e+00 -1.221427762145269291e+01 0.000000000000000000e+00 0.000000000000000000e+00 2.231846386268151150e+01 9.446602204574617856e-01 3.000000000000000000e+01 0.000000000000000000e+00 1.280595836118207664e+01 1.494097048828270502e+01 3.000000000000000000e+01 3.000000000000000000e+01 0.000000000000000000e+00 9.168329428828791094e+00 1.227204105794566225e+01 2.339525716835023417e+01 1.508792095886179396e+01
0.000000000000000000e+00 1.250502048849286396e+01 1.377843298362993707e+01 1.761481313214564892e+01 -2.565392414486306283e+00 0.000000000000000000e+00 2.262281416467819994e+01 -3.000000000000000000e+01 -1.802618967925996785e+01 -4.427339291368393326e+00 0.000000000000000000e+00 0.000000000000000000e+00 -8.017395008084017505e+00 -2.325838100002268405e+01 2.355897501717689124e+01 0.000000000000000000e+00 -4.130316796740252094e+00 5.523715706618533616e+00 2.743912318651911164e+01 3.000000000000000000e+01 0.000000000000000000e+00 0.000000000000000000e+00 0.000000000000000000e+00 8.232667112571492751e+00 6.365188528675258084e+00
0.000000000000000000e+00 0.000000000000000000e+00 0.000000000000000000e+00 0.000000000000000000e+00 0.000000000000000000e+00 0.000000000000000000e+00 0.000000000000000000e+00 0.000000000000000000e+00 0.000000000000000000e+00 0.000000000000000000e+00 0.000000000000000000e+00 0.000000000000000000e+00 0.000000000000000000e+00 0.000000000000000000e+00 0.000000000000000000e+00 0.000000000000000000e+00 0.000000000000000000e+00 0.000000000000000000e+00 0.000000000000000000e+00 0.000000000000000000e+00 0.000000000000000000e+00 0.000000000000000000e+00 0.000000000000000000e+00 0.000000000000000000e+00 0.000000000000000000e+00
0.000000000000000000e+00 0.000000000000000000e+00 0.000000000000000000e+00 0.000000000000000000e+00 0.000000000000000000e+00 0.000000000000000000e+00 0.000000000000000000e+00 0.000000000000000000e+00 0.000000000000000000e+00 0.000000000000000000e+00 0.000000000000000000e+00 0.000000000000000000e+00 0.000000000000000000e+00 0.000000000000000000e+00 0.000000000000000000e+00 0.000000000000000000e+00 0.000000000000000000e+00 0.000000000000000000e+00 0.000000000000000000e+00 0.000000000000000000e+00 0.000000000000000000e+00 0.000000000000000000e+00 0.000000000000000000e+00 0.000000000000000000e+00 0.000000000000000000e+00
0.000000000000000000e+00 0.000000000000000000e+00 0.000000000000000000e+00 0.000000000000000000e+00 0.000000000000000000e+00 0.000000000000000000e+00 0.000000000000000000e+00 0.000000000000000000e+00 0.000000000000000000e+00 0.000000000000000000e+00 0.000000000000000000e+00 0.000000000000000000e+00 0.000000000000000000e+00 0.000000000000000000e+00 0.000000000000000000e+00 0.000000000000000000e+00 0.000000000000000000e+00 0.000000000000000000e+00 0.000000000000000000e+00 0.000000000000000000e+00 0.000000000000000000e+00 0.000000000000000000e+00 0.000000000000000000e+00 0.000000000000000000e+00 0.000000000000000000e+00
0.000000000000000000e+00 0.000000000000000000e+00 0.000000000000000000e+00 0.000000000000000000e+00 0.000000000000000000e+00 0.000000000000000000e+00 0.000000000000000000e+00 0.000000000000000000e+00 0.000000000000000000e+00 0.000000000000000000e+00 0.000000000000000000e+00 0.000000000000000000e+00 0.000000000000000000e+00 0.000000000000000000e+00 0.000000000000000000e+00 0.000000000000000000e+00 0.000000000000000000e+00 0.000000000000000000e+00 0.000000000000000000e+00 0.000000000000000000e+00 0.000000000000000000e+00 0.000000000000000000e+00 0.000000000000000000e+00 0.000000000000000000e+00 0.000000000000000000e+00
0.000000000000000000e+00 -2.657991591708187329e+01 -2.640051856132872388e+01 -1.998972217546779362e+01 2.890520774097932133e+01 0.000000000000000000e+00 -1.386024923781885398e+01 1.477999653996726082e+01 3.000000000000000000e+01 -1.090991006479422332e+01 0.000000000000000000e+00 -3.000000000000000000e+01 -1.226418391974961253e+01 2.584998237804417442e+01 2.968481519181259998e+01 0.000000000000000000e+00 2.095931710829536954e+01 0.000000000000000000e+00 -2.426970192129437720e+01 3.000000000000000000e+01 0.000000000000000000e+00 0.000000000000000000e+00 0.000000000000000000e+00 0.000000000000000000e+00 0.000000000000000000e+00
0.000000000000000000e+00 3.000000000000000000e+01 -3.000000000000000000e+01 8.499878382077536543e+00 2.046885738615235439e+01 0.000000000000000000e+00 -3.000000000000000000e+01 1.841923318130095008e-02 1.881615390829139045e+01 9.396070003881538568e+00 0.000000000000000000e+00 3.000000000000000000e+01 3.000000000000000000e+01 3.229128165494942748e-01 1.040401546494920915e+01 0.000000000000000000e+00 1.341601384208003189e+01 0.000000000000000000e+00 -3.000000000000000000e+01 2.557967297619430624e+01 0.000000000000000000e+00 0.000000000000000000e+00 0.000000000000000000e+00 0.000000000000000000e+00 0.000000000000000000e+00
0.000000000000000000e+00 2.323012479843050215e+01 2.676294114447996719e+01 -2.072521225908830544e+01 1.080843085206148935e+01 0.000000000000000000e+00 3.000000000000000000e+01 -1.621108346813616308e+01 3.667439444742048860e+00 -1.587127466598523284e+01 0.000000000000000000e+00 2.576956930727004647e+01 1.638341383460074141e+01 -2.470642501447998640e+01 -1.001657468019074138e+01 0.000000000000000000e+00 7.951340196647195269e-01 0.000000000000000000e+00 3.000000000000000000e+01 1.294197702481629264e+01 0.000000000000000000e+00 0.000000000000000000e+00 0.000000000000000000e+00 0.000000000000000000e+00 0.000000000000000000e+00
0.000000000000000000e+00 1.212887165183442306e+01 1.613839306598730516e+01 3.000000000000000000e+01 -6.072354580817591163e+00 0.000000000000000000e+00 1.973410430740853272e+01 2.767918290557303962e+01 8.500538978930990419e-01 5.250486646218202935e+00 0.000000000000000000e+00 3.000000000000000000e+01 -2.967427596208346507e+00 1.570298658587251417e+01 -1.552513628573927384e+01 0.000000000000000000e+00 8.135945750424121576e-17 0.000000000000000000e+00 2.781654659243633887e+01 9.058911958612706483e-01 0.000000000000000000e+00 0.000000000000000000e+00 0.000000000000000000e+00 0.000000000000000000e+00 0.000000000000000000e+00
3.782175749910948994e-11 -4.679163382034205121e+00 2.150885390410127229e+01 2.141480441769773435e+01 -6.244074679824703544e+00 0.000000000000000000e+00 3.495709510630976569e-01 1.328263774657033203e+01 -8.985383212506315331e+00 -1.447755108723069029e+01 0.000000000000000000e+00 1.966373308989849278e+01 1.471246928814854904e+01 -5.449361158345826794e+00 3.908755893284965310e+00 -5.006433071457439432e+00 0.000000000000000000e+00 0.000000000000000000e+00 1.534439714049122117e+01 -2.347271815047612620e+00 0.000000000000000000e+00 0.000000000000000000e+00 0.000000000000000000e+00 0.000000000000000000e+00 0.000000000000000000e+00
-5.140324818667519224e+00 1.747987046910259323e+01 -2.074925961054998158e+00 1.071715423270286927e+01 -1.965805022132580504e+01 -5.562064936950007477e-01 -1.314800132027536606e+01 1.449016292121770277e+01 5.631555345358819409e+00 1.475642801432379692e+01 0.000000000000000000e+00 4.857674520738936019e-01 2.296051710993114031e-02 -2.721522383442583859e+01 -8.796672531826713382e+00 -9.207234629354388744e+00 1.165310437859262280e-18 0.000000000000000000e+00 7.896195404562917020e+00 -1.112841271811186417e+01 0.000000000000000000e+00 0.000000000000000000e+00 0.000000000000000000e+00 0.000000000000000000e+00 0.000000000000000000e+00
-1.064861616708469860e+01 -1.694334502549618549e+01 -1.489402182771216054e+01 5.639181252902985442e+00 1.658146432300622664e+01 -9.273739683752239671e+00 1.407999888610733663e+01 1.577135134248823434e+01 -1.385508809995208601e+01 -2.696850279450553600e+01 0.000000000000000000e+00 -1.676105703160424198e+01 -6.996674080802149476e+00 -1.013672865324890315e+00 -1.793624428731868292e+01 -1.446783949695215732e+01 -7.520857786674052248e-01 0.000000000000000000e+00 1.639657117860678026e+00 -1.840401225962242648e+01 0.000000000000000000e+00 0.000000000000000000e+00 0.000000000000000000e+00 0.000000000000000000e+00 0.000000000000000000e+00
-1.258464173678595444e+01 3.592814855868593948e+00 1.666944321078985070e+01 -1.177938666524246791e+01 -1.099789108289126816e+01 -2.266634124772142300e+01 -9.501676699584121977e+00 2.040234109621159083e-03 -2.555015014011972951e+00 -3.000000000000000000e+01 -9.418618618588663338e+00 -1.576187166395003558e+01 1.623649774730064621e+01 -2.100043708229211603e+01 -2.052805935161163120e+01 -1.967024082846406330e+01 -7.381869688919783457e+00 0.000000000000000000e+00 -1.987485183461332072e+00 -2.617017718108896318e+01 0.000000000000000000e+00 0.000000000000000000e+00 0.000000000000000000e+00 0.000000000000000000e+00 0.000000000000000000e+00
-1.999723951274792100e+01 -1.579819294306830813e+01 6.709895051148439649e+00 -5.581878949698268144e+00 -1.921830592797747883e+01 -2.892340119680607913e+01 -2.261701675157222269e+01 -1.563643659849411982e+01 -2.438300169696131903e+01 -3.000000000000000000e+01 -2.454885560750934914e+01 -2.702673934497151009e+01 2.049189392159505907e+00 -3.000000000000000000e+01 -3.000000000000000000e+01 -2.914592944886888404e+01 -1.448099310318955268e+01 0.000000000000000000e+00 -1.592626644436605510e+01 -3.000000000000000000e+01 0.000000000000000000e+00 0.000000000000000000e+00 0.000000000000000000e+00 0.000000000000000000e+00 0.000000000000000000e+00
3.000000000000000000e+01 -2.967231371240999138e+01 -3.387408598204494359e-02 -3.000000000000000000e+01 2.984486224386428077e+01 3.000000000000000000e+01 2.558240628325848931e+01 -1.027974704388130789e+01 1.184321306449155209e+01 3.000000000000000000e+01 3.000000000000000000e+01 -3.000000000000000000e+01 -1.729030618682937614e+01 3.000000000000000000e+01 3.000000000000000000e+01 3.000000000000000000e+01 -1.813100543424729594e+01 0.000000000000000000e+00 -1.315147635252603386e+01 3.000000000000000000e+01 0.000000000000000000e+00 0.000000000000000000e+00 0.000000000000000000e+00 0.000000000000000000e+00 0.000000000000000000e+00
2.022590377602931966e+01 3.000000000000000000e+01 -5.457435659238525361e+00 -4.728963760337142830e+00 1.648410541026988341e+01 2.255656645665927940e+01 1.390876153613845645e+01 -2.393662433600384531e+01 9.567705730830605715e-02 2.468572018327478546e+01 1.804267382732670910e+01 2.655745830019812814e+01 2.420765950511067643e+01 3.000000000000000000e+01 2.642095230489738711e+01 2.609743763176405906e+01 -1.311368853753105412e+01 0.000000000000000000e+00 -1.400144535414847446e+01 2.819553319331596697e+01 0.000000000000000000e+00 0.000000000000000000e+00 0.000000000000000000e+00 0.000000000000000000e+00 0.000000000000000000e+00
2.019590452414438175e+01 3.000000000000000000e+01 -8.711430588655490193e-02 -1.940846067405047037e+01 1.414181094092656821e+01 1.314142027632793841e+01 -1.843322638244435929e-01 2.650290890836112823e+01 -1.543093481227684549e+01 1.439834726635568707e+01 7.776632411759278440e+00 7.939381048788596296e+00 5.283663521024232423e+00 2.081715256202101116e+01 1.906250066988744862e+01 1.934399953083460133e+01 -1.718015097392168400e+01 4.906551170753970954e-17 -1.648785558628766879e+01 1.717883566370573334e+01 0.000000000000000000e+00 0.000000000000000000e+00 0.000000000000000000e+00 0.000000000000000000e+00 0.000000000000000000e+00
2.015981124967961691e+01 2.673428149482110783e+01 1.525259644376652446e+01 3.000000000000000000e+01 1.254844505737961669e+01 -1.182763067254676947e+01 -1.392701893201735608e+01 2.195956218549136452e+01 3.000000000000000000e+01 5.463004260457923200e-01 -1.974251148591020782e-03 1.472868336358358621e-01 -1.597027895542669107e+01 1.192835561763158836e+01 9.651289995652490461e+00 1.508441971248114832e+01 1.914554789173064364e+01 6.770596073158721958e-17 2.195510071775886018e+01 1.344862369939173874e+01 0.000000000000000000e+00 0.000000000000000000e+00 0.000000000000000000e+00 0.000000000000000000e+00 0.000000000000000000e+00
1.047146626977401951e+01 2.401257110807010164e+01 -6.015372562172137449e+00 3.000000000000000000e+01 9.236623237612850090e+00 1.501517913289225703e+01 4.424064875188656210e+00 1.928623231396664250e+00 3.000000000000000000e+01 0.000000000000000000e+00 -6.782504838793892432e+00 -4.417635755379540008e+00 2.460900099388777917e+01 5.954454139902225940e+00 1.086364719382161681e+01 1.093862594099734054e+01 1.817150306741998378e+01 -5.208482256115783661e-20 2.254559846399807554e+01 4.299097226361678459e+00 0.000000000000000000e+00 0.000000000000000000e+00 0.000000000000000000e+00 0.000000000000000000e+00 0.000000000000000000e+00
9.268798531590137557e+00 1.628650335086352641e+01 -2.752247944902376986e+01 3.000000000000000000e+01 4.292061376796680428e+00 -1.558764071844725052e+01 1.282220106839199580e+01 -7.238387611043084924e+00 3.000000000000000000e+01 0.000000000000000000e+00 -2.422136786458891677e+01 -1.689441924241941351e+01 8.953962880816117575e+00 4.574369963036814646e+00 2.787437020450459269e+00 5.012214665080727549e+00 1.242568780065109380e+01 -1.736793529342801959e-22 1.670854217818073195e+01 0.000000000000000000e+00 0.000000000000000000e+00 0.000000000000000000e+00 0.000000000000000000e+00 0.000000000000000000e+00 0.000000000000000000e+00
-8.650569736998805936e+00 1.706303802426741001e+01 -2.346871913148835986e+01 1.804785242176902216e+01 0.000000000000000000e+00 2.932017400607258395e+01 2.413473822720272111e+00 2.318626173100328813e+00 2.034525131926861974e+01 0.000000000000000000e+00 2.631763102532842069e+01 3.000000000000000000e+01 -2.039788765800431136e+01 5.308909285312016779e-01 1.197400561800318971e-16 0.000000000000000000e+00 1.649645863470940554e+01 1.087063681338752590e-19 9.673092381834157649e+00 0.000000000000000000e+00 0.000000000000000000e+00 0.000000000000000000e+00 0.000000000000000000e+00 0.000000000000000000e+00 0.000000000000000000e+00
2.988196609510292978e-01 9.761509070561455559e+00 2.124407830680439346e+01 6.970733572894864061e+00 0.000000000000000000e+00 2.152142541443589252e+01 -1.329913773441236557e+01 -1.108284694324687258e+01 1.903303558755949965e+01 0.000000000000000000e+00 1.846551553222956343e+01 1.510008358179196541e+01 1.758916050860634783e+01 -3.493921665568355822e-16 4.664315161432184975e-16 -3.908114931624331080e-15 9.986076677723653816e+00 -3.756577912732231950e-15 3.527317141528429012e+00 0.000000000000000000e+00 0.000000000000000000e+00 0.000000000000000000e+00 0.000000000000000000e+00 0.000000000000000000e+00 0.000000000000000000e+00
-1.703100732536837114e+01 -6.653735601271842270e+00 9.093626567023173735e+00 -5.457819854314274188e+00 0.000000000000000000e+00 1.308344416858392911e+01 1.641111106039433309e+01 5.350994852264415513e+00 7.604678695945166211e+00 0.000000000000000000e+00 1.372029655260954861e+01 -1.275502005823938667e+01 -1.127901188335001237e+01 1.966877129606278189e-15 3.562736123962327249e-18 -7.106509755842034259e+00 1.510996515031648002e+00 -8.163631937915696304e-15 -1.838359845564099038e+00 0.000000000000000000e+00 0.000000000000000000e+00 0.000000000000000000e+00 0.000000000000000000e+00 0.000000000000000000e+00 0.000000000000000000e+00
-2.529818162387156733e+01 -2.450457564990205128e+01 9.061638985792409784e+00 -1.682860282455416367e+01 0.000000000000000000e+00 4.097322967404369187e+00 4.816150224540959535e+00 -3.713581397229509751e+00 6.218117190406462907e-02 0.000000000000000000e+00 7.778612890422853532e+00 1.838104251253296084e+01 1.526171498989364395e+01 8.212688905466798056e-20 0.000000000000000000e+00 -1.569948028603438495e+01 -5.119299522342918074e+00 7.872399860846599916e-15 -1.381646159505848281e+01 0.000000000000000000e+00 0.000000000000000000e+00 0.000000000000000000e+00 0.000000000000000000e+00 0.000000000000000000e+00 0.000000000000000000e+00
-2.268712159178273069e+01 2.319531979943415578e+01 -1.366081851249577372e+00 -2.231606907825401009e+01 0.000000000000000000e+00 1.496519517575112523e+01 -1.583156560667072377e+01 -3.476145604978456038e+00 1.578654174505826726e-15 0.000000000000000000e+00 -1.800201173401390520e+01 -1.340091510520231566e+01 -6.307845392840458310e+00 4.407981011899552907e-16 0.000000000000000000e+00 -2.098258393871621763e+01 -1.456409750723779517e+01 3.806827686961584679e-15 -2.345621372352492884e+01 0.000000000000000000e+00 0.000000000000000000e+00 0.000000000000000000e+00 0.000000000000000000e+00 0.000000000000000000e+00 0.000000000000000000e+00
3.000000000000000000e+01 1.244949199010099150e+00 1.177361684823872956e+01 2.781030573821091778e+01 0.000000000000000000e+00 1.885128575676992879e+00 -1.334498961485489588e+01 -1.942728431805247880e+01 -1.150673071176374104e-20 0.000000000000000000e+00 -6.764363841794907906e+00 1.591897846980385722e+01 -2.601200048721271685e+01 -4.359287116683486303e-20 0.000000000000000000e+00 3.000000000000000000e+01 -1.489205744214958393e+01 8.868885940817335210e-14 3.000000000000000000e+01 0.000000000000000000e+00 0.000000000000000000e+00 0.000000000000000000e+00 0.000000000000000000e+00 0.000000000000000000e+00 0.000000000000000000e+00
2.287181285304564327e+01 -3.500587880458196910e+00 -5.002782358386376416e+00 2.048082684602480086e+01 0.000000000000000000e+00 5.699209322514895426e+00 3.000000000000000000e+01 2.539272517040143740e+01 2.067854672254177367e-07 0.000000000000000000e+00 -1.475439575618887922e+01 -2.324326614101020283e+01 2.535735883624116838e+01 0.000000000000000000e+00 0.000000000000000000e+00 2.193867398558682424e+01 -1.635764383375394360e+01 -3.400552028015549677e+00 2.114028705241830508e+01 0.000000000000000000e+00 0.000000000000000000e+00 0.000000000000000000e+00 -2.588898772161148387e-01 0.000000000000000000e+00 0.000000000000000000e+00
1.626909956325938822e+01 -8.195759516333778194e+00 -1.577178881255212239e+01 9.917478645041786223e+00 0.000000000000000000e+00 -5.084731788668264585e+00 2.574167119586341812e+01 -1.600294075767476798e+01 -2.731829562340946982e+00 0.000000000000000000e+00 3.000000000000000000e+01 2.202231553838471001e+01 5.377123853308444446e+00 0.000000000000000000e+00 0.000000000000000000e+00 7.929717350775535856e+00 -2.266558368977910476e+01 -7.318819393574675480e+00 1.806965996407295094e+01 0.000000000000000000e+00 0.000000000000000000e+00 0.000000000000000000e+00 -1.071733951325356493e+01 -4.347745946095352698e-01 0.000000000000000000e+00
4.743252368286894338e-01 -1.422599204295379671e+01 -3.000000000000000000e+01 -5.349292489710665954e+00 0.000000000000000000e+00 8.788629654205692976e-01 1.337710797062291590e+01 -2.832182450178659394e+01 -7.525352430352368671e+00 0.000000000000000000e+00 2.466170162235902197e+01 2.617747913308483554e+00 -1.092071753679420354e+01 0.000000000000000000e+00 0.000000000000000000e+00 -7.402504065872050454e+00 3.000000000000000000e+01 -1.794357523094251050e+01 3.935672536002895239e+00 0.000000000000000000e+00 -7.098552412432754810e-01 -1.517019901804721460e+00 -1.080684714883689068e+01 -1.222166186382535713e+01 0.000000000000000000e+00
-1.208669813165250595e+01 -3.000000000000000000e+01 1.918862724894167471e+01 -1.385650214665420599e+01 0.000000000000000000e+00 -2.105649634061003894e+01 4.487286992056155333e-02 -3.000000000000000000e+01 -8.333905381182885819e+00 0.000000000000000000e+00 1.635957176066395391e+01 2.292902197803433495e+01 -2.054841522155522782e+01 0.000000000000000000e+00 0.000000000000000000e+00 -3.000000000000000000e+01 2.248141681909527634e+01 -2.082681973395994746e+01 -8.781467798944510657e-19 0.000000000000000000e+00 -1.047477286861952273e+01 -8.952677711912848224e+00 -1.616121293870620335e+01 -1.392510183503550181e+01 0.000000000000000000e+00
-2.545853173142523573e+01 -3.000000000000000000e+01 -1.812657181931096062e+01 -2.259825840254168838e+01 0.000000000000000000e+00 1.355124970582973276e+01 -1.798834579060466093e-02 -2.780474839879012805e+01 -1.733322752060004746e+01 0.000000000000000000e+00 2.271541122523321832e+01 2.367525911070095024e+00 1.813081780767346984e+01 0.000000000000000000e+00 0.000000000000000000e+00 -3.000000000000000000e+01 7.789526200569005354e+00 -2.752055299736510463e+01 -4.124504350028193045e+00 0.000000000000000000e+00 -1.352283030411245690e+01 -2.329426489653060983e+01 -1.998055538457448321e+01 -2.378208533614674991e+01 0.000000000000000000e+00
-2.259368046273342046e+01 -3.000000000000000000e+01 -2.968846434675465318e+01 -3.000000000000000000e+01 0.000000000000000000e+00 -4.627699391735298207e+00 -1.483909994882683314e+01 -3.000000000000000000e+01 -2.150591835121480955e+01 0.000000000000000000e+00 8.580707166795933816e+00 -1.679722785750406189e+01 7.695943519528237964e+00 0.000000000000000000e+00 0.000000000000000000e+00 -2.062749927324068366e+01 -2.199223285142452511e+01 -3.000000000000000000e+01 -1.333635681400306083e+01 0.000000000000000000e+00 -1.869806794152607310e+01 -3.000000000000000000e+01 -3.000000000000000000e+01 -3.000000000000000000e+01 0.000000000000000000e+00
3.000000000000000000e+01 3.000000000000000000e+01 3.000000000000000000e+01 3.000000000000000000e+01 0.000000000000000000e+00 -1.575365184282647846e+01 2.724846155020015459e+01 3.000000000000000000e+01 2.731969809325209297e+01 0.000000000000000000e+00 -9.349073669322216062e+00 1.120724635808476322e+01 3.877518956522717040e-15 0.000000000000000000e+00 0.000000000000000000e+00 3.000000000000000000e+01 -3.000000000000000000e+01 3.000000000000000000e+01 -2.122435551714122681e+01 0.000000000000000000e+00 3.000000000000000000e+01 3.000000000000000000e+01 3.000000000000000000e+01 3.000000000000000000e+01 0.000000000000000000e+00
2.401538178234759968e+01 3.000000000000000000e+01 2.370299804864335869e+01 2.826623082318811697e+01 0.000000000000000000e+00 3.000000000000000000e+01 1.227813353452766343e+01 3.000000000000000000e+01 2.028336551376552066e+01 0.000000000000000000e+00 -6.075344840250371803e+00 -1.233668259466252870e+01 2.467982758697438511e-16 0.000000000000000000e+00 0.000000000000000000e+00 1.979922988531464156e+01 1.788295026230314377e+01 3.000000000000000000e+01 -1.937335998511381518e+01 0.000000000000000000e+00 1.592618428293575761e+01 3.000000000000000000e+01 2.774041535655523205e+01 2.978752327306442993e+01 0.000000000000000000e+00
1.576114164658223515e+01 2.524793173268237823e+01 1.754283361245767026e+01 1.338234321012058992e+01 0.000000000000000000e+00 -2.080135188007765734e+01 -2.226990083336639970e+01 2.366013933975887795e+01 1.611661081768783887e+01 0.000000000000000000e+00 -2.058729604178549977e+01 1.894663642092451283e+01 2.135643030478412860e-12 0.000000000000000000e+00 0.000000000000000000e+00 2.593537230379157066e+01 -4.796562489877496560e+00 2.333868288930652213e+01 2.446102678391374141e+01 0.000000000000000000e+00 2.609594325477360144e+01 2.175562103508794820e+01 1.883584877294517668e+01 2.350636864840204865e+01 0.000000000000000000e+00
1.245020123286082203e+01 1.854131403187700045e+01 8.720817672955307742e+00 1.070742907215985440e+01 0.000000000000000000e+00 3.000000000000000000e+01 2.970152521381368160e+01 8.701911450458318598e+00 7.161910671839004650e+00 0.000000000000000000e+00 2.474998809190433846e+01 4.718964181913541389e-01 -3.369655334581980188e+00 4.494975508999545640e-15 0.000000000000000000e+00 8.527268337815238297e+00 2.256219856463021856e+01 1.405916011442563196e+01 1.484607831442604109e+01 0.000000000000000000e+00 1.137393401961717565e+01 3.000000000000000000e+01 1.520051746598981701e+01 1.531937911860891433e+01 0.000000000000000000e+00
7.770417469094240914e+00 9.187948460924079797e+00 1.332835929796622132e+00 1.250722458565508843e-01 0.000000000000000000e+00 3.000000000000000000e+01 2.171738466589898309e+01 2.808305957312474010e+00 -5.282184642163725741e+00 0.000000000000000000e+00 1.136414430933260711e+01 -7.193014870763875912e+00 -1.455105610546425510e+01 -2.114361079601220566e-16 0.000000000000000000e+00 7.133388745496980654e+00 1.263998742045928436e+00 3.000000000000000000e+01 8.151811859193347942e+00 0.000000000000000000e+00 -1.304664633424961728e+01 1.495616444773784082e+01 5.989226428687059567e+00 6.267705796641362070e+00 0.000000000000000000e+00
1.468171752473491187e+00 0.000000000000000000e+00 0.000000000000000000e+00 0.000000000000000000e+00 0.000000000000000000e+00 3.000000000000000000e+01 -8.398270362639471687e-01 -4.738600080273658994e-08 -9.206220706044767610e+00 0.000000000000000000e+00 1.646649634319757638e+01 -1.985165182916952631e+01 -8.865787171659841093e+00 8.230578950619470690e-16 0.000000000000000000e+00 7.259073083836646845e-01 -1.409597883966759468e+01 1.556429300255227766e+01 -8.913795179241632560e-01 0.000000000000000000e+00 -1.491527032876308567e+01 -9.396178303214547611e+00 -5.709631673854578260e+00 -7.048703029732027517e-04 0.000000000000000000e+00
0.000000000000000000e+00 0.000000000000000000e+00 0.000000000000000000e+00 0.000000000000000000e+00 0.000000000000000000e+00 2.116523998021678210e+01 1.924120890243736071e+01 -8.746225328625137927e-13 -2.742489354360876774e+01 0.000000000000000000e+00 -9.555444704579167947e+00 3.000000000000000000e+01 4.263623788182797192e+00 -1.043853912531248158e-14 0.000000000000000000e+00 -2.898740881453424567e+00 3.300309051946541672e+00 -1.662554452112910752e+01 -1.990043757183180873e+01 0.000000000000000000e+00 -2.784943404554787350e+01 5.507255838687992622e+00 1.782191068748424811e+01 -2.870291642561245027e+00 0.000000000000000000e+00
0.000000000000000000e+00 0.000000000000000000e+00 0.000000000000000000e+00 0.000000000000000000e+00 0.000000000000000000e+00 -2.703742457008721178e+00 1.016226431175919487e+01 2.012528802267675488e-16 -3.000000000000000000e+01 0.000000000000000000e+00 8.228893111848591957e+00 2.065326617723859570e+01 -2.147527112100191715e+01 1.171871604409191456e-15 0.000000000000000000e+00 -6.538282616317384388e+00 -5.960719783881107681e-01 1.949671679648941947e+01 -2.354172328537722336e+01 0.000000000000000000e+00 -2.528024979802706795e+01 1.036688989417340245e+01 -7.481485530067437661e-01 -1.285627856023849702e+01 0.000000000000000000e+00
0.000000000000000000e+00 0.000000000000000000e+00 0.000000000000000000e+00 0.000000000000000000e+00 0.000000000000000000e+00 -1.708370080150117687e+01 -1.653793095968099891e+01 1.208935043591212661e-17 3.000000000000000000e+01 0.000000000000000000e+00 -1.253642159599062289e+01 -3.769526500792515389e+00 3.000000000000000000e+01 -5.969196711962292730e-16 0.000000000000000000e+00 -2.704614264073062913e+01 1.930953384620216795e+01 -1.511468013637091490e+00 3.000000000000000000e+01 0.000000000000000000e+00 2.664036955728604639e+01 5.019524858772519416e+00 -1.663324295082930249e+01 -2.235199816245649274e+01 0.000000000000000000e+00
0.000000000000000000e+00 0.000000000000000000e+00 0.000000000000000000e+00 0.000000000000000000e+00 0.000000000000000000e+00 -2.327397364067349628e+01 -2.935581648561302615e+01 0.000000000000000000e+00 2.575839324601568592e+01 0.000000000000000000e+00 -6.682306313888372040e-01 3.000000000000000000e+01 2.182932785333312609e+01 9.224862556628345965e-14 0.000000000000000000e+00 -1.994651409770820649e+01 -1.123761250759055841e+01 2.242034817784974621e+01 1.888803798047337779e+01 0.000000000000000000e+00 3.000000000000000000e+01 -8.694851602443531391e+00 -3.000000000000000000e+01 3.000000000000000000e+01 0.000000000000000000e+00
0.000000000000000000e+00 0.000000000000000000e+00 0.000000000000000000e+00 0.000000000000000000e+00 0.000000000000000000e+00 2.867162151625312205e+01 3.000000000000000000e+01 0.000000000000000000e+00 1.616718725303272919e+01 0.000000000000000000e+00 -1.954667404807551634e+01 9.276665026038077855e+00 1.630629062393902373e+01 -4.109530344629011909e-16 0.000000000000000000e+00 2.826127218005718333e+01 2.720024107689167181e+01 2.965689187484167988e+00 1.816837529964287512e+01 0.000000000000000000e+00 1.533266214607603573e+01 9.691947462412874970e+00 3.000000000000000000e+01 2.239790248894776425e+01 0.000000000000000000e+00
0.000000000000000000e+00 0.000000000000000000e+00 0.000000000000000000e+00 0.000000000000000000e+00 0.000000000000000000e+00 2.203105538056781398e+01 3.000000000000000000e+01 0.000000000000000000e+00 9.619899338541088696e+00 0.000000000000000000e+00 2.826676014684796101e+01 -7.029493659502437986e+00 -6.653776993783636406e+00 1.932977912059152061e-10 0.000000000000000000e+00 2.740399278106263026e+01 2.191460119986289357e+01 -1.461497416037139807e+01 -2.436291293983892814e+01 0.000000000000000000e+00 8.513809855366706314e-01 1.724034311241746664e+01 3.000000000000000000e+01 2.549806796755256144e+01 0.000000000000000000e+00
0.000000000000000000e+00 0.000000000000000000e+00 0.000000000000000000e+00 0.000000000000000000e+00 0.000000000000000000e+00 1.101061253978634369e+01 2.273452201171072673e+01 0.000000000000000000e+00 1.388714355414502263e-02 0.000000000000000000e+00 1.721635167605579042e+01 3.000000000000000000e+01 -2.072983733602150025e+01 -1.990517835274814074e-13 0.000000000000000000e+00 6.937154832593192211e+00 1.148160383617690572e+00 1.580117703669034412e+01 2.305186012589942379e+01 0.000000000000000000e+00 -1.400121719547087906e+01 -1.472433420787457692e+01 2.240001478678251345e+01 2.742490108910207525e+01 0.000000000000000000e+00
0.000000000000000000e+00 0.000000000000000000e+00 0.000000000000000000e+00 0.000000000000000000e+00 0.000000000000000000e+00 3.624264285950462017e-01 8.305245766687740172e+00 0.000000000000000000e+00 -5.087386711898336794e-16 -7.313953646020500798e+00 1.208656050523723735e+01 1.409427447948266554e+01 1.941487248360967754e+01 1.633111461762012249e-12 -1.323263553702305861e+00 -1.442457811454768724e+01 -5.233286818035018939e+00 -9.629450446400449337e+00 -3.515694237139320499e+00 -5.780598863474231131e+00 1.303185264111905006e+01 1.525474045948918977e+01 2.625810013281039446e+01 3.000000000000000000e+01 -1.673943797241123077e+00
0.000000000000000000e+00 0.000000000000000000e+00 0.000000000000000000e+00 0.000000000000000000e+00 0.000000000000000000e+00 -6.565762753291771503e+00 8.439147792057367647e-01 0.000000000000000000e+00 6.991163119285326668e-12 -1.496203036385038665e+01 1.187066594207590242e+01 -5.410102263126230326e+00 6.268119334180400237e+00 -2.234461898538125935e-01 -5.371066305801002194e+00 -2.527253694413581186e+01 8.989453215637235317e+00 8.827205650386332536e+00 -1.459798294023797816e+01 -1.529137788197004255e+01 -4.369770915516363097e+00 -2.170454740794119708e+00 1.921503336787866090e+01 2.350712644807210339e+01 -8.683366732383110076e+00
0.000000000000000000e+00 0.000000000000000000e+00 0.000000000000000000e+00 0.000000000000000000e+00 0.000000000000000000e+00 -1.562605002242418273e+01 -5.631226085593063146e+00 0.000000000000000000e+00 -2.585024521046687673e-01 -2.100585288286013252e+01 -7.750784797390148917e+00 2.605484047966358929e+01 1.810543708774446994e-02 -7.114966884942675485e+00 -1.699344851842341697e+01 -2.298741296292749681e+01 -1.356701000318703976e+01 -2.158420206828657584e+01 1.125784698821406593e+01 -2.146370452982287347e+01 -2.450711986650545171e+01 1.198625844130788209e+01 -6.798806419202644058e+00 1.309277926735548903e+01 -1.271108092924754018e+01
0.000000000000000000e+00 0.000000000000000000e+00 0.000000000000000000e+00 0.000000000000000000e+00 0.000000000000000000e+00 -2.475263961014501746e+01 -6.642067955009226310e+00 0.000000000000000000e+00 -4.735511381640335138e+00 -2.632607475336281766e+01 -1.555816061372481407e+01 -6.577197254139082183e+00 4.392996945064800137e-08 -2.294076963770273636e+01 -2.209758559739094963e+01 -2.802895450997084481e+01 -2.919684038648593472e+01 2.297517053139783272e+01 -1.015821441431644523e+01 -2.993346781526382472e+01 -6.750454240404737405e+00 -1.072957561758998146e+01 1.853857015712032563e+01 -1.083910715313787687e+00 -1.616103497165209291e+01
0.000000000000000000e+00 0.000000000000000000e+00 0.000000000000000000e+00 0.000000000000000000e+00 0.000000000000000000e+00 -3.000000000000000000e+01 -1.978492575908346041e+01 0.000000000000000000e+00 -1.550657610858342217e+01 -3.000000000000000000e+01 -2.755338661220826779e+01 -2.611726558140705379e+01 -7.633507926824275591e-01 -3.000000000000000000e+01 -2.893690191181235249e+01 -2.764212839506913255e+01 -2.534944052155391958e+01 1.669698716201881439e+01 -2.501909765444727185e+01 -3.000000000000000000e+01 -2.197932310495607666e+01 -2.035766097817965559e+01 4.252186823775543800e+00 -1.372984471500967985e+01 -2.358019199249820730e+01
