# yaw
-4.003346999300757872e-10 0.000000000000000000e+00 6.602472939487584065e-10 0.000000000000000000e+00 0.000000000000000000e+00 2.401254063543413153e+01 -1.285431414199800670e+01 0.000000000000000000e+00 0.000000000000000000e+00 2.702857832222446177e+01 -2.591289351794932116e+01 0.000000000000000000e+00 3.193321607212183666e-02 -6.920212483212735854e+00 2.169149253336319205e+01 2.766970494514651335e+01 1.283407069328555750e+01 -3.764728789518141938e-01 -2.111084649372639566e-02 2.794091641732610753e+01 2.581502646499101772e+01 -1.631763630980872029e-02 1.045268657585182659e+01 -1.586944303726666838e+01 2.960100437426469000e+01
-6.861704220077590399e+00 0.000000000000000000e+00 5.904367291561915599e-09 0.000000000000000000e+00 0.000000000000000000e+00 4.687247044192598189e+00 2.362466133747157215e+01 0.000000000000000000e+00 0.000000000000000000e+00 1.061033843226400641e+01 2.567990532360357392e+01 0.000000000000000000e+00 -8.673470976732602367e+00 1.273815507488847132e+01 7.585696774502952877e+00 9.524643563055315454e+00 -5.220265773984494526e-04 1.094569742246232558e+01 -1.746547512391889434e+00 1.081836098789992562e+01 1.248597190132033319e+01 1.070238331833599732e+00 4.414192012131009159e-06 -2.376648111302271715e+01 1.935937597917646968e+01
-2.150549236123393726e+01 0.000000000000000000e+00 -1.516902094543858623e-09 0.000000000000000000e+00 0.000000000000000000e+00 0.000000000000000000e+00 3.564813900535680702e+00 0.000000000000000000e+00 0.000000000000000000e+00 7.502017909667768394e-09 1.013292712460219569e+01 0.000000000000000000e+00 3.545520932778171819e+00 -2.478304212506722060e+00 4.715035559445716152e-09 5.107356886007274208e-07 -1.539483974509927044e+01 -2.274308681282154445e-09 -2.086608075269851525e+01 -1.303322619054913395e-02 3.495951448373860737e-01 -6.278585203249371638e+00 -3.662219671492245587e-01 2.879997633298215476e+01 6.303470775616588639e+00
1.626615932807781917e+01 0.000000000000000000e+00 -1.044162844781555867e-09 0.000000000000000000e+00 0.000000000000000000e+00 0.000000000000000000e+00 0.000000000000000000e+00 0.000000000000000000e+00 0.000000000000000000e+00 1.058065481362158406e-09 6.713205840963432092e-01 0.000000000000000000e+00 -1.174404012546724780e-09 7.191248204487879825e+00 -1.451493729499245319e-10 1.616589643411314918e-09 2.205141098421536938e+01 -8.524169439207854637e+00 2.046158396860106876e+01 5.561467784239344958e+00 1.200850773997124657e-09 1.407009791162475487e+01 4.289620206966676896e+00 1.953236416492418925e+01 -5.659108878953774457e+00
5.087707850829071843e-01 0.000000000000000000e+00 -1.118294847318490826e+00 0.000000000000000000e+00 0.000000000000000000e+00 0.000000000000000000e+00 0.000000000000000000e+00 0.000000000000000000e+00 0.000000000000000000e+00 -5.031409575395228567e-02 0.000000000000000000e+00 0.000000000000000000e+00 -5.003291279248529122e+00 0.000000000000000000e+00 -1.733700266991318739e-01 -9.861195755348419783e-11 1.189099814523204346e+00 -3.017760632552489941e+00 3.926818057618569391e+00 6.890053465799627075e-01 1.267653886762395045e-10 7.387908677075446517e-01 -2.006620441960852652e+00 1.068105229962284497e+01 1.680591943162993829e+01
9.295673362913250472e-08 0.000000000000000000e+00 -1.940658260142654257e+01 0.000000000000000000e+00 0.000000000000000000e+00 0.000000000000000000e+00 0.000000000000000000e+00 0.000000000000000000e+00 0.000000000000000000e+00 -1.367973433495800784e+01 0.000000000000000000e+00 0.000000000000000000e+00 1.023094966239971271e+01 -7.648473261292597798e-07 -1.940829458074695069e+01 0.000000000000000000e+00 2.538146940998564313e-08 8.471140907102556739e+00 -3.814004015403780201e-01 -1.204660551482311348e+01 -7.068674193591390750e-09 -1.979360865751727516e+01 -3.377239710835641784e+00 -2.730298967049010761e-01 1.251968491326342026e+00
0.000000000000000000e+00 0.000000000000000000e+00 1.682123071326153863e+01 0.000000000000000000e+00 0.000000000000000000e+00 0.000000000000000000e+00 0.000000000000000000e+00 0.000000000000000000e+00 0.000000000000000000e+00 2.196995664397504910e+01 0.000000000000000000e+00 -3.148911563194160212e+00 -2.581051134777160083e+00 -1.315771031414194603e+01 2.162497965393465194e+01 0.000000000000000000e+00 -1.618377510841353321e-04 1.032951544380962616e+01 1.268468471621483751e+01 2.200783104545924829e+01 0.000000000000000000e+00 2.139397021645344310e+01 -3.149798727710685586e+00 8.309937456167865832e+00 1.289494805459955250e-07
0.000000000000000000e+00 0.000000000000000000e+00 3.390055075941689755e-01 0.000000000000000000e+00 0.000000000000000000e+00 0.000000000000000000e+00 0.000000000000000000e+00 0.000000000000000000e+00 0.000000000000000000e+00 4.065254449178547169e+00 0.000000000000000000e+00 2.658772134262248699e+01 1.044563240618099265e+01 6.331540547964727317e+00 1.527780147009179412e+00 0.000000000000000000e+00 -1.147881507581021587e+01 3.467078254990083153e+00 -5.181374980388124385e+00 4.585363075153459533e+00 1.438090012491767059e-08 4.326414055822460192e+00 8.404088005797026639e+00 -1.239563683712748042e-03 -3.656193740702292416e+00
0.000000000000000000e+00 0.000000000000000000e+00 0.000000000000000000e+00 0.000000000000000000e+00 0.000000000000000000e+00 0.000000000000000000e+00 0.000000000000000000e+00 0.000000000000000000e+00 0.000000000000000000e+00 -4.227872335409894045e-01 0.000000000000000000e+00 7.876090228858942055e+00 3.743619888596883688e-03 -8.069575616826213604e+00 -1.035364949333769457e-10 0.000000000000000000e+00 4.888770824531563086e+00 -8.812206972556138052e-01 1.103613634862799397e+00 -7.024541701154967885e-03 0.000000000000000000e+00 4.781727621172028007e-10 -7.789744115175821548e+00 -1.496217408771041768e+01 -4.039348904142125996e+00
0.000000000000000000e+00 0.000000000000000000e+00 0.000000000000000000e+00 0.000000000000000000e+00 0.000000000000000000e+00 0.000000000000000000e+00 -9.001861666902314194e-11 0.000000000000000000e+00 -4.831513465013384513e-12 -1.309275244136653527e+01 0.000000000000000000e+00 1.293465435699257352e-10 1.586245981997519428e+00 6.071651504375734199e+00 -4.352820833817503300e-10 0.000000000000000000e+00 -6.494937925319174354e+00 -1.613871446566398404e+01 6.216654344396173038e+00 2.727799160499114528e+00 0.000000000000000000e+00 -1.389403832048852790e-10 9.741156135683166184e+00 2.055077409833378965e+01 5.321946012708117735e+00
0.000000000000000000e+00 0.000000000000000000e+00 0.000000000000000000e+00 0.000000000000000000e+00 0.000000000000000000e+00 0.000000000000000000e+00 -3.469364253282590571e+00 0.000000000000000000e+00 -3.482879320684556146e-12 1.050140514923427482e+01 0.000000000000000000e+00 -2.053608237096113438e-11 -1.265487550770783676e+00 -1.503585022104678259e+00 -5.215102480695473774e-01 0.000000000000000000e+00 6.043866732550596588e+00 1.442853610453691893e+01 -3.689689891255537812e+00 -4.818421713026853070e-01 -1.224123238210477958e-12 7.787303501539312589e-12 -3.328306043336064281e-11 -2.042176738208725695e+00 4.421044617517146391e-01
0.000000000000000000e+00 0.000000000000000000e+00 5.421882909979850328e-10 0.000000000000000000e+00 0.000000000000000000e+00 0.000000000000000000e+00 1.408156236774053660e+01 3.391263072594272243e-10 1.470169580179852217e-10 -8.346616310873027949e-12 0.000000000000000000e+00 1.621297218923609719e-10 1.794138175141910818e-01 6.291973957434261244e+00 5.358094025136569627e+00 0.000000000000000000e+00 3.478965262730925989e+00 1.509476667507224090e-01 6.670347346304725811e+00 4.757043337080073542e+00 -1.185526432580079059e-11 9.770161675686966431e-11 -2.406406660622760540e+00 3.578744512558463143e-03 2.939465846421716599e-01
0.000000000000000000e+00 0.000000000000000000e+00 -4.225281507597416386e+00 0.000000000000000000e+00 0.000000000000000000e+00 0.000000000000000000e+00 1.319140922738095724e-02 3.991436335086028057e-10 -1.916792272536145747e-11 -3.935257419937896017e+00 0.000000000000000000e+00 -1.033316958083926488e-10 -1.730083378987834664e+01 4.771275268041255124e+00 1.904385428669863600e+00 0.000000000000000000e+00 5.147027364985037878e-02 -1.701310213196743904e-10 6.185622885382343886e-10 -4.906899216738416669e+00 0.000000000000000000e+00 -3.240237620124586032e-10 6.699737228687271617e+00 1.960542653918713629e+00 4.642044531114927430e+00
0.000000000000000000e+00 0.000000000000000000e+00 7.284515256502817060e+00 0.000000000000000000e+00 0.000000000000000000e+00 0.000000000000000000e+00 -2.483933205632113220e-11 3.076591500602107750e-10 -1.072871653225912336e-10 7.998165216428597901e+00 0.000000000000000000e+00 -2.802519872253678765e-11 2.137497414047636823e+01 5.334975821767275583e+00 -1.248060911569377775e-10 0.000000000000000000e+00 0.000000000000000000e+00 0.000000000000000000e+00 -6.098339038882331309e+00 7.818809911694499348e+00 0.000000000000000000e+00 -6.950454443741775283e-11 5.666948073217745740e-01 9.018032294699511453e-02 3.793729331906096902e-02
0.000000000000000000e+00 7.441186150079404008e-14 0.000000000000000000e+00 0.000000000000000000e+00 0.000000000000000000e+00 0.000000000000000000e+00 3.130966072553233365e-13 -2.808096503646423562e-14 3.848516699297718423e-15 -3.034870029444587669e-03 0.000000000000000000e+00 -3.805097554249863290e-01 1.082435384450126215e+01 -4.461618666479221271e-05 2.083462755928163990e+00 0.000000000000000000e+00 -5.579415548043005657e+00 -1.153849863553062158e-13 4.645060401773642766e+00 -3.063393368095873814e+00 0.000000000000000000e+00 -3.871553258508082771e-12 6.631994231655165742e-13 -2.693013679090656698e+00 -5.683086697881688937e-02
0.000000000000000000e+00 -8.558304609448221822e-14 0.000000000000000000e+00 -2.390927090294778526e-10 -1.553988014092040792e+00 0.000000000000000000e+00 -2.566198821513567883e-06 -1.551621743206832266e-10 -1.773762065308677194e+00 -7.264179223797663454e+00 0.000000000000000000e+00 -1.419428220827638754e+01 1.387068603916591650e-08 -1.338434442311846340e+01 9.685845675273998395e-03 0.000000000000000000e+00 5.045620601531632943e+00 -9.670341615373977406e-01 -9.000879691108693237e+00 -3.927259447349460864e+00 0.000000000000000000e+00 -7.834062437805548562e+00 -1.010277894536677488e-11 2.202526424817182527e+00 -1.010905652680478184e+01
0.000000000000000000e+00 0.000000000000000000e+00 -1.731104507398431691e+00 -1.384292134802767915e+00 -1.302828127195619778e+01 0.000000000000000000e+00 -7.787455157182956000e+00 1.230405483118939321e-10 -1.482026477331390346e+01 -1.998588945636340597e+01 0.000000000000000000e+00 -2.341963375499949152e+01 -3.918123549218748725e+00 2.667829402719099718e+01 -2.010142499125198157e+00 0.000000000000000000e+00 -3.922637829732143059e-10 -1.048463603333487981e+01 -2.192426050351684097e+01 3.130982029732333194e-01 0.000000000000000000e+00 -1.841794066040629474e+01 -4.301182158410258971e+00 -1.271644683645738638e+01 -1.897310323994786785e+01
0.000000000000000000e+00 -8.440206989250926885e-11 -1.258533487079675162e+01 -1.878266977902117674e+01 -2.045415800799499095e+01 0.000000000000000000e+00 -2.137373749578729587e+01 -9.582862116879196535e+00 -2.860344121053007527e+01 -2.615480666734584858e+01 0.000000000000000000e+00 3.000000000000000000e+01 6.020473169192711360e+00 3.861122475775653928e+00 -2.473572905287320367e+01 0.000000000000000000e+00 2.285774325876820414e-08 -1.875601563387896675e+01 -3.000000000000000000e+01 -2.773176715337787979e+00 0.000000000000000000e+00 -3.000000000000000000e+01 -2.091948071440236845e+01 -2.421253290003993897e+01 -3.000000000000000000e+01
-8.385863697276644909e-10 -2.460324429747338464e-12 -2.392768340104976943e+01 3.000000000000000000e+01 3.000000000000000000e+01 0.000000000000000000e+00 3.000000000000000000e+01 2.447651576114824934e+01 3.000000000000000000e+01 2.487857429353372041e+01 0.000000000000000000e+00 2.157576019424763913e+01 1.872750856506771994e-10 3.759231691066382997e+00 3.000000000000000000e+01 0.000000000000000000e+00 -9.109102825196915276e+00 -3.000000000000000000e+01 2.836061794431478589e+01 3.459514248696485605e+00 0.000000000000000000e+00 3.000000000000000000e+01 -2.043985337009426928e+01 2.245026575086871645e+01 2.791871693292277001e+01
8.645942337307483791e-10 4.683857427133801979e-12 -3.000000000000000000e+01 1.302430011553816414e+01 1.871657128276813253e+01 0.000000000000000000e+00 2.462847371098142446e+01 4.355073672083875636e+00 2.363223235706432490e+01 1.162868677986312882e+01 0.000000000000000000e+00 5.234094502017748063e+00 0.000000000000000000e+00 8.924809166801045803e-09 1.105321164568937320e+01 0.000000000000000000e+00 1.019754726951591195e+01 3.000000000000000000e+01 5.777742647887106564e+00 -1.048871155414915143e-02 0.000000000000000000e+00 2.492134302516715039e+01 -3.000000000000000000e+01 1.023571489138576140e+01 1.736795417787856266e+01
-1.902199350333386157e-09 0.000000000000000000e+00 3.000000000000000000e+01 1.199392940124166425e-09 9.536435097975498820e+00 0.000000000000000000e+00 8.948922136176596709e+00 0.000000000000000000e+00 1.161986978415272453e+01 4.692496658932117648e-01 0.000000000000000000e+00 -1.934405268483322260e+01 -9.609870089554428674e+00 -4.286532735048528137e-03 2.904401286208240755e-10 0.000000000000000000e+00 1.120790335968386296e-09 2.632966444152157237e+01 1.774685796607585178e-09 9.070141884242343133e-01 0.000000000000000000e+00 1.241420647674988054e+01 2.362916429711111022e+01 4.586950979678397376e-08 -8.519058614071957081e+00
7.129881913417759245e-07 0.000000000000000000e+00 2.766520688884521562e+01 4.881034518189147702e-08 -6.307754944067207603e+00 0.000000000000000000e+00 1.056166496378489640e-06 0.000000000000000000e+00 -1.570796673700798228e-03 1.224469846054183542e+01 0.000000000000000000e+00 2.881256028694351201e+01 -3.000000000000000000e+01 -6.345376971832940249e+00 -1.794602265656937590e+00 0.000000000000000000e+00 0.000000000000000000e+00 9.523673389595112226e+00 -1.037622582501898438e-09 2.580713840362194489e+01 0.000000000000000000e+00 3.470395243996427515e-01 1.852696359847568175e+01 0.000000000000000000e+00 -3.000000000000000000e+01
-1.117745588232574305e-01 0.000000000000000000e+00 1.653853083719241113e+01 0.000000000000000000e+00 -1.218248440157736034e+01 0.000000000000000000e+00 0.000000000000000000e+00 0.000000000000000000e+00 3.957445366195169179e+00 -2.779516140511019695e-01 0.000000000000000000e+00 9.050496332859470527e+00 2.609996763596868519e+01 -1.775600597391145063e+00 7.117464071264007153e+00 0.000000000000000000e+00 0.000000000000000000e+00 1.756303657653835171e-01 0.000000000000000000e+00 5.885392736332521746e-02 0.000000000000000000e+00 3.894881439175017765e-08 2.476807487543957631e+00 0.000000000000000000e+00 1.681476780922488956e+01
0.000000000000000000e+00 0.000000000000000000e+00 0.000000000000000000e+00 0.000000000000000000e+00 0.000000000000000000e+00 0.000000000000000000e+00 0.000000000000000000e+00 0.000000000000000000e+00 0.000000000000000000e+00 0.000000000000000000e+00 0.000000000000000000e+00 0.000000000000000000e+00 0.000000000000000000e+00 0.000000000000000000e+00 0.000000000000000000e+00 0.000000000000000000e+00 0.000000000000000000e+00 0.000000000000000000e+00 0.000000000000000000e+00 0.000000000000000000e+00 0.000000000000000000e+00 0.000000000000000000e+00 0.000000000000000000e+00 0.000000000000000000e+00 0.000000000000000000e+00
0.000000000000000000e+00 0.000000000000000000e+00 0.000000000000000000e+00 0.000000000000000000e+00 0.000000000000000000e+00 0.000000000000000000e+00 0.000000000000000000e+00 0.000000000000000000e+00 0.000000000000000000e+00 0.000000000000000000e+00 0.000000000000000000e+00 0.000000000000000000e+00 0.000000000000000000e+00 0.000000000000000000e+00 0.000000000000000000e+00 0.000000000000000000e+00 0.000000000000000000e+00 0.000000000000000000e+00 0.000000000000000000e+00 0.000000000000000000e+00 0.000000000000000000e+00 0.000000000000000000e+00 0.000000000000000000e+00 0.000000000000000000e+00 0.000000000000000000e+00
0.000000000000000000e+00 0.000000000000000000e+00 0.000000000000000000e+00 0.000000000000000000e+00 0.000000000000000000e+00 0.000000000000000000e+00 0.000000000000000000e+00 0.000000000000000000e+00 0.000000000000000000e+00 0.000000000000000000e+00 0.000000000000000000e+00 0.000000000000000000e+00 0.000000000000000000e+00 0.000000000000000000e+00 0.000000000000000000e+00 0.000000000000000000e+00 0.000000000000000000e+00 0.000000000000000000e+00 0.000000000000000000e+00 0.000000000000000000e+00 0.000000000000000000e+00 0.000000000000000000e+00 0.000000000000000000e+00 0.000000000000000000e+00 0.000000000000000000e+00
0.000000000000000000e+00 0.000000000000000000e+00 0.000000000000000000e+00 0.000000000000000000e+00 0.000000000000000000e+00 0.000000000000000000e+00 0.000000000000000000e+00 0.000000000000000000e+00 0.000000000000000000e+00 0.000000000000000000e+00 0.000000000000000000e+00 0.000000000000000000e+00 0.000000000000000000e+00 0.000000000000000000e+00 0.000000000000000000e+00 0.000000000000000000e+00 0.000000000000000000e+00 0.000000000000000000e+00 0.000000000000000000e+00 0.000000000000000000e+00 0.000000000000000000e+00 0.000000000000000000e+00 0.000000000000000000e+00 0.000000000000000000e+00 0.000000000000000000e+00
3.000000000000000000e+01 0.000000000000000000e+00 1.670142014511480670e-03 -6.329895814869967552e+00 0.000000000000000000e+00 0.000000000000000000e+00 5.240631087130073418e+00 4.914346806735598427e+00 2.217723723471146613e+01 7.137741513048120545e+00 0.000000000000000000e+00 -1.290277246031730840e+01 1.140046241144900563e+01 2.719833620587714762e+01 0.000000000000000000e+00 0.000000000000000000e+00 1.162429083061605795e+01 0.000000000000000000e+00 0.000000000000000000e+00 -1.884716382481725816e+01 0.000000000000000000e+00 0.000000000000000000e+00 1.925413004042104021e-07 0.000000000000000000e+00 -1.635942053159469012e+01
3.000000000000000000e+01 0.000000000000000000e+00 -2.412143129722677859e+00 2.433949385033369595e+01 3.550630832685202076e+00 0.000000000000000000e+00 1.201325552845162514e+00 -1.177534243238383647e-02 5.046343638403483212e+00 8.192319464243915661e+00 0.000000000000000000e+00 2.400877971140248235e+01 1.498931310282060725e+00 2.685229867840339679e+01 -5.806910775265306413e+00 0.000000000000000000e+00 7.018459612724573304e+00 0.000000000000000000e+00 0.000000000000000000e+00 3.000000000000000000e+01 0.000000000000000000e+00 0.000000000000000000e+00 -7.210085273467808730e-08 0.000000000000000000e+00 2.435674221018483721e+01
2.124575625833312387e+01 0.000000000000000000e+00 6.837167401684388635e-01 1.012431862740779209e+01 -1.449721953144041109e+01 0.000000000000000000e+00 0.000000000000000000e+00 -1.616776333629796270e+01 1.442805622987882286e+00 -2.922981310384614173e-01 0.000000000000000000e+00 2.887517348055334665e+00 1.869291869454901501e-08 1.661182374189432664e+01 3.641468119714109442e+00 0.000000000000000000e+00 -1.450294638135876113e+00 0.000000000000000000e+00 0.000000000000000000e+00 1.915359936635345406e+01 0.000000000000000000e+00 0.000000000000000000e+00 1.120484366301482199e-09 0.000000000000000000e+00 8.540482294673978458e+00
1.423512671469134894e+01 2.553009425658851404e-10 2.301848442979663290e+00 -8.734104460990202767e+00 1.908228445382513172e+01 0.000000000000000000e+00 6.137857144440242330e+00 2.130071985851154182e+01 1.363224329727643402e+00 2.399325593433370596e+00 0.000000000000000000e+00 -8.003449319707613085e+00 -1.750935867375915877e-09 5.918357644583347899e+00 4.891010333364794072e+00 0.000000000000000000e+00 -1.599520538067455711e+01 0.000000000000000000e+00 0.000000000000000000e+00 2.202715155409842751e+00 0.000000000000000000e+00 0.000000000000000000e+00 -4.130154113499668366e-10 0.000000000000000000e+00 -9.395911669873322612e-08
7.334506184440768628e+00 1.865343333171630590e-10 -2.499118216870632736e+00 1.057907744590787757e+01 3.102741307011413596e+00 0.000000000000000000e+00 -4.955571950671083137e+00 2.949068124452709494e+00 -5.200237907765033363e+00 -6.628204874165161797e+00 6.054051441604880780e-11 1.044171584345709825e+01 -1.158955691689324628e-09 -4.829865175747917584e-10 0.000000000000000000e+00 5.291820057664686211e-10 1.918174932245600317e+01 0.000000000000000000e+00 0.000000000000000000e+00 6.785960799328924153e+00 0.000000000000000000e+00 0.000000000000000000e+00 0.000000000000000000e+00 0.000000000000000000e+00 -1.440340588153430594e-10
-3.849963046094514230e+00 6.814379041526110073e-14 7.586119121845882773e+00 1.188437264053510845e+01 7.040778580915125762e-01 1.221931771434593604e-14 4.250664398509239383e+00 8.586582315109182462e-01 4.135365003903343606e+00 2.000059694550419209e+00 1.914581483938710094e-14 -4.884069724774738219e+00 -5.022496456959907151e-18 -9.784954448030202201e+00 -5.311598500216757834e+00 7.010025357108268563e-14 5.305686871344367894e+00 0.000000000000000000e+00 0.000000000000000000e+00 6.124868148165159010e-01 0.000000000000000000e+00 0.000000000000000000e+00 0.000000000000000000e+00 0.000000000000000000e+00 -6.007107708729891188e-14
-1.747712506578571734e+01 -8.799352681819183459e-15 -1.180670776416830714e+00 1.731637354521741834e+00 2.078793293246165685e+00 7.563594769060939420e-15 -5.591804597365887197e+00 1.571388047531766974e+00 -3.310983641415614631e+00 1.171107839632043301e+01 -5.490896265712740032e+00 4.050417535687658166e+00 5.533916743835667568e-14 -1.967825497002908364e+01 8.937667769747009716e-01 9.881713912341354036e-16 2.434662505738378094e-15 0.000000000000000000e+00 0.000000000000000000e+00 1.701339803735749611e-10 0.000000000000000000e+00 0.000000000000000000e+00 0.000000000000000000e+00 0.000000000000000000e+00 -7.226715699504554171e-18
2.521439953855207960e+01 2.134267970325604932e-09 6.999277146929569149e+00 8.195914911148035387e+00 7.033659287383300374e+00 -1.901655953743393648e-02 3.855057706990006050e+00 -1.622077255425766085e+00 -8.676543503423120862e-01 -7.584793804120949501e-01 -1.478041765443397537e+01 -4.633313594153874782e+00 2.485627295704564411e-12 2.194410334562170206e+01 -4.895074722144154289e-01 -1.210501662808230572e+00 -2.821992475441574930e-11 0.000000000000000000e+00 0.000000000000000000e+00 -8.861319919277255153e+00 0.000000000000000000e+00 0.000000000000000000e+00 0.000000000000000000e+00 0.000000000000000000e+00 0.000000000000000000e+00
5.558475952992387725e+00 -9.350107862368256306e+00 -9.923842849652793063e+00 1.695934567030908724e+00 -1.126494812703604609e+01 -1.178523954441521226e+01 -4.523794699135729402e+00 1.186467204425425193e+00 -1.735318630968508558e+01 -1.360433994382999678e+01 -2.448249982328676211e+01 6.488198341949632741e+00 -5.466234484804708416e-01 8.135494864079239719e+00 7.903896785904018785e-01 -1.680441819783310109e+01 1.090534511893162413e-10 0.000000000000000000e+00 0.000000000000000000e+00 -2.043649770616595873e+01 0.000000000000000000e+00 0.000000000000000000e+00 0.000000000000000000e+00 0.000000000000000000e+00 0.000000000000000000e+00
-1.366930865690162977e-01 2.153601062032115010e+01 1.080928163745252135e+01 4.697668012036275084e-03 2.295727765846957169e+01 -3.000000000000000000e+01 5.640904390176259220e+00 -1.421522418863778903e+01 2.304430703480887033e+01 2.521208897761341206e+01 1.889345387512254959e+01 -3.105922993919155162e-01 -1.149857842358314741e+01 -1.355000977764458505e-07 -2.251192325840845054e+00 2.724131722349091689e+01 -7.972020960206848328e-11 0.000000000000000000e+00 0.000000000000000000e+00 3.000000000000000000e+01 0.000000000000000000e+00 0.000000000000000000e+00 0.000000000000000000e+00 0.000000000000000000e+00 0.000000000000000000e+00
3.097164124202945068e+00 -1.514867322432292829e+00 7.828599762046685839e+00 -3.678284617676646828e+00 9.025505853694379965e+00 2.274038381847657675e+01 -2.182738510389885567e-10 2.097889994496028265e+01 6.296207545566191222e+00 8.443559706907674212e+00 1.056979723009743566e+01 8.957949545354360055e+00 -2.210814532658570286e+01 1.689595121102316459e-10 1.110418051364533021e+01 1.146814065880026057e+01 -1.850884895212194792e+00 0.000000000000000000e+00 0.000000000000000000e+00 1.834932501419054063e+01 0.000000000000000000e+00 0.000000000000000000e+00 0.000000000000000000e+00 0.000000000000000000e+00 0.000000000000000000e+00
1.676545154030105456e-02 -1.852301160169520600e+01 -1.428617564192139105e-10 -3.151509055790095437e-01 -1.350438431436363284e-10 1.429552135600804164e+01 -2.595957242157225231e+00 1.134922424330806301e+01 -4.844257140296464925e+00 -5.986566976027124906e-11 -3.486752638267136273e-02 -2.862280293742253678e-01 2.611139621411159695e+01 -2.039380021879464203e-11 1.909336703490412262e-05 2.933462259012810658e-01 -1.916690263658538385e+01 0.000000000000000000e+00 0.000000000000000000e+00 3.363288206298943983e+00 0.000000000000000000e+00 0.000000000000000000e+00 0.000000000000000000e+00 0.000000000000000000e+00 0.000000000000000000e+00
-5.508603221379290815e+00 1.684269074882945816e+01 -4.505137677580124157e-03 5.853834000718463493e+00 5.855027599739934770e-14 1.428228497493445603e+00 1.769321749513452957e+01 6.018070128831637562e-03 4.414555767216566728e+00 2.734724563073097942e-16 6.190123863224756384e+00 2.948930493474150705e+00 1.741812592532075854e+01 5.076338844507462091e-14 -4.888850839325997732e+00 3.454031609520957615e-14 1.985418686799461696e+01 0.000000000000000000e+00 0.000000000000000000e+00 5.078272101253077664e-11 0.000000000000000000e+00 0.000000000000000000e+00 0.000000000000000000e+00 0.000000000000000000e+00 0.000000000000000000e+00
1.057966293535760743e-01 -1.012054347080380889e+00 -8.473791382825600849e+00 -1.539085994442776384e+00 -8.378631492299498733e-16 -4.224513233814376711e+00 9.455935840239972912e-01 -2.076834122380218695e+00 6.115666353525558291e-02 0.000000000000000000e+00 4.060955387781750581e+00 6.726258135134645377e-02 2.694299773919489827e+00 -1.335384615879813190e-16 1.345422078681086830e+01 -1.835749918343789533e+00 3.774846014280553330e+00 0.000000000000000000e+00 0.000000000000000000e+00 -5.303781879644957795e-16 0.000000000000000000e+00 0.000000000000000000e+00 0.000000000000000000e+00 0.000000000000000000e+00 0.000000000000000000e+00
-5.221439994902359771e+00 1.352092123388010936e-01 4.542994624095619827e+00 -1.369955724103620831e+01 -2.286158513489737621e-18 7.162037521926817973e+00 -1.255859634127286795e-01 -1.901079883363239276e+01 -1.128809566533424835e+01 0.000000000000000000e+00 -3.581568497635408133e-02 -3.318847806193880867e-01 -1.941929138135251681e-13 5.206889811768363740e-19 -1.253075509270089682e+01 -1.695631713899229354e+01 9.123801689312885735e-19 0.000000000000000000e+00 0.000000000000000000e+00 9.071685530145326976e-17 0.000000000000000000e+00 0.000000000000000000e+00 0.000000000000000000e+00 0.000000000000000000e+00 0.000000000000000000e+00
1.466557029696805015e-01 -6.354184286558806072e+00 -8.979561186611920931e+00 1.708187012103086388e+01 0.000000000000000000e+00 -3.075178466386083720e+00 1.983084266335860990e+00 1.736809249582587711e+01 1.881832847063861536e+01 0.000000000000000000e+00 5.257107271845906205e+00 4.950095919901814412e+00 8.331657050312293916e-18 2.619339600275641561e-16 2.065074101869382162e+01 1.866392371115399840e+01 -5.512642203584423147e-19 3.580325296912577488e-16 0.000000000000000000e+00 -6.872259897765896404e-15 0.000000000000000000e+00 0.000000000000000000e+00 0.000000000000000000e+00 0.000000000000000000e+00 0.000000000000000000e+00
-3.913114926431115137e+00 1.345700492573134888e+01 5.303671444807357638e+00 1.165335201216489036e+00 0.000000000000000000e+00 6.747239350320668905e+00 8.449431262646033503e+00 -1.797738652315766128e+00 3.790656043636181582e+00 0.000000000000000000e+00 3.109307149401561610e+00 -1.158675358385894860e+01 -1.550949044710033873e-17 2.011036180898693056e-16 4.214497676819569882e+00 4.074769583730118327e+00 1.051664416944226885e-17 0.000000000000000000e+00 0.000000000000000000e+00 -4.723302131938635994e-16 0.000000000000000000e+00 0.000000000000000000e+00 -1.033810543810420163e-17 0.000000000000000000e+00 0.000000000000000000e+00
1.930080428239626444e+00 8.372267716443840158e+00 -6.197302839178988165e+00 -3.403045059396635486e-01 0.000000000000000000e+00 -5.538852001081626675e-01 -6.473743915454859277e+00 4.905055301745092633e-02 -1.956766312805387538e-14 0.000000000000000000e+00 -6.437540374269705268e+00 9.648244774641979049e+00 5.112976943141006940e-15 8.125462355214207253e-19 -6.682237392168242574e-13 -7.063383477872338112e-01 -7.157179086432867265e+00 1.763180380585765823e-15 6.092629762582841641e-15 -1.840341545677978577e-15 0.000000000000000000e+00 0.000000000000000000e+00 -2.749684446973433503e-15 0.000000000000000000e+00 0.000000000000000000e+00
-6.848971593503936361e+00 2.968358132317937548e-01 4.654662794266571701e+00 -1.179822140042057654e+01 0.000000000000000000e+00 5.339106424661227202e+00 5.726459233524889392e+00 2.206010924265785267e+00 -8.300623992173500523e-17 0.000000000000000000e+00 8.538259734427624537e+00 -4.513561876190973265e+00 1.557581318065838507e-16 -6.513494757858104978e-16 -4.382156583298286630e-16 -1.452132883721261258e+01 1.645724226579581995e+01 0.000000000000000000e+00 -5.081181263414348000e-16 5.979037711291848915e-17 0.000000000000000000e+00 0.000000000000000000e+00 -2.537310936499712746e-19 0.000000000000000000e+00 0.000000000000000000e+00
4.379001248908738653e+00 -3.136193364184723720e+00 -4.971445005360289882e-01 1.048570171935461559e+01 0.000000000000000000e+00 -3.263413637454014360e+00 2.740551121630328435e+00 -5.105715220680397959e-01 -3.550012001347649846e-16 0.000000000000000000e+00 -3.687682198660523714e+00 -1.567930417947902777e+00 8.079270466955887085e-17 -6.193635765197382833e-16 0.000000000000000000e+00 1.439634165304986801e+01 8.845973970364637284e-02 -6.555917987834558809e-18 -1.643642917073893813e-16 2.021879321643207611e-17 0.000000000000000000e+00 0.000000000000000000e+00 2.004776391145946848e-16 0.000000000000000000e+00 0.000000000000000000e+00
2.648473672098535570e+00 1.397515860363657758e+01 4.634433524807364257e+00 1.769150860722992801e-15 0.000000000000000000e+00 3.399488119224988392e+00 1.036716910054077262e-01 5.198253102743267462e+00 -6.839872799809706969e-16 0.000000000000000000e+00 6.601392329067866882e+00 6.251492564267524976e+00 -1.324858370745442291e-15 1.185624340737484530e-13 2.439268378589776740e-14 -1.998139052686583650e+00 -6.576157163774309922e-01 0.000000000000000000e+00 2.765000807232115790e-14 0.000000000000000000e+00 0.000000000000000000e+00 0.000000000000000000e+00 -9.757084805122868241e-17 0.000000000000000000e+00 0.000000000000000000e+00
4.383262250536675175e+00 -5.930369293762099758e+00 4.423818361164011392e-02 5.523931532169576390e-14 0.000000000000000000e+00 1.815816432531788260e+00 -2.664179371181976119e+00 2.827105793829575719e-01 -1.254141882777547148e-13 0.000000000000000000e+00 1.920826816504769274e+00 4.930619361644162701e+00 -1.368941495133263300e-15 -6.044151618023872583e-15 1.814450961519137957e-14 6.198251313187170375e+00 -1.595799385272660409e+01 0.000000000000000000e+00 -2.585855401736918493e-14 0.000000000000000000e+00 0.000000000000000000e+00 0.000000000000000000e+00 -9.531954461871628837e-13 0.000000000000000000e+00 0.000000000000000000e+00
1.345318419983450031e-01 7.173139370928286240e+00 1.957451111624989871e-13 2.553158665389592862e-15 0.000000000000000000e+00 3.205328700989852564e+00 7.804414050862991559e+00 7.886363501149810773e+00 2.622789093999276626e-15 0.000000000000000000e+00 2.237769127809945968e-01 -7.191322533322483390e-03 1.616894944982264360e-10 1.604965108499475245e-12 -5.134485707252478049e-16 -8.489768740582784856e-01 2.091292051361000048e+01 -4.359032480993567451e-16 4.075765013658138946e-13 0.000000000000000000e+00 0.000000000000000000e+00 -7.605635787086977809e-17 -9.882965314755350363e-14 0.000000000000000000e+00 0.000000000000000000e+00
-2.685903167157254412e+00 2.027846761372375184e+00 1.842210723085798340e-11 1.734455814087469969e-11 0.000000000000000000e+00 1.934550830664946985e-01 -2.699545152048295604e-09 -1.150457230187436727e-11 -1.669795908426187017e-11 0.000000000000000000e+00 -9.695349694172811894e+00 2.102426998819263648e+00 -7.828068424432731738e-11 -1.365832011416363498e-03 6.008840054286789615e-10 3.597655684016681121e+00 3.911187565646655706e+00 1.984346549387997114e-13 -1.499629381188460999e-10 0.000000000000000000e+00 4.025960457055958635e-10 2.810861691747990645e-12 3.540720532869790054e-09 0.000000000000000000e+00 0.000000000000000000e+00
-1.327203306354787848e+01 2.834588572680623475e+00 1.131709772259735101e-15 -1.591039182860558565e+00 0.000000000000000000e+00 -3.339504610059054635e+00 1.782319821116186581e-16 -1.552905983381705848e-15 -1.412888327211938355e+00 0.000000000000000000e+00 9.823265080309337094e+00 -4.743180691031943926e-08 3.169802343361359122e-16 -8.303661877311412809e+00 -7.173339911989592643e+00 2.992352304945581132e+00 -7.349655633164010382e+00 -1.289936179804675387e-15 -2.418643922314173411e-01 0.000000000000000000e+00 -7.421508359390730725e+00 -9.235279387271503326e-01 -8.449380490368771035e+00 0.000000000000000000e+00 0.000000000000000000e+00
-2.084464147790004063e+01 4.062828510097962251e-11 -1.110804132051330884e+00 -1.293567870854858626e+01 0.000000000000000000e+00 2.696189066917467625e-01 -1.441100945096392305e+00 -1.014475032552090372e+00 -1.350662351401910755e+01 0.000000000000000000e+00 4.591417459687421355e-03 -9.957228153861233721e+00 4.022349599509905799e-11 -2.302495885947318754e+01 -1.875956330411000650e+01 -3.415221616755417688e+00 -1.222013412349372530e+01 -4.038373987233643270e+00 -1.520893099877306121e+01 0.000000000000000000e+00 -1.607559134410488610e+01 -1.161683180764348400e+01 -1.840699832238673750e+01 0.000000000000000000e+00 0.000000000000000000e+00
3.000000000000000000e+01 -7.351805772568755337e+00 -1.683474045124141938e+01 -2.159569316695026586e+01 0.000000000000000000e+00 -5.070001262244426271e-10 -1.264423311097810299e+01 -1.475957840933531706e+01 -2.762788832970025155e+01 0.000000000000000000e+00 -2.341096235326627806e+00 -2.023838792420920285e+01 3.513086449746783905e-09 -2.519987301275448033e+01 3.000000000000000000e+01 4.725769357221216715e+00 8.014940850745642109e+00 -1.571058653933866012e+01 -2.716984742139914033e+01 0.000000000000000000e+00 -2.010474407234072558e+01 -2.496158862316764271e+01 3.000000000000000000e+01 1.117465131521413994e-08 0.000000000000000000e+00
2.406255997345299136e+01 2.083995930691702725e+01 2.317801870800023067e+01 3.000000000000000000e+01 0.000000000000000000e+00 -7.991468928538766545e-03 -2.418406289410383181e+01 2.750747861804776662e+01 3.000000000000000000e+01 0.000000000000000000e+00 3.102528133837542779e+00 3.000000000000000000e+01 3.981005411401026525e-10 2.779993342000917877e+01 2.208364850647312139e+01 -3.433463783589220331e+00 -3.234869385153431010e-10 -3.000000000000000000e+01 2.309301827969317600e+01 0.000000000000000000e+00 3.000000000000000000e+01 -3.000000000000000000e+01 1.348041124433747484e+01 7.476583972470097326e-11 0.000000000000000000e+00
9.269202742894648850e+00 3.938730737663710180e+00 6.316491093557046632e+00 1.941877613149755888e+01 0.000000000000000000e+00 -1.477602446536860548e+01 3.000000000000000000e+01 1.006472037256648377e+01 2.210596700254756186e+01 0.000000000000000000e+00 -1.401920715066754752e-09 1.471526965614964233e+01 -4.277217674310128670e-01 1.819505417939693004e+01 9.040597772085407158e+00 9.173910014844892657e+00 -1.360699654765505132e-09 3.000000000000000000e+01 9.601647045981312800e+00 0.000000000000000000e+00 2.085564676890203373e+01 3.000000000000000000e+01 6.599932328116380198e+00 8.755952701126142194e-12 0.000000000000000000e+00
1.481758339155017364e-07 0.000000000000000000e+00 6.003626731672183804e-11 9.932773637605757600e+00 0.000000000000000000e+00 -2.532139252117800154e+01 -3.000000000000000000e+01 -9.029960822812939180e-10 8.917813619227743516e+00 0.000000000000000000e+00 -1.744099449999270968e-01 2.319483557551782482e-01 -1.752264135740349360e+01 3.629624630115521278e+00 1.347571717785935874e-01 5.145250149476996882e+00 -6.791957840142097691e-01 2.813620839108996563e+01 -2.005297816455721059e-08 0.000000000000000000e+00 1.533609514269497787e+01 1.865223429780388642e+01 5.246312067428335356e-09 -2.056605264992806670e-12 0.000000000000000000e+00
-3.695830513317761579e+00 0.000000000000000000e+00 -8.101086389804587926e-10 1.628794353129160802e-06 0.000000000000000000e+00 2.256318989913939177e+01 2.169785854764214506e+01 9.377309340199098353e-11 1.230544338446481573e-10 0.000000000000000000e+00 -2.551920365625101716e+00 -3.820069391768098968e-09 3.000000000000000000e+01 -1.466744642299075020e-07 6.745529050112264981e-11 2.361498414138358226e-11 7.274231135030054141e+00 2.222621913781755509e+01 2.066345372434141448e-11 0.000000000000000000e+00 3.718426235386376622e+00 1.385601080831323451e+01 -2.706193178181229619e+00 6.270185030034766791e-13 0.000000000000000000e+00
1.844697377149462802e+00 0.000000000000000000e+00 -1.817841208921593121e-10 -1.635125568501113943e-12 0.000000000000000000e+00 7.568156245697775120e+00 1.390540114406464234e+01 1.097692612200271180e-11 -7.615258362241672446e-10 0.000000000000000000e+00 4.605649532981014538e+00 -3.169429125311605588e+00 1.485854102084291029e+01 -1.357963280788225435e-09 3.158273185165118268e-11 -1.510025736481370173e-01 6.897058477328580350e-01 7.815282004209426425e+00 2.384368858416052621e-12 0.000000000000000000e+00 -2.547978941285948817e+00 1.574403869593707928e+00 2.074446023508668802e+01 -6.333963888687789380e-12 0.000000000000000000e+00
3.506776713664334633e+00 0.000000000000000000e+00 -1.065063011622492591e-05 1.362781610465941801e-09 0.000000000000000000e+00 -8.335065863229763394e+00 -3.559198682298526428e+00 4.692431157736851313e-10 -1.941112107743403954e-09 0.000000000000000000e+00 -9.347987388394798813e+00 -5.137857221597643687e+00 -9.475449223978177571e+00 -9.487594268419310073e-10 -8.523379612537018833e-11 4.662538104572242936e+00 -2.513558297816610068e-10 -2.869407460203942262e-03 -9.294612756010913301e+00 0.000000000000000000e+00 -6.536193820231300577e+00 1.824785217462328690e+00 1.109975743284866745e+01 -3.512383251476791423e-10 0.000000000000000000e+00
1.423922442135855046e-02 0.000000000000000000e+00 -8.721060943377501928e+00 7.798701081207793572e-11 0.000000000000000000e+00 -1.480658783133740641e+01 4.046578270347376716e+00 1.549896213127719683e-09 -9.507712231733806802e-10 0.000000000000000000e+00 1.169936046293164722e+01 -1.807481219312180754e+00 -2.032630581502472111e+01 -1.102836304868086891e-09 -1.351664587972291052e-09 5.924153362425366609e+00 0.000000000000000000e+00 6.193149959360183310e+00 7.137703301507647424e+00 0.000000000000000000e+00 7.383058352461624452e+00 -5.717678825093526207e-01 -2.096187984165750695e+00 -1.117083866521141885e-10 0.000000000000000000e+00
-3.828168842787447623e+00 0.000000000000000000e+00 5.964425286698769035e+00 -1.899377453543872087e-10 0.000000000000000000e+00 -1.978105411911718647e+01 -1.153748674750840308e+01 3.219974729926048322e-11 -1.229438688681256144e-09 0.000000000000000000e+00 5.655572570523682785e+00 1.167498478567338793e+01 -2.881182013294908018e+01 -2.582600164751177832e-09 -1.932635111084874815e-10 -1.859566873853976565e+00 9.641616456515146389e-10 -4.405389434580267350e-10 -1.464023788315398811e+01 0.000000000000000000e+00 1.230763348564871240e+00 6.254195096327432424e+00 6.587862906252020423e+00 7.394038947855384402e-11 0.000000000000000000e+00
2.661081375641645863e+01 0.000000000000000000e+00 -5.729185056103700546e+00 -4.078428926795742125e-10 0.000000000000000000e+00 -2.409181947787643452e+01 3.790477069756106321e+00 -6.251135775316910607e-11 -5.872346680482346375e-10 0.000000000000000000e+00 1.659735330509058970e+00 8.055307353677917731e-05 3.000000000000000000e+01 -6.905819074447637484e-02 5.589537076295428338e-10 5.373833956441462917e-02 -5.763757361184805639e+00 -4.784813370811081157e+00 2.635390524379439725e+01 0.000000000000000000e+00 1.466878883185992466e+00 2.491348014854314563e+00 -2.073947609363738579e-10 -9.220517725201767822e-01 0.000000000000000000e+00
6.241800152412055880e+00 0.000000000000000000e+00 1.870590140044187066e+01 -5.291841813079448454e-10 0.000000000000000000e+00 3.000000000000000000e+01 -5.408126013551417977e+00 -3.607728028511488821e-10 -2.213906116825889968e-09 0.000000000000000000e+00 -1.078929123211350571e+01 -4.946672664827174489e-10 3.000000000000000000e+01 -7.828279390291480233e+00 1.043558913590282909e-09 1.592827474378559982e+00 6.171611821676564524e+00 1.592377024622547133e+01 1.497634226348740150e+01 0.000000000000000000e+00 9.589688725318697982e-01 1.705980958206165576e+00 -2.123807402019484147e-02 -1.449304541681732772e+01 0.000000000000000000e+00
2.515554481345202125e-10 0.000000000000000000e+00 1.337347849428529800e+00 1.815933442232204645e-13 0.000000000000000000e+00 2.447630512871130293e+01 9.219192995115797373e+00 -1.759215664183708263e-10 -1.352709070357511874e-10 0.000000000000000000e+00 2.009338659271547556e+01 5.487363164109096963e-06 2.153355171402292356e+01 -2.393642210765044354e+01 -1.377312487376102131e-02 7.226673956127944720e-01 -2.333133919546478627e-02 8.762534692674101677e+00 7.562766454461354870e-01 0.000000000000000000e+00 -3.314567317345651354e+00 3.162506469551057187e+00 6.008525800583314869e+00 2.101857844568992917e+01 0.000000000000000000e+00
0.000000000000000000e+00 0.000000000000000000e+00 -5.405561896799818476e-12 4.888214261495585531e-10 0.000000000000000000e+00 2.012086690210424322e+01 4.608393832719973382e+00 -1.162770327553323752e-09 -1.288363492327010252e-11 0.000000000000000000e+00 1.133943514167942723e+01 -7.879314926305752920e+00 1.289549894064398927e+01 2.060001966642263582e+01 -1.371023301004725958e+01 1.031812419646166672e-09 1.484636530885707906e+00 1.095303909181860602e+00 -2.555997225290593811e-01 0.000000000000000000e+00 1.621958769855807780e+00 1.252179467215237985e+00 -1.425809696575963459e+00 8.008934486201422231e+00 0.000000000000000000e+00
-3.657400473978790218e-11 0.000000000000000000e+00 -7.256679944228729084e+00 -2.113879259139845234e-10 0.000000000000000000e+00 1.462275524632304879e+01 -4.665658094523416259e-10 5.424458279456746746e-10 0.000000000000000000e+00 0.000000000000000000e+00 3.204514391182211402e-04 1.939626366018640979e+01 5.878896502843629968e+00 4.692374823799364769e+00 2.040250493847061364e+01 -9.902255301050587377e+00 8.135852777891866561e-01 1.422646040921638155e+00 2.554839970848462372e+00 0.000000000000000000e+00 6.368321313500223901e+00 -7.399866908362395801e-01 -2.141592854898762255e+01 -3.807905109169920976e+00 0.000000000000000000e+00
8.769475107595900598e-10 0.000000000000000000e+00 1.591506587777452175e+01 0.000000000000000000e+00 0.000000000000000000e+00 7.392844648704621768e+00 -4.395038134800749917e-11 -7.489446767132467054e-10 0.000000000000000000e+00 3.936004133236258997e-10 3.213454977135293377e-09 3.163834665838246796e+00 -6.616907002117426551e+00 5.843569308866023829e-10 3.466204114892278199e+00 1.049530944480121164e+01 -4.210755071284358664e+00 -2.129934512819978920e+00 3.122915905420478241e-02 0.000000000000000000e+00 3.121321387375492959e-02 -5.010885890553572253e+00 2.154520231173951927e+01 6.668585814051989580e+00 0.000000000000000000e+00
0.000000000000000000e+00 0.000000000000000000e+00 1.332959230562173225e+01 0.000000000000000000e+00 0.000000000000000000e+00 -4.885810591111394858e-07 -3.801307962187929104e-09 0.000000000000000000e+00 0.000000000000000000e+00 1.081997772244718559e-09 -4.641549145268840881e+00 -8.946037088040773416e-11 5.967182879171238241e+00 -7.077584579416535071e+00 -4.828353019473707980e-09 -3.619275047676502196e-09 4.476229919465225748e+00 7.344526834547642657e+00 -1.759166051353953319e+00 0.000000000000000000e+00 -1.837670591995234304e+00 4.523499589595529002e+00 5.446008639143329333e+00 -5.375458204673490670e+00 0.000000000000000000e+00
-2.986894002367112119e-12 0.000000000000000000e+00 0.000000000000000000e+00 0.000000000000000000e+00 0.000000000000000000e+00 -5.171624007689114674e-10 1.783394502373903222e-10 0.000000000000000000e+00 0.000000000000000000e+00 -4.599045901142904690e-10 -1.911738819741687578e+01 0.000000000000000000e+00 2.440292105040028581e+00 1.052008028825799357e+01 5.984731718392236425e-10 -4.851587220614320017e+00 -1.838563267545597485e-02 -6.456068653732497609e+00 1.163862605201889666e+00 3.199779290818928999e-10 4.464530976837887799e+00 1.809029713976419762e+00 -4.643641616911938108e+00 -2.445371512038000361e+01 0.000000000000000000e+00
0.000000000000000000e+00 0.000000000000000000e+00 -4.311845809365265855e-10 0.000000000000000000e+00 0.000000000000000000e+00 4.783389011161816009e-09 7.889408084723419914e-11 0.000000000000000000e+00 0.000000000000000000e+00 -4.891615136464782382e-03 1.975848438913745397e+01 0.000000000000000000e+00 -5.895971782097813030e-01 1.198468948899337860e+01 -1.234861298241713534e+00 -2.062968941573960180e+01 9.633913883603069550e+00 2.954926563872457557e+00 1.308165638355535121e-01 -9.668838992869258631e-01 -1.268773800437029919e+00 -5.486366840141864820e+00 8.061698298845016097e+00 2.295062460450614239e+01 -9.730660891839656657e+00
0.000000000000000000e+00 0.000000000000000000e+00 0.000000000000000000e+00 0.000000000000000000e+00 0.000000000000000000e+00 -1.218554961252953106e+01 -1.815097200122137988e-01 0.000000000000000000e+00 0.000000000000000000e+00 -1.362554608905963427e+01 -8.658638156130511021e+00 0.000000000000000000e+00 2.777481137262834299e+00 3.305608061956405569e-09 -1.811168438800475045e+01 3.000000000000000000e+01 -1.085921532320953453e+01 1.903210805131836603e+00 1.868898143196805917e+00 -1.606323040151878345e+01 -1.740769247928971097e+01 6.973730468712970421e+00 -4.879197349928486638e+00 4.165102453304770691e+00 -1.885025956266875369e+01
