# yaw
3.000000000000000000e+01 0.000000000000000000e+00 0.000000000000000000e+00 0.000000000000000000e+00 0.000000000000000000e+00 3.000000000000000000e+01 1.880716180887020344e-10 0.000000000000000000e+00 2.487333854591204130e+01 3.000000000000000000e+01 3.000000000000000000e+01 -2.208447057100360311e+01 -2.690626009041773870e+01 -7.576485305856045516e-02 3.000000000000000000e+01 3.000000000000000000e+01 -2.800604339231126261e+01 1.126890683214023703e+01 1.806686642255098363e+01 3.000000000000000000e+01 3.000000000000000000e+01 -2.256214072710301721e+01 3.000000000000000000e+01 2.369778982601768647e+01 3.000000000000000000e+01
3.000000000000000000e+01 0.000000000000000000e+00 0.000000000000000000e+00 0.000000000000000000e+00 0.000000000000000000e+00 3.000000000000000000e+01 -3.531922674254680040e-09 0.000000000000000000e+00 1.230697228310464730e+01 3.000000000000000000e+01 2.831038192631923422e+01 2.538998466912444840e+01 -3.000000000000000000e+01 -8.450859584645208145e+00 3.000000000000000000e+01 3.000000000000000000e+01 2.033691515735235811e+01 1.894342500935060158e+01 -5.745921892181361512e-01 2.756859718524089331e+01 2.573358851054109309e+01 3.000000000000000000e+01 3.000000000000000000e+01 1.690418961495126382e+01 2.688258315401950327e+01
2.721143636071293059e+01 0.000000000000000000e+00 0.000000000000000000e+00 0.000000000000000000e+00 0.000000000000000000e+00 2.147621317852168943e+01 -2.639250187758713949e-08 0.000000000000000000e+00 3.576891587680044449e+00 3.000000000000000000e+01 1.830891655039997801e+01 1.631566917415121276e+00 3.000000000000000000e+01 -2.637052795643822733e+01 2.008424805805582736e+01 2.639516222745428209e+01 1.287298149164853989e+01 -4.963685233025246113e+00 -2.306643187985807941e+01 1.689031746382107713e+01 1.964226015485600030e+01 2.334199913549506178e+01 3.000000000000000000e+01 -1.947280888957074652e+01 3.000000000000000000e+01
1.587172378229696790e+01 0.000000000000000000e+00 0.000000000000000000e+00 0.000000000000000000e+00 0.000000000000000000e+00 1.283531743986396378e+01 4.705065375005133902e-07 -4.121828323587189479e-09 -1.287043988541981143e+01 2.153306145717590425e+01 6.939404157119243521e+00 -5.367023518761162570e+00 3.000000000000000000e+01 3.000000000000000000e+01 1.592973506869953759e+01 1.765716090196251642e+01 -1.781341362459080102e+01 1.910513100468822500e+01 3.000000000000000000e+01 4.906093748487432293e+00 1.754794796609410668e+01 4.231357724027120071e+00 3.000000000000000000e+01 2.316908265121451649e+01 2.831023034781535230e+01
6.133469144578516996e+00 0.000000000000000000e+00 0.000000000000000000e+00 0.000000000000000000e+00 0.000000000000000000e+00 1.298292470384634711e+01 2.380524994597479830e-06 7.444771120116268871e-11 -2.699992427214020552e+01 1.456438300385871720e+01 0.000000000000000000e+00 -2.680719112594088571e+01 1.499247332388207532e+01 1.737599155236416237e+01 1.079477394968415283e+01 5.543313071729322417e+00 2.662053299754619573e+01 -1.421339559257606133e+01 1.436607471766337341e+01 -1.501447018035044856e+01 1.382682084525642274e+01 -1.479250006514574700e+01 3.000000000000000000e+01 6.508751468792232764e+00 1.377712803451991874e+01
4.361105574745713476e+00 0.000000000000000000e+00 0.000000000000000000e+00 0.000000000000000000e+00 0.000000000000000000e+00 0.000000000000000000e+00 2.645960443563047288e-06 1.019589547816324732e-07 3.000000000000000000e+01 8.384506364100648312e+00 0.000000000000000000e+00 4.886494433930593240e-01 2.532444343740639425e+00 3.501603652222070817e+00 2.543575579700808831e+00 -1.156679850863806293e-10 -3.490806608932325084e+00 3.000000000000000000e+01 -4.301416491931385977e+00 3.000000000000000000e+01 8.337570053138598780e+00 -3.000000000000000000e+01 1.476961305320613249e+01 1.484398574664172443e+01 8.627830379257025228e+00
0.000000000000000000e+00 0.000000000000000000e+00 0.000000000000000000e+00 0.000000000000000000e+00 0.000000000000000000e+00 0.000000000000000000e+00 -2.154349632932534683e-07 -2.283356753441949770e-06 1.469368199597043834e+01 0.000000000000000000e+00 0.000000000000000000e+00 3.000000000000000000e+01 -2.581917771853822074e+01 -2.614048105379158926e+01 -1.284569997239657724e+01 0.000000000000000000e+00 -2.413248957888010082e+01 -2.506620138410421106e+01 -2.850814936472319872e+01 -2.445034844684718323e+01 0.000000000000000000e+00 3.000000000000000000e+01 9.801905681823267713e+00 -1.580532389346437050e+01 -5.320738774867288079e+00
0.000000000000000000e+00 0.000000000000000000e+00 0.000000000000000000e+00 0.000000000000000000e+00 0.000000000000000000e+00 0.000000000000000000e+00 -3.092958410151507174e-07 9.504082411579319633e-08 8.622807612828535806e-01 -2.863508322540957530e-09 0.000000000000000000e+00 3.000000000000000000e+01 2.074639687876280547e+01 3.000000000000000000e+01 -2.438253558844692748e+01 0.000000000000000000e+00 2.438422664063196166e+01 2.800904755912579702e+01 2.302523420258147979e+01 2.877168039296061508e+01 0.000000000000000000e+00 2.339244395978903412e+01 -1.931817665682236296e+01 2.482445970645759559e+01 9.940362503609398104e+00
0.000000000000000000e+00 0.000000000000000000e+00 0.000000000000000000e+00 0.000000000000000000e+00 0.000000000000000000e+00 0.000000000000000000e+00 -6.573910609211796268e-09 1.265130889997279515e-08 -1.464176011141610445e+01 -1.187131351747346326e-04 0.000000000000000000e+00 1.596768687847382928e+01 2.954805279931814610e+01 1.812312214810894773e+01 2.353982477061392942e+01 0.000000000000000000e+00 3.536624498633349489e+00 7.769309660346096713e+00 -4.347268465539759319e+00 2.351011928869355927e+01 0.000000000000000000e+00 1.160469629982826412e+01 3.000000000000000000e+01 1.928725389122901923e+00 -1.236387060687756057e+00
0.000000000000000000e+00 0.000000000000000000e+00 0.000000000000000000e+00 0.000000000000000000e+00 0.000000000000000000e+00 0.000000000000000000e+00 -1.034782631399749438e-07 -6.967461618485413137e-08 3.000000000000000000e+01 -4.862147870722596465e+00 0.000000000000000000e+00 6.596533816928692451e-01 1.044352550604440033e+01 -1.184972313411847367e+01 2.362661354725557050e+00 0.000000000000000000e+00 -1.621553218872011115e+01 -1.391416133138101330e+01 2.667291830699021560e+01 1.681995604037073377e+01 0.000000000000000000e+00 -1.554727507271993758e+01 1.841714802774898274e+01 -2.732945542637167691e+01 1.910008128176623998e+01
0.000000000000000000e+00 0.000000000000000000e+00 0.000000000000000000e+00 0.000000000000000000e+00 0.000000000000000000e+00 0.000000000000000000e+00 -2.700233921655252739e-08 8.293669278820080478e-10 1.230390208182794431e+01 -1.725191991414345694e+01 0.000000000000000000e+00 -7.932034494896024468e-02 -1.707205895266220352e+01 2.351354971002930583e+01 -2.070759943263324132e+01 0.000000000000000000e+00 -2.085664656187644184e+01 -2.041402805513772023e+01 1.611835717125235767e+00 -1.170860241542907865e+01 0.000000000000000000e+00 2.114927213463233713e+01 -9.404549965691336055e+00 2.512911913259195629e+01 3.879745516258603644e+00
0.000000000000000000e+00 0.000000000000000000e+00 0.000000000000000000e+00 -4.576603144916823210e-09 0.000000000000000000e+00 0.000000000000000000e+00 -4.566358440409253664e-08 2.444068983930812960e-09 -1.057169688075647507e+01 -2.287972406255839175e+01 0.000000000000000000e+00 -7.093918846982419701e+00 2.612892784011624414e+01 -4.868480089754081419e+00 1.640068598845541459e+01 0.000000000000000000e+00 3.000000000000000000e+01 3.000000000000000000e+01 -8.097263883384606231e+00 -2.060660370044663026e+01 0.000000000000000000e+00 3.100359399799024640e+00 1.957820485762816176e+01 2.192024704816975422e+00 -1.523686656565275044e+01
0.000000000000000000e+00 0.000000000000000000e+00 -2.679970377162899542e+00 -6.183705656730372091e+00 0.000000000000000000e+00 0.000000000000000000e+00 5.626693945800221795e-09 -1.646982127166688945e-02 -2.439750532561595620e+01 -1.061049953352347863e+00 0.000000000000000000e+00 -1.612969879749046243e+01 1.433548733731839420e+01 1.694042734028329278e+01 5.693071373572208493e+00 0.000000000000000000e+00 2.147342899714701758e+01 1.506437265874312637e+01 -2.268474758825406923e+01 -2.606914090849416255e+01 0.000000000000000000e+00 -5.812512287537886735e+00 -2.952518195123479572e+00 -1.850894696922844318e+01 1.663070543227767928e+01
0.000000000000000000e+00 0.000000000000000000e+00 -4.924451141162819567e+00 -4.513406498720180515e+00 0.000000000000000000e+00 0.000000000000000000e+00 -1.142738596171806176e+00 -9.770003886277955019e+00 2.784099451797944624e+01 3.000000000000000000e+01 0.000000000000000000e+00 -2.451613178371865231e+01 2.050472607600091826e-02 1.854587479823144136e+01 1.444569745936377991e+01 0.000000000000000000e+00 8.715718336989178638e+00 -2.871791159794897297e+00 -3.000000000000000000e+01 2.595216486338058104e+01 0.000000000000000000e+00 -2.097368925527089090e+01 -4.408656470219001200e-01 2.054928159192648707e+01 -9.979175152871006205e+00
0.000000000000000000e+00 2.009408155565320901e-13 -1.798184221230511781e+01 -1.027486000359079021e+01 -1.453193765796728876e+00 0.000000000000000000e+00 -6.304673701147652132e+00 -1.171330512328623286e+01 1.879503801629966731e+01 2.707208499489489029e+01 0.000000000000000000e+00 3.000000000000000000e+01 -7.438157262463252338e-10 -2.320720614577860275e+00 -1.659877313674061217e+00 0.000000000000000000e+00 -5.534329448573798160e+00 -1.233196596911060183e+01 2.498476627894237723e+01 1.200052424965232589e+01 0.000000000000000000e+00 -3.000000000000000000e+01 -2.008068022883719195e+01 -1.741118919684971189e+01 1.870222059123035763e+01
0.000000000000000000e+00 -4.757394988496063417e-08 -2.128779420278158696e+01 -1.952169174710447663e+01 -1.147256487472817454e+01 0.000000000000000000e+00 -2.372821689154279312e+01 -1.894964771374364076e+01 3.622492922271793314e-01 2.345835137987995722e+01 0.000000000000000000e+00 2.328449746552883326e+01 -9.946278274916314777e-01 -2.431170303972246316e+00 -1.133165313548526321e+01 0.000000000000000000e+00 -1.770361286373754695e+01 -3.000000000000000000e+01 2.342578811914406600e+01 8.225424845342850233e+00 0.000000000000000000e+00 -2.390172085271721869e+01 2.353960594292417952e+01 -2.354448584524279298e+01 -1.494217791468716783e+01
0.000000000000000000e+00 1.278623495823084655e-09 -2.926441355484478279e+01 -2.743023471211922981e+01 -1.725505192921933428e+01 0.000000000000000000e+00 -2.818179024649371556e+01 -3.000000000000000000e+01 -9.605408950612115859e+00 1.412832713360903725e+01 0.000000000000000000e+00 1.524105645045678159e+01 -1.491156916883758399e+01 -2.035998553622305351e+01 -2.266629505102227782e+01 0.000000000000000000e+00 -2.891556889126716712e+01 -3.000000000000000000e+01 2.005061474838869273e+01 -1.489092863094189090e+00 0.000000000000000000e+00 -2.695773397349463707e+01 2.435769349249802573e+01 -3.000000000000000000e+01 -2.569181014537983643e+01
0.000000000000000000e+00 3.620198554416682575e-05 -3.000000000000000000e+01 -3.000000000000000000e+01 -2.520458009708308467e+01 0.000000000000000000e+00 -3.000000000000000000e+01 -3.000000000000000000e+01 -3.000000000000000000e+01 -3.033709106496993879e+00 0.000000000000000000e+00 1.997906286949382215e+00 -3.000000000000000000e+01 -3.000000000000000000e+01 -1.798583329612414516e+01 0.000000000000000000e+00 -3.000000000000000000e+01 -3.000000000000000000e+01 2.363481846510310014e+00 -1.653457178796011107e+01 0.000000000000000000e+00 -3.000000000000000000e+01 9.428191401640670932e+00 -3.000000000000000000e+01 -3.000000000000000000e+01
0.000000000000000000e+00 2.440254554719386573e-04 3.000000000000000000e+01 3.000000000000000000e+01 3.000000000000000000e+01 0.000000000000000000e+00 3.000000000000000000e+01 3.000000000000000000e+01 3.000000000000000000e+01 2.010027085434840899e+01 0.000000000000000000e+00 6.138747709203001282e-08 3.000000000000000000e+01 1.535789285889995348e+01 -3.000000000000000000e+01 0.000000000000000000e+00 3.000000000000000000e+01 3.000000000000000000e+01 1.176828060869144809e-08 2.973018737636926900e+01 0.000000000000000000e+00 3.000000000000000000e+01 1.998749890873316204e+01 3.000000000000000000e+01 3.000000000000000000e+01
0.000000000000000000e+00 8.287701662601517130e-08 3.000000000000000000e+01 3.000000000000000000e+01 2.552766734979925545e+01 0.000000000000000000e+00 3.000000000000000000e+01 3.000000000000000000e+01 2.222970607448245772e+01 5.179854940338788349e-01 0.000000000000000000e+00 -4.797173068366231141e-01 8.645753857336154979e+00 3.904480177224761484e+00 3.000000000000000000e+01 0.000000000000000000e+00 3.000000000000000000e+01 3.000000000000000000e+01 -5.164028715383262025e+00 1.861687204539736840e+01 0.000000000000000000e+00 3.000000000000000000e+01 -1.204237325333555875e+00 3.000000000000000000e+01 2.551895201787032263e+01
0.000000000000000000e+00 1.077739911744609706e-07 2.556356533645097073e+01 3.000000000000000000e+01 2.026794364231486867e+01 0.000000000000000000e+00 2.804820784733276184e+01 3.000000000000000000e+01 6.764441154367048625e+00 -2.314813991022513662e+01 0.000000000000000000e+00 -9.004448748691306292e+00 -2.135901680465331509e+01 -2.060752872799351465e+01 -2.699927704628955638e+01 0.000000000000000000e+00 1.690909150851361886e+01 2.416059991743687618e+01 -2.310750185655525613e+01 1.888258069412083273e+01 0.000000000000000000e+00 2.364029785856390475e+01 -2.087068389738269403e+01 2.898068484191229999e+01 1.967232958132050058e+01
0.000000000000000000e+00 -5.138632140695887049e-06 3.000000000000000000e+01 2.401843579598840961e+01 2.891433630904016283e+00 0.000000000000000000e+00 2.104977404899513260e+01 3.000000000000000000e+01 1.332547260661754440e-01 3.000000000000000000e+01 0.000000000000000000e+00 -3.000000000000000000e+01 -2.995635126559968242e+01 -2.797055240871438286e+01 3.000000000000000000e+01 0.000000000000000000e+00 1.108191397314856630e+01 1.396562363602153489e+01 9.559693767092536376e+00 -5.587776562682432946e+00 0.000000000000000000e+00 2.727800183424490044e+01 3.000000000000000000e+01 1.729276395463687166e+01 2.080812299930148157e+01
0.000000000000000000e+00 -3.036675594447788583e-07 3.000000000000000000e+01 1.327340905785088587e+01 1.484942840714293233e+01 0.000000000000000000e+00 9.076144672698408300e+00 1.708277798190867713e+01 1.935841007308418198e-06 1.178180666867610071e+01 0.000000000000000000e+00 -3.000000000000000000e+01 -2.999911154162232307e+01 5.975640581304341836e+00 3.000000000000000000e+01 0.000000000000000000e+00 6.849205011627237938e-02 7.674603077573859622e+00 -2.154913922210305088e+01 2.705691319720796528e+01 0.000000000000000000e+00 8.928577528314299627e+00 3.000000000000000000e+01 6.075186227363309044e+00 9.331449645581299635e+00
0.000000000000000000e+00 0.000000000000000000e+00 0.000000000000000000e+00 0.000000000000000000e+00 0.000000000000000000e+00 0.000000000000000000e+00 0.000000000000000000e+00 0.000000000000000000e+00 0.000000000000000000e+00 0.000000000000000000e+00 0.000000000000000000e+00 0.000000000000000000e+00 0.000000000000000000e+00 0.000000000000000000e+00 0.000000000000000000e+00 0.000000000000000000e+00 0.000000000000000000e+00 0.000000000000000000e+00 0.000000000000000000e+00 0.000000000000000000e+00 0.000000000000000000e+00 0.000000000000000000e+00 0.000000000000000000e+00 0.000000000000000000e+00 0.000000000000000000e+00
0.000000000000000000e+00 0.000000000000000000e+00 0.000000000000000000e+00 0.000000000000000000e+00 0.000000000000000000e+00 0.000000000000000000e+00 0.000000000000000000e+00 0.000000000000000000e+00 0.000000000000000000e+00 0.000000000000000000e+00 0.000000000000000000e+00 0.000000000000000000e+00 0.000000000000000000e+00 0.000000000000000000e+00 0.000000000000000000e+00 0.000000000000000000e+00 0.000000000000000000e+00 0.000000000000000000e+00 0.000000000000000000e+00 0.000000000000000000e+00 0.000000000000000000e+00 0.000000000000000000e+00 0.000000000000000000e+00 0.000000000000000000e+00 0.000000000000000000e+00
0.000000000000000000e+00 0.000000000000000000e+00 0.000000000000000000e+00 0.000000000000000000e+00 0.000000000000000000e+00 0.000000000000000000e+00 0.000000000000000000e+00 0.000000000000000000e+00 0.000000000000000000e+00 0.000000000000000000e+00 0.000000000000000000e+00 0.000000000000000000e+00 0.000000000000000000e+00 0.000000000000000000e+00 0.000000000000000000e+00 0.000000000000000000e+00 0.000000000000000000e+00 0.000000000000000000e+00 0.000000000000000000e+00 0.000000000000000000e+00 0.000000000000000000e+00 0.000000000000000000e+00 0.000000000000000000e+00 0.000000000000000000e+00 0.000000000000000000e+00
0.000000000000000000e+00 0.000000000000000000e+00 0.000000000000000000e+00 0.000000000000000000e+00 0.000000000000000000e+00 0.000000000000000000e+00 0.000000000000000000e+00 0.000000000000000000e+00 0.000000000000000000e+00 0.000000000000000000e+00 0.000000000000000000e+00 0.000000000000000000e+00 0.000000000000000000e+00 0.000000000000000000e+00 0.000000000000000000e+00 0.000000000000000000e+00 0.000000000000000000e+00 0.000000000000000000e+00 0.000000000000000000e+00 0.000000000000000000e+00 0.000000000000000000e+00 0.000000000000000000e+00 0.000000000000000000e+00 0.000000000000000000e+00 0.000000000000000000e+00
0.000000000000000000e+00 3.799572850465943074e-06 2.353436036239688178e+01 2.939655568870545821e+01 2.509671650290103528e+01 0.000000000000000000e+00 2.443335605855899928e+01 -1.383188456056756799e+01 5.284048682509612682e+00 -3.000000000000000000e+01 0.000000000000000000e+00 -2.606954179786860237e+01 1.601199510612287114e+01 3.000000000000000000e+01 -1.282400420760723314e+01 0.000000000000000000e+00 0.000000000000000000e+00 0.000000000000000000e+00 -1.194866093173825838e+01 2.641322888153828430e+01 0.000000000000000000e+00 0.000000000000000000e+00 2.790296694246793408e+01 0.000000000000000000e+00 0.000000000000000000e+00
0.000000000000000000e+00 -5.266127017449156934e-07 4.076883442589411821e+00 9.226178491225056177e+00 1.149420415290045661e+01 0.000000000000000000e+00 2.137926917861477705e+01 1.654849948114051372e+01 -2.029587499818207874e+01 3.000000000000000000e+01 0.000000000000000000e+00 2.673885501016483701e+01 4.500974614717351940e+00 2.237802405454235100e+01 1.575483999408211133e+01 0.000000000000000000e+00 7.161915288190046629e-06 0.000000000000000000e+00 2.801670396343301306e+01 1.191785979066317402e+01 0.000000000000000000e+00 0.000000000000000000e+00 1.915882963817606921e+01 0.000000000000000000e+00 0.000000000000000000e+00
0.000000000000000000e+00 -4.583140806349476331e-10 -1.449777405101835015e+01 1.901210194362655770e+01 -1.831954229362797193e+01 0.000000000000000000e+00 -7.863628957074360493e+00 -2.567390272414663599e+01 2.590228338397976771e+01 2.824417223527436960e+01 0.000000000000000000e+00 1.456147536144860766e+01 -6.254691971863183930e+00 -2.324416287643229495e+01 -8.970608296898079814e+00 0.000000000000000000e+00 3.857099882083981766e-08 -1.034196863510789917e-07 2.396284627663611388e+00 -1.478725640268725705e+01 0.000000000000000000e+00 0.000000000000000000e+00 7.426584436373070197e+00 0.000000000000000000e+00 0.000000000000000000e+00
-1.455484510434849332e-01 -4.996570981547084678e+00 2.126895275478008074e+01 -1.979891925742214842e-01 -3.000000000000000000e+01 -1.427550713228003184e-08 2.595556803985106598e+01 3.000000000000000000e+01 2.926161050711960954e+01 8.871162217910548264e+00 0.000000000000000000e+00 3.922159643409892649e-01 -2.394264564582520904e+01 1.149067427809234943e+01 2.258427167486684795e+01 0.000000000000000000e+00 4.092647664600317767e-07 -5.156079201186944702e-08 -2.043438129583207186e+01 -2.349428813204769639e+01 0.000000000000000000e+00 0.000000000000000000e+00 -4.509777959990714180e+00 0.000000000000000000e+00 0.000000000000000000e+00
-4.714569309003119990e+00 -1.067602396015629473e+01 5.021018375714636939e+00 2.022477193352782265e+01 -3.000000000000000000e+01 1.937452530889564987e-09 1.251470603936781956e+01 2.594305606600885028e+01 1.993855956273935304e+00 -1.715891343245724343e+01 -2.748336222876657797e-01 6.080335244344429844e-08 3.000000000000000000e+01 -2.234728553608784363e-01 4.234049313432158179e+00 -9.639835144532735711e+00 0.000000000000000000e+00 -6.801631438316850012e-09 2.159150861681829880e+01 2.501965371421560747e+01 0.000000000000000000e+00 0.000000000000000000e+00 -1.223882900539411800e+01 0.000000000000000000e+00 0.000000000000000000e+00
-1.428234371362986188e+01 -1.404785590912068827e+01 1.122285994603912584e+01 -2.970759443735875305e+00 3.000000000000000000e+01 -7.212138122456775158e-02 -1.246630723209086611e+01 4.922194256360254982e+00 -1.888034392928960870e+01 -1.522343243224446674e+01 -1.420160303584745698e+01 -3.753541690549780374e-01 1.604373309528894254e+01 -1.341980372474908201e+01 -1.314700333480980099e+01 -1.176318620876084609e+01 0.000000000000000000e+00 -5.736231572821211268e-10 3.587278917226731423e+00 -2.365776605051447046e+00 0.000000000000000000e+00 0.000000000000000000e+00 -1.816425720591487902e+01 0.000000000000000000e+00 0.000000000000000000e+00
-2.386326563889629782e+01 -1.563194697211399742e+01 -9.282272206576090312e+00 7.184218332146802943e+00 -2.642359575365909485e+00 -1.131988420413753715e+01 1.975605242672709139e+01 -2.301504551222154404e+01 3.000000000000000000e+01 -2.814301308884959951e+01 -1.103104932853809927e+01 -7.880858811320903712e+00 2.914375138177750291e+00 2.020539630791195052e+01 -2.121712077113725314e+01 -2.281368053591889833e+01 0.000000000000000000e+00 -2.226851885353129234e-09 -1.618216292733086981e+00 -1.564961861149063438e+01 0.000000000000000000e+00 0.000000000000000000e+00 -2.413021036964367028e+01 0.000000000000000000e+00 0.000000000000000000e+00
-3.000000000000000000e+01 -1.880098280617277595e+01 -2.733476395265603287e+01 -1.536353780284026094e+01 -2.551984345439005253e+01 -2.218653854793730673e+01 6.134799696254942702e+00 2.477578826188834427e+01 2.320424298269078633e+01 -3.000000000000000000e+01 -2.080414541959327934e+01 -1.755433124711307613e+01 -4.241288019753093330e+00 1.277406022577801226e+00 -1.926003076688146720e+01 -2.888951287962675352e+01 2.526530292687704829e-10 0.000000000000000000e+00 -2.016835249840755040e+01 -2.282238808831474941e+01 0.000000000000000000e+00 0.000000000000000000e+00 -3.000000000000000000e+01 0.000000000000000000e+00 0.000000000000000000e+00
-3.000000000000000000e+01 -2.648475077085795348e+01 3.000000000000000000e+01 2.805342800486700838e+01 -2.652065613327447480e+01 -3.000000000000000000e+01 -4.701075902082890723e-02 5.553087330576287783e+00 3.832802557599015891e+00 -3.000000000000000000e+01 -3.000000000000000000e+01 -2.375417246017327599e+01 -1.765852642506866488e+01 -1.661901479368287582e+01 -3.000000000000000000e+01 -3.000000000000000000e+01 -8.107885767918121419e-09 0.000000000000000000e+00 2.841776385791085602e+01 -3.000000000000000000e+01 0.000000000000000000e+00 0.000000000000000000e+00 -3.000000000000000000e+01 0.000000000000000000e+00 0.000000000000000000e+00
3.000000000000000000e+01 3.000000000000000000e+01 3.000000000000000000e+01 1.385839203756071925e+01 3.000000000000000000e+01 3.000000000000000000e+01 -1.479748381981811534e+01 -3.693506159092194707e+00 -1.211634726834162556e+01 3.000000000000000000e+01 3.000000000000000000e+01 2.767572366887186419e+01 -3.000000000000000000e+01 2.079571749348787790e+01 3.000000000000000000e+01 3.000000000000000000e+01 0.000000000000000000e+00 0.000000000000000000e+00 1.294848411332970350e+01 3.000000000000000000e+01 0.000000000000000000e+00 0.000000000000000000e+00 3.000000000000000000e+01 0.000000000000000000e+00 0.000000000000000000e+00
3.000000000000000000e+01 2.417672780022477852e+01 1.971551249595623645e+01 -1.144744338748397183e+01 2.432905318146400830e+01 2.680629242219529473e+01 1.914746877217949361e+01 -6.501504721830730915e-01 -2.784853679352340095e+01 3.000000000000000000e+01 2.761250434608399829e+01 2.255628776739281349e+01 2.392901577049986273e+01 2.134649914674102256e+00 2.543376087017125897e+01 3.000000000000000000e+01 4.770209096599142383e-09 0.000000000000000000e+00 -2.385666895031880230e+00 2.778512165242247534e+01 0.000000000000000000e+00 0.000000000000000000e+00 3.000000000000000000e+01 0.000000000000000000e+00 0.000000000000000000e+00
2.562743171887852611e+01 2.002575684515633725e+01 1.045977730603212530e+00 -2.016133543738852651e+01 1.749124541486355966e+01 1.754058070606047437e+01 -3.393726747975134739e+00 -1.370882255677982720e+01 2.892460935330741734e+01 2.565928243702797928e+01 1.766428597540286205e+01 8.809661235895717368e+00 1.329722227790858469e+01 -5.721109807628720567e+00 1.592663506572106691e+01 2.569662759178320499e+01 -2.598568457270317438e-09 0.000000000000000000e+00 -2.260666209036003949e+01 1.756610060289995090e+01 0.000000000000000000e+00 0.000000000000000000e+00 2.604964949545906094e+01 0.000000000000000000e+00 0.000000000000000000e+00
2.812375699998137080e+01 2.452498975132234094e+01 1.614543645516427972e+01 -2.663121874124966126e+01 1.536885353533993559e+01 3.764950217212812422e+00 -2.378790860730564205e+01 2.604485144056147305e+01 1.992711560249350100e+01 1.813152105041189088e+01 1.309719498532040305e+01 -3.475974350978856542e-01 9.023718761897598917e-01 -2.823600130299912436e+01 5.089087550699620266e+00 1.816865574138716610e+01 -6.557937407889936436e-11 0.000000000000000000e+00 2.489725376299157134e+01 1.205890380722132882e+01 0.000000000000000000e+00 0.000000000000000000e+00 1.295834361842768701e+01 0.000000000000000000e+00 0.000000000000000000e+00
8.315962675633246093e+00 2.276829581484119558e+01 -5.573156877631131323e+00 2.698085575371666067e+01 1.224277175567369369e+01 2.424496471608537718e+01 -2.864949653716860922e+01 1.603548719504325604e+01 -2.336348728702651556e+01 1.107544889498969098e+01 6.531600015664309034e+00 -1.321700046038915843e+01 -1.389867189344176301e+00 3.000000000000000000e+01 -6.142504490939383357e-15 1.278712948938694360e+01 4.645029712295145565e-09 0.000000000000000000e+00 7.066580024752036060e+00 3.370039321576368430e+00 0.000000000000000000e+00 0.000000000000000000e+00 1.343394559766853291e+01 0.000000000000000000e+00 0.000000000000000000e+00
2.526095196167088730e+01 5.066238367509753537e+00 7.937659202221738930e+00 7.629953869387494869e+00 7.116153351455163367e+00 6.272042869178211077e+00 2.353218519369374206e+01 -1.339046860323810328e+01 1.776787992536999283e+01 1.341016285116083395e+00 -8.320638659867389819e+00 -2.124239300302197364e+01 -1.143852895706658579e+01 1.790999602680430769e+01 0.000000000000000000e+00 7.138675834693247069e+00 -1.350680378547658184e-15 0.000000000000000000e+00 -6.841057033383502350e+00 8.968893895370981528e-02 0.000000000000000000e+00 0.000000000000000000e+00 2.744939312203278359e+00 0.000000000000000000e+00 0.000000000000000000e+00
6.853441394009103682e+00 -1.220798143775358113e+01 -1.753474513328297490e+01 -1.322799008076979987e+01 1.115235609658512983e+00 -1.676904416653146512e+01 2.210862571457895598e+01 -2.041827502356643720e+01 -5.156050980667897576e+00 0.000000000000000000e+00 -2.081745613767966674e+01 3.000000000000000000e+01 -2.729505428061419181e+01 -3.000000000000000000e+01 0.000000000000000000e+00 1.115235609657692306e+00 -1.889913565176915929e-11 0.000000000000000000e+00 3.000000000000000000e+01 0.000000000000000000e+00 0.000000000000000000e+00 0.000000000000000000e+00 5.920351247620663643e-02 0.000000000000000000e+00 0.000000000000000000e+00
-8.946370020291782410e+00 9.287226742359901976e+00 2.294751121452960163e+01 -2.132380502942163503e+01 0.000000000000000000e+00 2.574381530723443845e+01 6.071106748818112520e-01 2.572521785753858836e+01 2.060092350726268862e+01 0.000000000000000000e+00 2.272450801896136241e+01 2.579392348051846895e+01 2.213070018459653809e+01 3.000000000000000000e+01 0.000000000000000000e+00 6.463777727143390614e-13 -1.560058415543354550e-13 9.756383302966112017e-14 1.437148245568802984e+01 0.000000000000000000e+00 0.000000000000000000e+00 0.000000000000000000e+00 -4.410166834208999178e-10 0.000000000000000000e+00 0.000000000000000000e+00
2.553323988331189653e+01 -1.952281459689581666e+01 3.486064831252566609e-01 1.988550535557777366e+01 0.000000000000000000e+00 1.674062936069525875e+01 -4.050178909684556849e+00 1.479476364696801483e+01 -1.870967873323490460e+00 0.000000000000000000e+00 8.967417850179950634e+00 1.208461295036952876e+01 5.504857756474220487e+00 1.734681636996535303e+01 0.000000000000000000e+00 -2.860637033397861462e+00 5.688633503857622790e-12 2.188057515901341280e-12 3.000000000000000000e+01 0.000000000000000000e+00 0.000000000000000000e+00 0.000000000000000000e+00 -8.495911022613057220e-10 0.000000000000000000e+00 0.000000000000000000e+00
1.403265595270993948e+01 2.686187605663511491e+01 -2.275591803459500539e+01 -5.866885891701827394e-01 0.000000000000000000e+00 1.277037765393967916e+01 2.275699496720772785e+01 -6.453149985969160340e+00 2.171183708005071722e+01 0.000000000000000000e+00 -1.774064225279725449e+01 -4.914486394654464796e+00 -1.933853260346892000e+01 3.620079305504490641e+00 0.000000000000000000e+00 -1.512756429012684301e+01 -4.528296055580872223e-13 6.676024364367693239e-16 1.995692060282148717e+01 0.000000000000000000e+00 0.000000000000000000e+00 0.000000000000000000e+00 -3.313007143453622159e-13 0.000000000000000000e+00 0.000000000000000000e+00
2.116141693438287064e+00 2.200443315142821987e+01 2.315486983517330799e+01 -1.715275982569695046e+01 0.000000000000000000e+00 -2.147140288203223335e+01 1.096751786139566853e+01 2.595791881767506482e+01 -1.360120829290759836e+01 0.000000000000000000e+00 1.883558653229641777e+01 -2.122374553863126323e+01 2.056110073659692361e+01 2.019181329605046916e-03 0.000000000000000000e+00 -2.078421676445835686e+01 5.061018932746347202e-14 -7.311091618702948222e-14 -3.649602752140653550e+00 0.000000000000000000e+00 0.000000000000000000e+00 0.000000000000000000e+00 -1.112155028587795346e-14 0.000000000000000000e+00 0.000000000000000000e+00
-1.824198567549119687e+01 -2.485114526531437829e+00 1.535479599956757868e+00 -2.282581723861028067e+01 0.000000000000000000e+00 2.752415527036530563e+01 -1.240212107900066840e+01 1.151126770729842974e+01 1.133660389655110023e+01 0.000000000000000000e+00 -6.347976312825131195e+00 2.195581534378262134e+01 -6.978448895642763716e+00 -1.130223925018496139e-11 0.000000000000000000e+00 3.000000000000000000e+01 4.693803349106540607e-09 2.585542474851727368e-10 -2.138468641841393136e+01 0.000000000000000000e+00 0.000000000000000000e+00 0.000000000000000000e+00 -2.538391979321592166e-12 0.000000000000000000e+00 0.000000000000000000e+00
-1.997561176858475918e+01 7.389164691177160238e-01 1.795401033133124047e+00 2.605166608561661690e+01 0.000000000000000000e+00 1.285881199653437790e+01 1.275565346349448426e+01 -6.286864750019328874e+00 -1.919118625858881089e+01 0.000000000000000000e+00 -2.388228915166175170e+01 -2.372696398901257808e+01 2.087262237557490607e+01 2.363534698945127227e-10 0.000000000000000000e+00 3.000000000000000000e+01 -3.494349340904045476e-01 -1.153305063686192344e+00 3.000000000000000000e+01 0.000000000000000000e+00 0.000000000000000000e+00 1.212765436947604169e-10 -1.463884081912645818e-11 -3.118368175338434578e-02 0.000000000000000000e+00
2.874956862220173193e+01 -5.996158712430623261e+00 -3.445080991553434391e+00 1.433692530109808416e+01 0.000000000000000000e+00 1.287384774450631753e+01 -2.111840943184542851e+01 -2.065047670041727201e+01 -3.000000000000000000e+01 0.000000000000000000e+00 -3.000000000000000000e+01 3.000000000000000000e+01 -2.917250113354798113e+00 -9.116087173305260398e-10 0.000000000000000000e+00 3.000000000000000000e+01 -2.733946449952777691e+00 -5.341548677972599357e+00 2.173939666402803539e+01 0.000000000000000000e+00 0.000000000000000000e+00 -9.250074326062808217e-01 2.009447085935246205e-11 -3.950444427429739669e+00 0.000000000000000000e+00
1.371147699560451549e+01 -1.719630020968207518e+01 -1.604122201514734769e+01 1.019157492972503798e+00 0.000000000000000000e+00 -6.439262908816264286e+00 -1.207141103926668002e+01 -3.000000000000000000e+01 2.635954648896694508e+01 0.000000000000000000e+00 2.884519763422737171e+01 2.029699255791495816e+01 -2.014701543562054908e+01 -6.951387552071215392e-01 0.000000000000000000e+00 2.668781119116469469e+01 -9.670972631098369021e+00 -1.791788701088106706e+01 1.357382280331301061e+01 0.000000000000000000e+00 -6.144394696901256836e+00 -7.027934676669657321e+00 -7.432019390854114561e-10 -1.103601802346061334e+01 0.000000000000000000e+00
4.898269291815618764e+00 -1.348952721125318988e+01 -3.000000000000000000e+01 -1.348887625851778260e+01 0.000000000000000000e+00 1.487569134668504267e+00 -2.190504165156396965e+01 -3.000000000000000000e+01 9.925801646422081959e+00 0.000000000000000000e+00 3.000000000000000000e+01 -3.139086561631338590e+00 1.423894595016113307e+01 -1.158145241067973608e+01 0.000000000000000000e+00 2.298946140351628387e+01 -1.927331293869675122e+01 -1.862796129366517661e+01 2.048982981253673064e-01 0.000000000000000000e+00 -1.293134832756685171e+01 -1.353612157278020511e+01 -1.015664448836596843e-11 -2.456633367633100562e+01 0.000000000000000000e+00
1.201172396443216961e+01 -2.371075375355680492e+01 -3.000000000000000000e+01 -2.528550958726263431e+01 0.000000000000000000e+00 -2.119016586003281333e+01 -3.000000000000000000e+01 -2.897426538768226223e+01 -1.614857090546924567e+01 0.000000000000000000e+00 3.000000000000000000e+01 2.360427872540749661e+01 -1.688073314568900640e+00 -1.354479346962811803e+01 0.000000000000000000e+00 1.162844582796390824e+01 -2.680645895202511397e+01 -2.436470422088900989e+01 -2.200070229375232700e-08 0.000000000000000000e+00 -1.700887478670699338e+01 -2.756308525945940247e+01 -4.731702938234946017e-08 -2.904094514411336903e+01 0.000000000000000000e+00
-1.852403394852957241e+00 -2.969427255101337337e+01 -3.000000000000000000e+01 -3.000000000000000000e+01 0.000000000000000000e+00 -1.583837092265075874e+01 -3.000000000000000000e+01 -3.000000000000000000e+01 -3.000000000000000000e+01 0.000000000000000000e+00 3.000000000000000000e+01 8.501680393872474539e+00 -1.950039179316817339e+01 -2.890485351918131585e+01 0.000000000000000000e+00 -3.044907810252575064e+00 -3.000000000000000000e+01 -3.000000000000000000e+01 4.917737581488080874e-08 0.000000000000000000e+00 -2.430105792415802313e+01 -3.000000000000000000e+01 1.231615164102386822e-08 -3.000000000000000000e+01 0.000000000000000000e+00
8.900819634036187367e+00 3.000000000000000000e+01 3.000000000000000000e+01 3.000000000000000000e+01 0.000000000000000000e+00 2.922053956972820998e+01 3.000000000000000000e+01 3.000000000000000000e+01 2.582678319918150933e+01 0.000000000000000000e+00 2.048285767497420906e+01 -7.792583113892823654e+00 2.720294491794303582e+01 -2.338785712309576681e+01 0.000000000000000000e+00 1.849375609137469212e+01 3.000000000000000000e+01 3.000000000000000000e+01 6.219271652156900619e-10 0.000000000000000000e+00 3.000000000000000000e+01 3.000000000000000000e+01 4.066482420174031490e-10 3.000000000000000000e+01 0.000000000000000000e+00
5.991451351356601868e-02 2.351529262762725736e+01 3.000000000000000000e+01 3.000000000000000000e+01 0.000000000000000000e+00 2.176098673832618147e+01 3.000000000000000000e+01 3.000000000000000000e+01 5.744559357397782229e+00 0.000000000000000000e+00 3.274772472584756677e+00 -2.612002323269107507e+01 4.809659349058506450e+00 -2.643542394298132336e+01 0.000000000000000000e+00 -1.147687257623591028e+00 3.000000000000000000e+01 3.000000000000000000e+01 -3.464942486932134802e+00 0.000000000000000000e+00 2.565725310052192043e+01 3.000000000000000000e+01 -1.049162684003307572e-08 3.000000000000000000e+01 0.000000000000000000e+00
-1.437098811975247692e+01 1.738091170511196282e+01 2.458956918122236601e+01 1.237230988722933489e+01 0.000000000000000000e+00 1.999922974311890655e+01 2.518182498891838605e+01 2.359301620667366350e+01 -6.191535955962601534e+00 0.000000000000000000e+00 -1.858243180434613606e+01 -1.854224449470044789e+01 5.675221725969202709e-08 3.000000000000000000e+01 0.000000000000000000e+00 -1.776390999291748685e+01 3.000000000000000000e+01 2.058313608542676931e+01 -1.329912602429755353e+01 0.000000000000000000e+00 1.914716133360075290e+01 2.979494668082653774e+01 1.279831635464143874e-07 2.744980186648716369e+01 0.000000000000000000e+00
-2.797324854856083576e+01 1.355321065438004702e+01 1.283000813634572523e+01 5.086587736185987474e+00 0.000000000000000000e+00 -3.336410769068724580e+00 1.878869094836977638e+01 1.508507724250110904e+01 2.448443439819372713e+01 0.000000000000000000e+00 2.306902084111766271e+01 -3.000000000000000000e+01 -4.969462309660306332e+00 2.441312065209866944e+01 0.000000000000000000e+00 -1.374211990038436149e+01 1.704677700967648590e+01 1.442350126390120835e+01 -1.727734692174465181e+01 0.000000000000000000e+00 7.313976392660585191e+00 2.792684364499496041e+01 -1.589134217360423624e-08 1.898475984748169054e+01 0.000000000000000000e+00
3.000000000000000000e+01 4.276612641415252547e+00 1.125998274509441188e+01 8.469738939837763478e-12 0.000000000000000000e+00 1.368075663316982826e+01 4.757052761755971027e+00 1.046597883429395459e+01 9.432635751950433800e+00 0.000000000000000000e+00 1.320420833646730019e+00 -3.000000000000000000e+01 -2.136041895516130040e+01 1.394271919147302086e+01 0.000000000000000000e+00 -2.269625757156403267e+01 8.461969960342345942e+00 3.000000000000000000e+01 -3.000000000000000000e+01 0.000000000000000000e+00 1.272213298820885718e+01 9.822430454102791586e+00 -7.379844216107697209e-07 1.012426718312356222e+01 0.000000000000000000e+00
-3.000000000000000000e+01 1.189064057135629437e-03 1.186014071286464411e+00 0.000000000000000000e+00 0.000000000000000000e+00 -1.708420597867356960e+01 9.650044985824505206e-01 1.501064440521044041e+00 -1.607080943056299560e+01 0.000000000000000000e+00 6.489385127779369711e+00 3.000000000000000000e+01 -3.000000000000000000e+01 1.376241340221545606e+01 0.000000000000000000e+00 -3.000000000000000000e+01 1.932060333467619628e+01 2.477552404186899793e+01 3.000000000000000000e+01 0.000000000000000000e+00 1.144279798169219389e-02 -2.547534335397753313e+00 -5.092641701422606472e-07 1.916962015020356735e-01 0.000000000000000000e+00
3.000000000000000000e+01 0.000000000000000000e+00 0.000000000000000000e+00 0.000000000000000000e+00 0.000000000000000000e+00 2.398677930929659041e+01 6.254562870704100108e-02 2.963091781748340980e-01 1.694266861007017866e+01 0.000000000000000000e+00 -1.699944671067772362e+01 3.000000000000000000e+01 3.000000000000000000e+01 9.621623889127143059e+00 0.000000000000000000e+00 2.394481674538381100e+01 8.703501350292437433e-01 1.299293274697319944e+01 3.000000000000000000e+01 0.000000000000000000e+00 -6.756113242317344891e+00 1.617174968246576938e+01 3.057946251749119124e-09 -1.289656235876996249e+01 0.000000000000000000e+00
-2.294029158783569144e+01 0.000000000000000000e+00 0.000000000000000000e+00 0.000000000000000000e+00 0.000000000000000000e+00 1.452915622874539281e+01 3.043236752559216395e-07 -2.406575604674997989e-10 -1.123969356024247901e+01 0.000000000000000000e+00 -2.420438857179069103e+01 2.538264420260992438e+01 2.973178928773128860e+01 -5.669281579556269435e+00 0.000000000000000000e+00 1.466086666286747686e+01 -4.330375279850124381e-01 -2.285632946494102757e+00 3.000000000000000000e+01 0.000000000000000000e+00 -1.656481155186471810e+01 1.337362340589171161e+01 -2.956235275682870623e-08 -2.124342426878776635e+01 0.000000000000000000e+00
3.000000000000000000e+01 0.000000000000000000e+00 0.000000000000000000e+00 0.000000000000000000e+00 0.000000000000000000e+00 -1.661962954273343840e+01 3.307351782798473910e-07 -1.033931478878753725e-09 -2.084553708005955386e+01 0.000000000000000000e+00 2.551189749999986844e+01 1.395563422714290347e+01 1.924645416581061497e+01 -1.435994809591268151e+01 0.000000000000000000e+00 6.494453455732781322e+00 7.060498564742252903e+00 -1.860827323558850210e+01 3.000000000000000000e+01 0.000000000000000000e+00 3.000000000000000000e+01 9.338124643356572607e-03 -1.935571453727557882e-07 -2.538281436856231110e+01 0.000000000000000000e+00
2.171172071325576169e+01 0.000000000000000000e+00 0.000000000000000000e+00 0.000000000000000000e+00 0.000000000000000000e+00 2.155354308264550767e+01 -3.145158096180534196e-09 2.115887231825637332e-09 2.258115868620353339e+01 0.000000000000000000e+00 6.963705320309295566e+00 1.925606912703763740e+01 -1.029239506621202160e+01 -2.546811115244247858e+01 0.000000000000000000e+00 -2.979797594488958534e+00 -1.502031505561711811e+01 2.384438159593499762e+01 2.929786810674778152e+01 0.000000000000000000e+00 3.000000000000000000e+01 -1.079907173128324160e+01 -1.132822039691506038e-07 2.496313793584815954e+01 0.000000000000000000e+00
1.102477282289271976e+01 0.000000000000000000e+00 0.000000000000000000e+00 0.000000000000000000e+00 0.000000000000000000e+00 3.472293350439290993e+00 2.420840856752326986e-08 4.966951734360813213e-10 -1.924868462275557635e+00 0.000000000000000000e+00 1.237000944215395215e+01 5.163459838140662228e+00 7.653839737155994527e+00 3.000000000000000000e+01 0.000000000000000000e+00 -2.330470019323886888e+01 2.121800691272989781e+01 9.173952371579957799e+00 2.651205900470720778e+01 0.000000000000000000e+00 2.407119423343334574e+01 1.565453615021614731e+01 -6.352205319825330066e-08 1.754307589335171258e+01 0.000000000000000000e+00
1.724202206823283623e+00 0.000000000000000000e+00 0.000000000000000000e+00 0.000000000000000000e+00 0.000000000000000000e+00 -2.043577784946766585e+01 -6.638112410158369897e-08 -1.792027635283468732e-08 -2.146744902315678161e+01 0.000000000000000000e+00 -1.394566386539813863e+01 1.423394564569981924e+01 -7.368369663727367819e-03 2.487225819257499992e+01 0.000000000000000000e+00 2.305887666578403383e+01 -2.573749514785259596e+00 -8.141286321567561046e+00 2.495963319425909432e+01 0.000000000000000000e+00 1.462699930351780075e+01 -2.148317395639973171e+01 1.972136413025356872e-08 1.398678017562931686e+01 0.000000000000000000e+00
-5.075613141630485714e+00 0.000000000000000000e+00 0.000000000000000000e+00 0.000000000000000000e+00 0.000000000000000000e+00 -4.437922167263314677e+00 -2.363705203957203946e-09 1.068231618890062006e-08 3.000000000000000000e+01 -6.634071267839938280e-01 1.998739363336979835e+01 6.729638968566763246e+00 -1.535400997220835073e+01 3.000000000000000000e+01 -1.873519305850769034e-01 1.224671983180681156e+00 -1.913188898566695073e+01 6.080451194578190943e+00 1.430149618854788329e+01 0.000000000000000000e+00 1.174935825396598243e+00 3.000000000000000000e+01 -8.440522332905947556e-02 3.000000000000000000e+01 -5.002921455851801369e+00
-1.270506902113396741e+01 0.000000000000000000e+00 0.000000000000000000e+00 0.000000000000000000e+00 0.000000000000000000e+00 1.277485828541246171e+01 -2.201211776008552451e-08 -2.050945050664496178e-08 1.476218789507574236e+01 -5.952715612081168395e+00 -2.084791783786571706e+00 -1.688697567327788818e+01 2.479794743074281627e+01 2.576103216276485597e+01 -2.279301615139718074e+00 -1.967718483523773543e+01 2.825694338193795474e+01 1.448274485463261563e+01 5.918103865112765982e-01 0.000000000000000000e+00 1.513412019503624695e+00 2.041357782125501785e+01 -3.757111946696918725e+00 1.978758943552110594e+01 -1.049335419618974541e+01
-1.832837124518364647e+01 0.000000000000000000e+00 0.000000000000000000e+00 0.000000000000000000e+00 0.000000000000000000e+00 -1.124831288109397320e+01 2.412184207014264729e-07 8.181274508326491454e-09 2.061599898102882022e+00 -1.315139255072106828e+01 -2.112026407966391872e+01 -3.000000000000000000e+01 8.432212653104973477e-01 1.249595074557698560e+01 -1.230809991425071281e+01 -9.818948031019193223e+00 2.297759438781891816e+01 -2.476703166646437282e+01 -1.821980808754860615e-08 -1.074800196894067431e-02 -2.256994665791487620e+01 2.738699444429974594e+00 -1.211563279970552465e+01 -6.269937258738639052e+00 -1.450078413349277895e+01
-2.575865635275224363e+01 0.000000000000000000e+00 0.000000000000000000e+00 0.000000000000000000e+00 0.000000000000000000e+00 -2.073171481356212098e+01 -4.944634971248548285e-08 -5.015435833011199518e-08 -7.754553575191039272e+00 -2.646522673674855497e+01 1.966137725729489194e+00 3.000000000000000000e+01 -1.893560119332160596e+01 1.659341220942493145e+00 -2.230954861312299542e+01 -3.000000000000000000e+01 1.470375174339093316e-01 2.038129183405162692e+01 -1.627478666376841243e+00 -3.062582005300910737e+00 -1.634166047156489654e+01 1.381931591068986798e+01 -2.657496887572019517e+01 -1.856487911446083672e+01 -1.603561588201969812e+01
-3.000000000000000000e+01 0.000000000000000000e+00 0.000000000000000000e+00 0.000000000000000000e+00 0.000000000000000000e+00 -2.583523945698998148e+01 2.431226275379424749e-08 0.000000000000000000e+00 -1.909764353704816386e+01 -3.000000000000000000e+01 -2.237693919005703336e+01 2.596179748520777508e+01 1.479372617687707603e+01 6.160631346412274317e-08 -2.270150475700548043e+01 -3.000000000000000000e+01 -3.000000000000000000e+01 -1.151397999073954104e+01 -2.218256465020372303e+01 -2.385116855005565029e+01 -2.971289587242849350e+01 -1.362157795530032089e+01 -3.000000000000000000e+01 8.428852034839383833e+00 -2.016451112188046935e+01
-3.000000000000000000e+01 0.000000000000000000e+00 0.000000000000000000e+00 0.000000000000000000e+00 0.000000000000000000e+00 -3.000000000000000000e+01 2.500429003674184731e-08 0.000000000000000000e+00 -2.556707318201303636e+01 -3.000000000000000000e+01 -3.000000000000000000e+01 9.077234800709232942e+00 -7.304408926791754908e+00 -5.105533609592180024e-08 -3.000000000000000000e+01 -3.000000000000000000e+01 3.000000000000000000e+01 2.564316874176873995e+01 3.000000000000000000e+01 -3.000000000000000000e+01 -2.691939498302241418e+01 -2.418394426538334230e+01 -3.000000000000000000e+01 -1.726532962644408187e+01 -2.658962448658190780e+01
