# yaw
0.000000000000000000e+00 0.000000000000000000e+00 0.000000000000000000e+00 0.000000000000000000e+00 0.000000000000000000e+00 3.000000000000000000e+01 -2.472050201233917122e+01 0.000000000000000000e+00 3.000000000000000000e+01 3.000000000000000000e+01 3.000000000000000000e+01 -2.248877064483943755e+01 -2.719588932718298935e+01 3.000000000000000000e+01 -5.540386098847178253e+00 3.000000000000000000e+01 3.000000000000000000e+01 -2.377847208168029525e+01 1.882931552460901159e+01 3.000000000000000000e+01 3.000000000000000000e+01 7.496081251103824394e-01 -9.455762547402271068e+00 3.000000000000000000e+01 3.000000000000000000e+01
0.000000000000000000e+00 0.000000000000000000e+00 0.000000000000000000e+00 0.000000000000000000e+00 0.000000000000000000e+00 3.000000000000000000e+01 -3.000000000000000000e+01 0.000000000000000000e+00 3.000000000000000000e+01 3.000000000000000000e+01 3.000000000000000000e+01 -2.320911560609623692e+01 3.000000000000000000e+01 3.000000000000000000e+01 -1.828287857890084211e+01 3.000000000000000000e+01 3.000000000000000000e+01 2.056850426833763734e+01 -8.343197275691612846e-01 3.000000000000000000e+01 2.149307980897917147e+01 -1.737380754988009590e+00 1.600069196196071175e+01 1.565455830940246784e+01 3.000000000000000000e+01
0.000000000000000000e+00 0.000000000000000000e+00 0.000000000000000000e+00 0.000000000000000000e+00 0.000000000000000000e+00 2.303367142107938292e+01 3.000000000000000000e+01 0.000000000000000000e+00 2.214055824076276124e+01 3.000000000000000000e+01 2.072375922665892034e+01 3.000000000000000000e+01 1.802363497240630608e+01 2.842355050336064437e+01 -3.000000000000000000e+01 2.200840641280928978e+01 2.811531785792919180e+01 4.472938760033650096e-01 -1.421500894919644686e+01 3.000000000000000000e+01 1.512389015794149039e+01 -2.010354571907799226e+01 -8.904565799344537069e+00 -1.030430427037446250e+01 2.169972432440333421e+01
0.000000000000000000e+00 0.000000000000000000e+00 0.000000000000000000e+00 0.000000000000000000e+00 0.000000000000000000e+00 1.794534092323290508e+01 3.000000000000000000e+01 0.000000000000000000e+00 1.103157377689897345e+01 2.786918309291529638e+01 1.631381797243726695e+01 1.904270516418617021e+01 6.350896411460533741e+00 3.000000000000000000e+01 3.000000000000000000e+01 1.672885621585515636e+01 1.404781902605454746e+01 -6.166898474540733588e+00 -3.000000000000000000e+01 1.453540157522609455e+01 6.212820322279329233e+00 -3.000000000000000000e+01 -3.000000000000000000e+01 1.067414999355086103e+01 1.556100771572085328e+01
0.000000000000000000e+00 0.000000000000000000e+00 0.000000000000000000e+00 0.000000000000000000e+00 0.000000000000000000e+00 6.546005800379395723e+00 2.272909460733561460e+01 0.000000000000000000e+00 -2.936552878582372017e+00 1.316730158040206256e+01 4.729469708328859490e+00 1.338599286274958367e+01 -8.741465921118352966e+00 3.000000000000000000e+01 3.000000000000000000e+01 5.560663549914137249e+00 1.110397107820517526e+01 0.000000000000000000e+00 3.000000000000000000e+01 4.651803398290133451e+00 0.000000000000000000e+00 -3.000000000000000000e+01 2.271539125252676783e+01 -6.076089560505704590e+00 1.765839234764758814e+01
0.000000000000000000e+00 0.000000000000000000e+00 0.000000000000000000e+00 0.000000000000000000e+00 0.000000000000000000e+00 0.000000000000000000e+00 2.133872651728008663e+01 0.000000000000000000e+00 -1.582924424665785246e+01 5.639326809982141420e+00 0.000000000000000000e+00 -1.294711981752806329e+00 -2.456032727114746805e+01 1.958870134686948461e+01 1.501035878359024522e+01 9.005659848975057002e+00 9.588135419569352447e-01 0.000000000000000000e+00 1.941605455447795237e+01 -1.683863343352666675e+01 0.000000000000000000e+00 3.000000000000000000e+01 1.416884222891264322e+01 2.374456510881750049e+01 -5.734556601138215193e+00
0.000000000000000000e+00 0.000000000000000000e+00 0.000000000000000000e+00 0.000000000000000000e+00 0.000000000000000000e+00 0.000000000000000000e+00 8.392856206905591421e+00 0.000000000000000000e+00 -2.604717633786978581e+01 -1.289499412890420871e+01 0.000000000000000000e+00 -2.166682297920829114e+01 3.000000000000000000e+01 4.859419469458553742e+00 -2.375547794944538715e+00 2.348148506595247945e-02 0.000000000000000000e+00 0.000000000000000000e+00 1.221370986968328154e+01 4.206358329652874595e+00 0.000000000000000000e+00 3.000000000000000000e+01 -1.755800760305039532e+01 -1.720037591746402938e+01 -2.000610081075002000e+01
0.000000000000000000e+00 0.000000000000000000e+00 0.000000000000000000e+00 0.000000000000000000e+00 0.000000000000000000e+00 0.000000000000000000e+00 4.832180992332918423e-01 0.000000000000000000e+00 3.000000000000000000e+01 2.251312475109051547e+01 0.000000000000000000e+00 2.590242833498568942e+01 1.374276769440489865e+01 -8.253910724582307346e-01 -3.705173505550860558e+00 0.000000000000000000e+00 8.826982060059273911e-08 3.000000000000000000e+01 1.786441035426481250e+01 -2.377519108571213735e+01 0.000000000000000000e+00 2.246770985530407927e+01 -9.888591731798005213e+00 2.385850527548604205e+01 -2.351093786174982370e+01
0.000000000000000000e+00 0.000000000000000000e+00 0.000000000000000000e+00 0.000000000000000000e+00 0.000000000000000000e+00 0.000000000000000000e+00 -1.741019744014944137e-01 0.000000000000000000e+00 2.166689536996505794e+01 -9.239229799941867327e+00 0.000000000000000000e+00 -8.549472260257696021e+00 -2.710946413815811251e+00 -1.662295946703751426e+01 -2.644132531394846097e+01 0.000000000000000000e+00 0.000000000000000000e+00 1.269136574095985637e+01 -1.577423921501893744e+01 2.703842622915948368e+01 0.000000000000000000e+00 7.228681730552827922e+00 1.856328550997033844e+01 1.255384490485400306e+01 3.000000000000000000e+01
0.000000000000000000e+00 0.000000000000000000e+00 0.000000000000000000e+00 0.000000000000000000e+00 0.000000000000000000e+00 0.000000000000000000e+00 -9.618212109098392304e+00 0.000000000000000000e+00 1.409806397205388606e+01 1.830189136432876040e+01 0.000000000000000000e+00 3.000000000000000000e+01 -2.154199546289921230e+01 2.417186310041339325e+01 2.520626813436945923e+01 0.000000000000000000e+00 0.000000000000000000e+00 -2.066110438219282486e+01 2.332346518275292979e+01 6.716416290167397385e+00 0.000000000000000000e+00 4.368395414975709268e-02 -1.736635418333250769e+01 -1.591428662939873284e+01 1.701862297892227360e+01
0.000000000000000000e+00 0.000000000000000000e+00 0.000000000000000000e+00 0.000000000000000000e+00 0.000000000000000000e+00 0.000000000000000000e+00 -2.153636385488941585e+01 0.000000000000000000e+00 -1.667027397435138836e+00 -1.656098932696765047e+01 0.000000000000000000e+00 1.872312760321884184e+01 1.928926472458940822e+01 -3.501230288159992821e+00 5.444330820961203798e+00 0.000000000000000000e+00 0.000000000000000000e+00 2.488910828529749608e+01 -2.280406406857418133e+00 -1.953479827956816095e+01 0.000000000000000000e+00 6.130506842263507621e-11 1.646702245127702469e+01 3.752317861696290446e+00 -1.250375992465081154e+01
0.000000000000000000e+00 0.000000000000000000e+00 0.000000000000000000e+00 0.000000000000000000e+00 0.000000000000000000e+00 0.000000000000000000e+00 3.000000000000000000e+01 0.000000000000000000e+00 -1.996530119788952717e+01 -2.959487613510057002e+01 0.000000000000000000e+00 3.392376708959848663e+00 -8.860305287911524275e+00 2.066470637630225227e+01 -2.031797931039287164e+01 0.000000000000000000e+00 0.000000000000000000e+00 9.992869488963032509e+00 7.104541589371732968e+00 -1.845287755864437784e+01 0.000000000000000000e+00 -1.718600178718268975e-09 -1.050729948631677679e+01 5.033177452574728150e+00 1.393261838294901267e+01
0.000000000000000000e+00 0.000000000000000000e+00 0.000000000000000000e+00 0.000000000000000000e+00 -6.263899282391324874e+00 0.000000000000000000e+00 2.202265539531179073e+01 -1.829664112842486201e+00 3.000000000000000000e+01 2.821921885570323241e+01 0.000000000000000000e+00 -1.176357046137782980e+01 -2.892690055397258320e+01 -1.117810697270907205e+01 -3.000000000000000000e+01 0.000000000000000000e+00 0.000000000000000000e+00 -5.797563877940792310e+00 -1.568575307873382663e+01 -2.754062973797721625e+01 0.000000000000000000e+00 -6.389396912898173575e+00 -2.298762661583850431e+01 -2.142182566350838258e+00 -5.072305464026979349e-01
0.000000000000000000e+00 7.354940219937188357e-07 -3.871815260183862684e+00 -7.450427001504898727e-02 -1.143441023403290124e+01 0.000000000000000000e+00 1.205079313046362799e+01 -4.836784277217616612e+00 2.761428538429625945e+01 1.037140565786365443e+01 0.000000000000000000e+00 -2.818125960436978161e+01 2.713262576760273248e+01 5.843142246087909442e+00 -2.086127420434482005e+01 0.000000000000000000e+00 -8.330669199375217343e-12 -1.291933846242727846e+01 -7.026968257563178888e+00 2.852471269486088445e+01 0.000000000000000000e+00 -1.235425254735280021e+01 -7.256303821376203222e-01 -2.202957774771770616e+01 -1.849210695459113296e+01
0.000000000000000000e+00 -2.678181527418237451e+00 -7.899857273411706515e+00 -9.919620141996283280e+00 -1.477043584938187237e+01 0.000000000000000000e+00 5.710086004245412683e-01 -1.399484517369725722e+01 1.974209824412064762e+01 6.741787571047568761e+00 0.000000000000000000e+00 3.000000000000000000e+01 1.129506508518813490e+01 -1.734694893538750193e+01 2.743596624133196471e+01 0.000000000000000000e+00 1.134636176723509123e-10 -1.664629365610915102e+01 -2.753903591282577423e+01 1.178694149886659481e+01 0.000000000000000000e+00 -1.816627238573289915e+01 -2.012868423321735989e+01 2.360774196705089700e+00 -9.587321509545542852e+00
0.000000000000000000e+00 -1.177531568292764952e+01 -2.241235275848055863e+01 -2.032717155920281371e+01 -1.737303949007395332e+01 0.000000000000000000e+00 -5.313477580648719112e+00 -1.989636766442252380e+01 1.514820741539140236e+01 -5.315673493889369716e+00 0.000000000000000000e+00 1.942422026521506595e+01 2.616861844989546881e+01 -3.000000000000000000e+01 1.535119157571205584e+01 0.000000000000000000e+00 0.000000000000000000e+00 -2.317706347763660091e+01 -3.000000000000000000e+01 9.780426086539893760e+00 0.000000000000000000e+00 -2.663836821438485103e+01 -2.448156814138995685e+01 -2.247571087018262048e+01 -2.440594225569207154e+01
0.000000000000000000e+00 -2.584369691974032079e+01 -3.000000000000000000e+01 -3.000000000000000000e+01 -1.911141716558381987e+01 0.000000000000000000e+00 -1.807121324615755498e+01 -2.673054920255596656e+01 -7.658112364434932928e+00 2.653143803380230992e+01 0.000000000000000000e+00 1.069584697540965479e+01 9.199364594335184719e+00 3.000000000000000000e+01 -1.768602223873084966e+01 0.000000000000000000e+00 0.000000000000000000e+00 -3.000000000000000000e+01 -3.000000000000000000e+01 -5.156953077419001552e+00 0.000000000000000000e+00 -3.000000000000000000e+01 -3.000000000000000000e+01 -3.000000000000000000e+01 -2.036142803651387467e+01
0.000000000000000000e+00 -3.000000000000000000e+01 -3.000000000000000000e+01 -3.000000000000000000e+01 -3.000000000000000000e+01 0.000000000000000000e+00 -3.000000000000000000e+01 -3.000000000000000000e+01 -2.308169363536911689e+01 3.000000000000000000e+01 0.000000000000000000e+00 -4.213810324837557353e+00 -6.097293694464555713e+00 3.000000000000000000e+01 1.487579809278857468e+01 0.000000000000000000e+00 0.000000000000000000e+00 0.000000000000000000e+00 -3.000000000000000000e+01 1.983079593835870469e+01 0.000000000000000000e+00 0.000000000000000000e+00 0.000000000000000000e+00 0.000000000000000000e+00 -3.000000000000000000e+01
0.000000000000000000e+00 0.000000000000000000e+00 0.000000000000000000e+00 3.000000000000000000e+01 3.000000000000000000e+01 0.000000000000000000e+00 3.000000000000000000e+01 0.000000000000000000e+00 1.050175647256917877e+01 -1.586284595725698487e+01 0.000000000000000000e+00 -1.459110512219537270e+01 -2.256807732747711981e+01 1.476508816673274893e+01 -1.160489874396819587e+01 0.000000000000000000e+00 0.000000000000000000e+00 0.000000000000000000e+00 3.000000000000000000e+01 5.472732076894976094e-01 0.000000000000000000e+00 0.000000000000000000e+00 3.000000000000000000e+01 3.000000000000000000e+01 3.000000000000000000e+01
0.000000000000000000e+00 3.000000000000000000e+01 3.000000000000000000e+01 3.000000000000000000e+01 2.551405965720490698e+01 0.000000000000000000e+00 2.485019609576967881e+01 3.000000000000000000e+01 -1.050770971865759584e+01 -2.201814178107847297e+01 0.000000000000000000e+00 -3.000000000000000000e+01 1.491645848622140136e+01 -1.245107986935770050e+01 3.000000000000000000e+01 0.000000000000000000e+00 0.000000000000000000e+00 3.000000000000000000e+01 3.000000000000000000e+01 -1.386788973594231360e-02 0.000000000000000000e+00 3.000000000000000000e+01 3.000000000000000000e+01 3.000000000000000000e+01 2.660796929204820316e+01
0.000000000000000000e+00 2.319888922614026328e+01 2.625497807389511706e+01 3.000000000000000000e+01 3.000000000000000000e+01 0.000000000000000000e+00 1.527467125887636534e+01 2.680632577393246052e+01 -2.861022702610063106e+01 3.000000000000000000e+01 0.000000000000000000e+00 3.000000000000000000e+01 -2.933550136166463762e+00 1.898231180030226284e+01 1.759467558344942972e+01 0.000000000000000000e+00 0.000000000000000000e+00 2.616733408068354905e+01 3.000000000000000000e+01 -1.577298737463156542e+01 0.000000000000000000e+00 2.628789186637200004e+01 2.884449051597721692e+01 2.670877959075397357e+01 2.018267809955208492e+01
0.000000000000000000e+00 1.471029691722427657e+01 3.000000000000000000e+01 3.000000000000000000e+01 2.838240836616591167e+01 0.000000000000000000e+00 5.398856621779203557e+00 3.000000000000000000e+01 -2.846888650736303461e+01 3.000000000000000000e+01 0.000000000000000000e+00 1.945142410693919288e+01 -3.000000000000000000e+01 -1.353464909684527662e+01 0.000000000000000000e+00 0.000000000000000000e+00 0.000000000000000000e+00 3.000000000000000000e+01 2.526857212067239189e+01 3.000000000000000000e+01 0.000000000000000000e+00 3.000000000000000000e+01 2.191595957885245127e+01 1.776671957261697798e+01 2.150259325657242471e+01
0.000000000000000000e+00 2.478195826570693594e+00 3.000000000000000000e+01 1.803932783031794784e+01 2.280103270111191804e+01 0.000000000000000000e+00 -3.659295658897651737e+00 2.271030598348810514e+01 3.000000000000000000e+01 2.750219407622262935e+01 0.000000000000000000e+00 6.597893679972954395e+00 3.000000000000000000e+01 8.145621819293907606e+00 0.000000000000000000e+00 0.000000000000000000e+00 0.000000000000000000e+00 1.553316376261004805e+01 1.003244199848081486e+01 3.000000000000000000e+01 0.000000000000000000e+00 1.267655606157726744e+01 2.131984091999800057e+01 0.000000000000000000e+00 1.587400538332710553e+01
0.000000000000000000e+00 0.000000000000000000e+00 0.000000000000000000e+00 0.000000000000000000e+00 0.000000000000000000e+00 0.000000000000000000e+00 0.000000000000000000e+00 0.000000000000000000e+00 0.000000000000000000e+00 0.000000000000000000e+00 0.000000000000000000e+00 0.000000000000000000e+00 0.000000000000000000e+00 0.000000000000000000e+00 0.000000000000000000e+00 0.000000000000000000e+00 0.000000000000000000e+00 0.000000000000000000e+00 0.000000000000000000e+00 0.000000000000000000e+00 0.000000000000000000e+00 0.000000000000000000e+00 0.000000000000000000e+00 0.000000000000000000e+00 0.000000000000000000e+00
0.000000000000000000e+00 0.000000000000000000e+00 0.000000000000000000e+00 0.000000000000000000e+00 0.000000000000000000e+00 0.000000000000000000e+00 0.000000000000000000e+00 0.000000000000000000e+00 0.000000000000000000e+00 0.000000000000000000e+00 0.000000000000000000e+00 0.000000000000000000e+00 0.000000000000000000e+00 0.000000000000000000e+00 0.000000000000000000e+00 0.000000000000000000e+00 0.000000000000000000e+00 0.000000000000000000e+00 0.000000000000000000e+00 0.000000000000000000e+00 0.000000000000000000e+00 0.000000000000000000e+00 0.000000000000000000e+00 0.000000000000000000e+00 0.000000000000000000e+00
0.000000000000000000e+00 0.000000000000000000e+00 0.000000000000000000e+00 0.000000000000000000e+00 0.000000000000000000e+00 0.000000000000000000e+00 0.000000000000000000e+00 0.000000000000000000e+00 0.000000000000000000e+00 0.000000000000000000e+00 0.000000000000000000e+00 0.000000000000000000e+00 0.000000000000000000e+00 0.000000000000000000e+00 0.000000000000000000e+00 0.000000000000000000e+00 0.000000000000000000e+00 0.000000000000000000e+00 0.000000000000000000e+00 0.000000000000000000e+00 0.000000000000000000e+00 0.000000000000000000e+00 0.000000000000000000e+00 0.000000000000000000e+00 0.000000000000000000e+00
0.000000000000000000e+00 0.000000000000000000e+00 0.000000000000000000e+00 0.000000000000000000e+00 0.000000000000000000e+00 0.000000000000000000e+00 0.000000000000000000e+00 0.000000000000000000e+00 0.000000000000000000e+00 0.000000000000000000e+00 0.000000000000000000e+00 0.000000000000000000e+00 0.000000000000000000e+00 0.000000000000000000e+00 0.000000000000000000e+00 0.000000000000000000e+00 0.000000000000000000e+00 0.000000000000000000e+00 0.000000000000000000e+00 0.000000000000000000e+00 0.000000000000000000e+00 0.000000000000000000e+00 0.000000000000000000e+00 0.000000000000000000e+00 0.000000000000000000e+00
0.000000000000000000e+00 1.992482057183043409e+01 -3.000000000000000000e+01 2.375998027700466153e+01 2.742715191528407814e+01 0.000000000000000000e+00 -1.263567291534678816e+01 8.174738483242290243e+00 0.000000000000000000e+00 -1.125260195237758154e+01 0.000000000000000000e+00 5.081675297141241554e-01 0.000000000000000000e+00 1.485864858272051059e+01 2.620222495373924687e+01 0.000000000000000000e+00 0.000000000000000000e+00 0.000000000000000000e+00 0.000000000000000000e+00 0.000000000000000000e+00 0.000000000000000000e+00 0.000000000000000000e+00 0.000000000000000000e+00 0.000000000000000000e+00 0.000000000000000000e+00
0.000000000000000000e+00 -4.764526149091281026e-01 3.000000000000000000e+01 -2.556362590448676642e+00 1.532347950302747996e+01 0.000000000000000000e+00 -3.000000000000000000e+01 2.122039337421125538e+01 -3.000000000000000000e+01 3.000000000000000000e+01 0.000000000000000000e+00 -6.277437189079256186e+00 -8.483601134538236721e+00 1.959107313210255441e+01 2.599492760654346313e+00 0.000000000000000000e+00 0.000000000000000000e+00 0.000000000000000000e+00 0.000000000000000000e+00 3.000000000000000000e+01 0.000000000000000000e+00 0.000000000000000000e+00 0.000000000000000000e+00 0.000000000000000000e+00 0.000000000000000000e+00
0.000000000000000000e+00 -2.134979928596068177e+01 3.000000000000000000e+01 -2.319082355979265841e+01 -1.313239683941091762e+01 0.000000000000000000e+00 3.000000000000000000e+01 -1.048446456321509146e+01 2.955940911400935533e+01 1.522641944475986442e+01 0.000000000000000000e+00 3.000000000000000000e+01 2.103081508641094288e+01 -5.123988448343276936e+00 -2.077376840929592561e+01 0.000000000000000000e+00 -7.609193220267720538e-07 0.000000000000000000e+00 0.000000000000000000e+00 2.301443390890387519e+01 0.000000000000000000e+00 0.000000000000000000e+00 -7.625758312209090525e-09 0.000000000000000000e+00 0.000000000000000000e+00
-1.259445458090813430e+00 3.000000000000000000e+01 1.820111067958868034e+01 3.000000000000000000e+01 -6.169233650913461098e+00 0.000000000000000000e+00 2.342745265158061940e+01 -2.814027716649919952e+01 5.161540933826971767e+00 -8.076305626517509495e+00 0.000000000000000000e+00 1.329688746353450846e+01 -5.254945467249121371e+00 -4.119430459101900865e+00 2.933452565105389809e+01 0.000000000000000000e+00 -8.621525096992911363e-01 0.000000000000000000e+00 0.000000000000000000e+00 1.128463601439547226e+01 0.000000000000000000e+00 0.000000000000000000e+00 0.000000000000000000e+00 0.000000000000000000e+00 0.000000000000000000e+00
-7.811369056481519024e+00 2.548589515732900423e+01 1.566495716490142343e+01 1.847967714124290595e+01 2.100503547883536015e+01 -8.290509062406952623e+00 1.443290717700086567e+01 2.249900803287298601e+01 -1.942919789698932576e+01 -2.232541085975189077e+01 -3.895751174145304585e+00 -9.116847963981449254e+00 2.463131492045686244e+01 -2.218034286937715205e+00 2.070129175422967549e+01 0.000000000000000000e+00 -8.182034123080899946e+00 0.000000000000000000e+00 0.000000000000000000e+00 -4.493955619635904064e+00 0.000000000000000000e+00 0.000000000000000000e+00 0.000000000000000000e+00 0.000000000000000000e+00 0.000000000000000000e+00
-1.284563465417846828e+01 1.488969611960286343e+01 -6.601123252369725414e+00 1.365454091963737504e+01 -6.531011841228604453e+00 -1.456444393459917208e+01 -1.516471666610727631e+01 -1.820369989747897321e+00 -7.615545622992624608e+00 2.909817359883582455e+01 -1.414691362574249389e+01 -2.296839752823534297e+01 7.059957215198114255e+00 -2.116382076083534614e+01 1.122827905042693919e+00 -2.878870420028931121e-02 -9.903725133261723101e+00 0.000000000000000000e+00 0.000000000000000000e+00 -1.459339882554283641e+01 0.000000000000000000e+00 0.000000000000000000e+00 -2.440430414540990557e-10 0.000000000000000000e+00 0.000000000000000000e+00
-1.560032063099491495e+01 -1.114331646055225988e+01 -2.657113687495525056e+01 -1.366810043778456496e+01 -1.187382233473846682e+01 -2.043456063093116981e+01 2.873510183506354121e+00 1.666932858492302572e+01 -2.032013126108640932e+01 -1.334772960075344628e+01 -2.096119972490066985e+01 1.568916853306074621e+01 -1.527290142290379293e+01 -3.000000000000000000e+01 -1.561250638500478694e+01 -6.367120556724771951e+00 -1.906274534982456004e+01 0.000000000000000000e+00 0.000000000000000000e+00 -2.010765297946180397e+01 0.000000000000000000e+00 0.000000000000000000e+00 -4.352780134296184606e-11 0.000000000000000000e+00 0.000000000000000000e+00
-1.769435678464293460e+01 -9.179922886113073943e+00 2.727547071633792797e+01 2.196157560749989202e+01 -2.224231409954979100e+01 -2.923795388504871084e+01 -1.807249439595680940e+01 -4.225742006325147848e+00 -3.000000000000000000e+01 -2.306990651493242694e+01 -2.620478575563356927e+01 -9.752047764623879011e-01 1.799938325257191707e+01 -3.000000000000000000e+01 -2.307692942434740502e+01 -2.108569498171330636e+01 -3.000000000000000000e+01 0.000000000000000000e+00 0.000000000000000000e+00 -2.786413758364841087e+01 0.000000000000000000e+00 0.000000000000000000e+00 0.000000000000000000e+00 0.000000000000000000e+00 0.000000000000000000e+00
-2.635772104320371056e+01 -2.361846392638025094e+01 1.280446325054390044e+01 3.176548450740735774e+00 -2.716060341051270299e+01 -3.000000000000000000e+01 6.928418778291896007e-01 -2.109730498002855370e+01 -3.000000000000000000e+01 -3.000000000000000000e+01 -3.000000000000000000e+01 -1.477331234938615978e+01 -1.861944651119888661e-01 -3.000000000000000000e+01 2.589538684595126483e+01 -3.000000000000000000e+01 -3.000000000000000000e+01 0.000000000000000000e+00 0.000000000000000000e+00 -3.000000000000000000e+01 0.000000000000000000e+00 0.000000000000000000e+00 0.000000000000000000e+00 0.000000000000000000e+00 0.000000000000000000e+00
3.000000000000000000e+01 -1.033124988261466903e+01 -8.882015657592985391e+00 1.735822805745311825e+01 3.000000000000000000e+01 3.000000000000000000e+01 -2.313963234549690995e+01 -1.872834575582910333e+01 3.000000000000000000e+01 3.000000000000000000e+01 3.000000000000000000e+01 2.782784175767081436e+01 -2.343898887119627616e+01 3.000000000000000000e+01 1.366337763729744914e+01 3.000000000000000000e+01 3.000000000000000000e+01 0.000000000000000000e+00 0.000000000000000000e+00 3.000000000000000000e+01 0.000000000000000000e+00 0.000000000000000000e+00 0.000000000000000000e+00 0.000000000000000000e+00 0.000000000000000000e+00
2.838026444496054523e+01 -2.865666932599384253e+01 1.456347019198716097e+01 7.568260818000646095e-01 2.067698439945652922e+01 3.000000000000000000e+01 -3.000000000000000000e+01 3.000000000000000000e+01 3.000000000000000000e+01 3.000000000000000000e+01 3.000000000000000000e+01 1.010179421076344397e+01 -3.000000000000000000e+01 3.000000000000000000e+01 7.706845656338173756e-01 2.890286690403742043e+01 3.000000000000000000e+01 0.000000000000000000e+00 0.000000000000000000e+00 3.000000000000000000e+01 0.000000000000000000e+00 0.000000000000000000e+00 0.000000000000000000e+00 0.000000000000000000e+00 0.000000000000000000e+00
2.006496343298046980e+01 3.000000000000000000e+01 -8.439739316268868308e+00 -1.771334615090636078e+01 1.468513038804024085e+01 3.000000000000000000e+01 3.000000000000000000e+01 2.771287190673085732e+01 2.195874501366453302e+01 1.518199024873995029e+01 3.000000000000000000e+01 -2.384300871702694113e+00 -2.330219168242129157e+01 2.559734002212388759e+01 -1.326809166032116316e+01 1.804972317227493050e+01 2.446264284472339412e+01 0.000000000000000000e+00 0.000000000000000000e+00 1.878826171126583944e+01 0.000000000000000000e+00 0.000000000000000000e+00 0.000000000000000000e+00 0.000000000000000000e+00 0.000000000000000000e+00
1.664630247972385746e+01 2.519846399881605592e+01 9.752789469206470940e+00 6.685174513531497276e+00 8.343815734726749866e+00 1.548865144828545404e+01 3.000000000000000000e+01 9.773661564018100378e+00 1.114341157548184569e+01 1.365890432207121741e+01 2.453496093636178088e+01 -1.878826051005787789e+01 3.000000000000000000e+01 9.369985229856693465e+00 -2.123274890806692383e+01 5.813815544327600726e+00 3.000000000000000000e+01 0.000000000000000000e+00 0.000000000000000000e+00 1.618785942293630953e+01 0.000000000000000000e+00 0.000000000000000000e+00 0.000000000000000000e+00 0.000000000000000000e+00 0.000000000000000000e+00
1.229458236751689171e+01 2.805405251216491180e+01 -1.970814425971840933e+01 -3.000000000000000000e+01 1.664047037616913360e-01 1.915789451302098456e+01 1.217421574969596065e+01 -1.220430056474340041e+01 7.013324957655231451e+00 5.390600442529664527e+00 1.078435649018510212e+01 2.287241408100011952e+01 1.681580084021759802e+01 6.343375651283686523e+00 3.000000000000000000e+01 -8.736161800917740194e+00 2.784403727777495163e+01 0.000000000000000000e+00 0.000000000000000000e+00 3.446594573696226238e+00 0.000000000000000000e+00 0.000000000000000000e+00 2.657083269429950836e-13 0.000000000000000000e+00 0.000000000000000000e+00
-7.485848030862203295e+00 1.639927385157535866e+01 3.000000000000000000e+01 3.000000000000000000e+01 0.000000000000000000e+00 6.390385218430943759e+00 2.154241582124139853e+01 9.875089017030237670e+00 6.146321428322855773e+00 3.259589884444926773e-10 -4.847255848578260640e+00 3.264228667860942235e+00 7.876337309730094383e+00 5.413381922348987629e+00 1.965057442870982740e+01 -1.904494015139468743e+01 1.158168462539969390e+01 0.000000000000000000e+00 2.217903487249800031e-10 2.821260446090589208e-02 0.000000000000000000e+00 0.000000000000000000e+00 -1.615789445422471196e-11 0.000000000000000000e+00 0.000000000000000000e+00
-1.561352904489479165e+01 1.666428548603557758e+01 2.605606593838824736e+01 3.000000000000000000e+01 0.000000000000000000e+00 -1.292196490039408019e+01 -8.154309054735806583e-01 -8.459907893053838279e+00 2.542900353896252685e+00 6.727449302396646586e-11 1.453660378850350732e+01 -2.035129730940294834e+01 2.331921261259311962e+01 -8.506348420300735252e-10 -8.725853199887395606e-01 2.806516142965156746e+01 -5.805334486355367751e+00 0.000000000000000000e+00 -1.109617037649405235e-12 0.000000000000000000e+00 0.000000000000000000e+00 0.000000000000000000e+00 -3.280962011561937823e-11 0.000000000000000000e+00 0.000000000000000000e+00
2.009161758157124567e+01 2.048435433094119773e+01 2.125081318953830944e+01 2.656229555521801089e+01 0.000000000000000000e+00 2.617058960896033959e+00 1.517136143193174114e+01 1.885771115807436971e+01 -2.537225732267085533e-11 0.000000000000000000e+00 -1.089765841919833278e+01 2.272546175535999424e+01 -1.333357156219606132e+01 -4.261555045868766195e-08 -2.027128217662637866e+01 2.026480124997232934e+01 2.545601759010731513e+01 -1.426658879616769304e-12 -1.585919675911199146e-09 0.000000000000000000e+00 0.000000000000000000e+00 0.000000000000000000e+00 -1.391590660774465729e-10 0.000000000000000000e+00 0.000000000000000000e+00
1.751983851097468348e+00 -4.997991647961034900e+00 -5.487576220208411293e+00 1.960609172412805634e+01 0.000000000000000000e+00 -1.930302326969189863e+01 -1.778388362364462694e+01 -1.357900328959350134e+01 -1.649189093604720066e-07 0.000000000000000000e+00 1.641084507960379923e+01 -4.142329316608989842e+00 2.235237365287696676e+01 -3.368763367896182017e-08 2.651301294517527296e+01 7.812075073379094015e+00 1.087450961761362400e+01 9.568027037040572296e-07 -3.221082896739067757e-06 0.000000000000000000e+00 0.000000000000000000e+00 0.000000000000000000e+00 3.359553706544632478e-08 0.000000000000000000e+00 0.000000000000000000e+00
-1.871517952182487221e+01 -2.624794297310207725e+01 1.814901977242169195e+01 1.324452940027034309e+01 0.000000000000000000e+00 2.947788576196468213e+01 1.789754543278824883e+01 2.246226831845699934e+01 2.897050004531894398e-08 0.000000000000000000e+00 -1.438803522028371340e+01 2.668365405640650323e+01 4.122735964709871581e+00 -2.793388414866291299e-09 1.185693976847673703e+01 -1.391388872784782471e+01 -1.672982006208564698e+01 1.287889460174541904e-11 -9.410093171386128035e-10 0.000000000000000000e+00 0.000000000000000000e+00 0.000000000000000000e+00 -2.867842144952279284e-08 0.000000000000000000e+00 0.000000000000000000e+00
-3.000000000000000000e+01 2.734509866769203867e+01 -9.271295605794284356e+00 6.252967595308973614e-01 0.000000000000000000e+00 2.321289116379573869e+01 1.510196901410976267e+01 -4.509845499911460109e+00 8.968375159908254865e-08 0.000000000000000000e+00 2.470401580049006895e+00 -6.993741166536187492e+00 -1.118409646869959317e+01 6.781761739197139588e-10 -8.669484428124965447e+00 2.513905735453368706e+01 1.707517570836455789e+01 1.048274050751409823e-09 -7.275175181325035943e-10 0.000000000000000000e+00 0.000000000000000000e+00 0.000000000000000000e+00 -7.797694412422366768e-09 0.000000000000000000e+00 0.000000000000000000e+00
-2.279324846114061387e+01 6.776886501330808166e+00 1.879056135767714864e+01 1.266840830120290173e-09 0.000000000000000000e+00 1.339000192100605524e+01 -1.621507937490347473e+01 -2.077272205815251027e+01 -2.628679250226518276e-12 0.000000000000000000e+00 3.131737542165588195e+00 1.255223004184680846e+01 -2.228558010518606736e+01 0.000000000000000000e+00 -2.343411873824759795e+01 2.456112110384300351e+01 9.451236953147011732e+00 -5.187493980716254337e-11 9.636141265237650158e-09 0.000000000000000000e+00 0.000000000000000000e+00 0.000000000000000000e+00 -6.801176878420343485e-13 0.000000000000000000e+00 0.000000000000000000e+00
2.842278004369557820e+01 -1.508477666433031672e+01 -5.453418020024413337e+00 -6.256578215937635967e+00 0.000000000000000000e+00 9.477784331539735874e+00 -2.663080811127229452e+01 2.280032088224572107e+01 -1.812877646361607534e-10 0.000000000000000000e+00 -1.412364082789706998e+01 -1.114143444639476144e+01 2.330313528042707460e+01 0.000000000000000000e+00 3.000000000000000000e+01 -6.834580307583510983e-01 1.517522201256093339e+01 -3.712226409743347166e-01 -1.780408096092085835e+00 0.000000000000000000e+00 -6.218448242675302495e+00 -5.462490513842199746e+00 -5.796701939652688651e+00 -1.261882499500005084e+00 0.000000000000000000e+00
1.288262343134887367e+01 -1.756409611501362489e-01 -2.405618276289737878e+01 -1.143678225941240889e+01 0.000000000000000000e+00 -6.284457902122293937e+00 2.765761674592538100e+01 5.603248880984296854e+00 0.000000000000000000e+00 0.000000000000000000e+00 -2.109997017833721600e+01 -3.000000000000000000e+01 1.220410338105363657e+01 -1.172111573683770857e-09 1.978006031123540609e+01 1.955095717073676198e+01 1.017042262038132705e+01 -1.090067125817297189e+01 -6.181267608173130590e+00 0.000000000000000000e+00 -1.103192239003034381e+01 -1.205103011304005634e+01 -4.489178873377722923e+00 -1.283104155835894922e+01 0.000000000000000000e+00
7.471971573900255681e-01 -2.031434330016743672e+01 1.062160188496363666e+01 -1.549836704700495993e+01 0.000000000000000000e+00 1.918233026694269316e+00 2.143884691722582758e+01 -1.137570477368995547e+01 0.000000000000000000e+00 0.000000000000000000e+00 2.761790240078067526e+01 2.911012199881335150e+01 -3.212638892521192169e+00 0.000000000000000000e+00 1.680888028889823715e+01 1.296178342995044019e+01 -2.210177202670803864e-01 -1.714892984891148231e+01 -1.908932122563266987e+01 0.000000000000000000e+00 -1.421177825920167237e+01 -1.759711711505577725e+01 -1.586093542309651738e+01 -1.104901616657296159e+01 0.000000000000000000e+00
-1.732441281366174834e+01 -2.550144226828401273e+01 -1.989984820457857850e+01 -2.082923946856933384e+01 0.000000000000000000e+00 -2.260904335428109846e+01 1.121323401367401651e+01 -1.823367841463700501e+01 0.000000000000000000e+00 0.000000000000000000e+00 2.470794771438398385e+01 1.676300252522319667e+01 -1.955290549145929901e+01 0.000000000000000000e+00 1.885017555894030750e-01 8.536176757431704232e+00 1.295961946686063015e+00 -2.204721284304718409e+01 -2.095410885938040479e+01 0.000000000000000000e+00 -1.596117339145442315e+01 -2.453128324487989076e+01 -2.248058170742575612e+01 -2.288490075696767079e+01 0.000000000000000000e+00
-1.316588714255370540e+01 -2.765640013341468517e+01 -2.888191148171708633e+01 -3.000000000000000000e+01 0.000000000000000000e+00 3.145387836813420712e+00 -8.637014752616696711e+00 -2.536998107954623549e+01 0.000000000000000000e+00 0.000000000000000000e+00 1.269495846041172449e+01 -1.513884153757848772e+01 -2.625106079150799232e+01 0.000000000000000000e+00 3.801452536028766245e-10 -3.157759887272774790e+00 -1.332670030689266838e+01 -3.000000000000000000e+01 -3.000000000000000000e+01 0.000000000000000000e+00 -1.962658083033606360e+01 -3.000000000000000000e+01 -3.000000000000000000e+01 -3.000000000000000000e+01 0.000000000000000000e+00
-2.440230488027446754e+01 -3.000000000000000000e+01 -3.000000000000000000e+01 -3.000000000000000000e+01 0.000000000000000000e+00 -2.276340508949761698e+01 3.000000000000000000e+01 -3.000000000000000000e+01 0.000000000000000000e+00 0.000000000000000000e+00 -1.036360749300693840e+01 1.505306994032383905e+01 2.195346686962471949e+01 0.000000000000000000e+00 -2.229403974715293835e+00 1.775327309591738967e+01 -4.307304255683806815e+00 -3.000000000000000000e+01 -3.000000000000000000e+01 0.000000000000000000e+00 -3.000000000000000000e+01 -3.000000000000000000e+01 -3.000000000000000000e+01 -3.000000000000000000e+01 0.000000000000000000e+00
3.000000000000000000e+01 3.000000000000000000e+01 3.000000000000000000e+01 3.000000000000000000e+01 0.000000000000000000e+00 3.000000000000000000e+01 1.463621089704626677e+01 3.000000000000000000e+01 0.000000000000000000e+00 0.000000000000000000e+00 2.748421617551888474e+01 -1.715955956641373570e+00 1.535908384694976547e+01 0.000000000000000000e+00 -1.105451280081752508e+01 -4.105160734601242645e+00 -2.206703050074345640e+01 3.000000000000000000e+01 3.000000000000000000e+01 0.000000000000000000e+00 3.000000000000000000e+01 3.000000000000000000e+01 3.000000000000000000e+01 3.000000000000000000e+01 0.000000000000000000e+00
2.163299553033247236e+01 3.000000000000000000e+01 3.000000000000000000e+01 3.000000000000000000e+01 0.000000000000000000e+00 2.352328649939657623e+01 -2.952661973204696172e-03 3.000000000000000000e+01 0.000000000000000000e+00 0.000000000000000000e+00 2.497773684804577243e+01 -2.549394715028747527e+01 -2.522365987256169451e+00 0.000000000000000000e+00 -2.820748941051176928e+01 -1.933231162560769434e+01 -2.210039520159498139e+01 3.000000000000000000e+01 3.000000000000000000e+01 0.000000000000000000e+00 2.700624684277779508e+01 3.000000000000000000e+01 3.000000000000000000e+01 3.000000000000000000e+01 0.000000000000000000e+00
1.623752314168026700e+01 2.142621446923927309e+01 2.431901292735501841e+01 2.361806531885411431e+01 0.000000000000000000e+00 2.819854054450146918e+01 -6.892362268457687513e+00 1.760869869957824463e+01 0.000000000000000000e+00 0.000000000000000000e+00 7.243931173564008397e+00 2.129465411426379262e+01 -1.731749594213819776e+01 0.000000000000000000e+00 -2.860460176956652134e+01 1.070481625161993300e+01 3.000000000000000000e+01 3.000000000000000000e+01 2.849610468016496156e+01 0.000000000000000000e+00 2.501047849952527002e+01 3.000000000000000000e+01 2.462086336984696544e+01 2.467644248542014651e+01 0.000000000000000000e+00
1.071097483283801921e+01 1.036411167671783140e+01 1.470854916365975029e+01 2.038967556961571148e+01 0.000000000000000000e+00 2.715588251672317455e+01 3.000000000000000000e+01 7.179080269017508620e+00 0.000000000000000000e+00 0.000000000000000000e+00 -1.266369198809628172e-01 -7.765738459260548510e+00 -3.000000000000000000e+01 0.000000000000000000e+00 2.335463299657914504e+01 -1.209899050578936830e+01 3.000000000000000000e+01 3.000000000000000000e+01 2.063948628493043813e+01 0.000000000000000000e+00 1.570883600439542072e+01 2.058926608897598953e+01 2.792479144994572238e+01 1.753421574153833973e+01 0.000000000000000000e+00
1.817183220511290331e+00 3.191156391717461460e+00 4.818476320524516687e+00 7.095906960050624157e+00 0.000000000000000000e+00 -2.797099681120385739e+01 2.292125548541804392e+01 5.603934754380717198e-01 0.000000000000000000e+00 0.000000000000000000e+00 -7.840805001730574375e+00 -2.578845582462584218e+01 2.298883640183794697e+01 0.000000000000000000e+00 1.152132662978803346e+01 3.774456201674243783e+00 1.111417016651259715e+01 1.334783431721865377e+01 1.401514204630057314e+01 0.000000000000000000e+00 1.405722083988859339e+00 1.401994584742273453e+01 2.800756634058075178e+01 7.931842126573456220e+00 0.000000000000000000e+00
0.000000000000000000e+00 0.000000000000000000e+00 2.702733562226742769e+00 4.865004716385963768e+00 0.000000000000000000e+00 -2.447312077490452253e+01 -2.271910035419869800e+01 -2.979629076049867449e-10 0.000000000000000000e+00 0.000000000000000000e+00 -2.082448777968400222e+01 3.000000000000000000e+01 1.187658458200191625e+01 -5.386994209457614119e-10 -3.108926754739128384e+00 -2.126960493468542879e+01 -4.603647532961541167e+00 6.796531591211887324e+00 8.041635503406485697e+00 0.000000000000000000e+00 1.692593565283399215e+01 1.460346163962314492e+01 1.221490672740553052e+01 -1.096856686207878440e+01 0.000000000000000000e+00
0.000000000000000000e+00 0.000000000000000000e+00 8.048147524297782560e-03 0.000000000000000000e+00 0.000000000000000000e+00 -1.610131150112080078e+01 3.000000000000000000e+01 0.000000000000000000e+00 0.000000000000000000e+00 0.000000000000000000e+00 -2.574996303166899025e+01 1.986299639724947852e+01 5.540606536186308828e-01 0.000000000000000000e+00 -1.390882902831343770e+01 -3.000000000000000000e+01 9.077866210154963866e+00 -9.914631722474243958e+00 5.270024276767261151e-01 0.000000000000000000e+00 1.036040212752785195e+01 -8.223894196750702434e+00 1.129608308449584042e+00 2.794215351909691236e+01 0.000000000000000000e+00
0.000000000000000000e+00 0.000000000000000000e+00 0.000000000000000000e+00 0.000000000000000000e+00 0.000000000000000000e+00 -2.400750055080560585e+01 3.000000000000000000e+01 0.000000000000000000e+00 3.137709132120351733e-09 0.000000000000000000e+00 3.000000000000000000e+01 2.725025735419594497e+01 -2.532155123441913069e+00 0.000000000000000000e+00 -2.455569374252104353e+01 2.500272605706748408e+01 1.230916081192358824e+01 6.334916477589275452e+00 -8.379746132695416350e+00 0.000000000000000000e+00 -7.788102542907503256e+00 2.068988053532702409e+01 -1.064444981204777108e+01 1.615325508946618172e+01 0.000000000000000000e+00
0.000000000000000000e+00 0.000000000000000000e+00 2.539462641180910351e-09 0.000000000000000000e+00 0.000000000000000000e+00 2.517302082850216038e+01 -1.326873634166825688e+01 1.153080662361842425e-10 0.000000000000000000e+00 0.000000000000000000e+00 2.693613099749331852e+01 -2.348328837659465762e+00 -1.686747345536640807e+01 0.000000000000000000e+00 2.604808597359662770e+01 2.025872906923927275e+01 -1.303158462660771733e+01 -2.116980689580067931e+01 -1.834688712311154646e+01 0.000000000000000000e+00 -2.641047064745719819e+00 -5.646300148247560990e+00 2.225189311705868533e+01 2.504787605084752844e+00 0.000000000000000000e+00
0.000000000000000000e+00 0.000000000000000000e+00 0.000000000000000000e+00 0.000000000000000000e+00 0.000000000000000000e+00 1.811122043606031085e+01 -3.000000000000000000e+01 3.991221315587706073e-12 0.000000000000000000e+00 0.000000000000000000e+00 6.954767769283284551e+00 2.147870430782652562e+01 2.572921450006054300e+01 0.000000000000000000e+00 1.149115796176680782e+01 4.097034425375763456e-01 3.578081378455782335e+00 2.639479931156756720e+01 -2.343478948647797111e+01 0.000000000000000000e+00 1.924383168739494465e+01 3.900512425257912419e+00 4.638393852937551243e-01 -1.160456195113698463e+01 0.000000000000000000e+00
0.000000000000000000e+00 0.000000000000000000e+00 0.000000000000000000e+00 0.000000000000000000e+00 0.000000000000000000e+00 5.658889471215391431e+00 3.000000000000000000e+01 0.000000000000000000e+00 1.954323255593723828e-09 0.000000000000000000e+00 -1.346764262135916823e+01 2.533078569947703862e+00 2.462891197275219213e+00 5.125506544740837107e-10 -1.679030462561272330e+01 1.834341364286689213e+01 -2.471642377884613495e+01 1.358728632955542892e+01 2.798833577073295942e+01 0.000000000000000000e+00 -8.974173099971361367e+00 -1.154413129348094458e+01 -1.281904817396640084e+01 2.679006278010039921e+01 0.000000000000000000e+00
0.000000000000000000e+00 0.000000000000000000e+00 0.000000000000000000e+00 0.000000000000000000e+00 0.000000000000000000e+00 0.000000000000000000e+00 2.463296696049288315e+01 0.000000000000000000e+00 0.000000000000000000e+00 0.000000000000000000e+00 -2.316155030141878512e+01 -1.530364328260051288e+01 -1.970248003231478506e+01 0.000000000000000000e+00 2.539479369111791485e+01 -5.650741344995178217e+00 1.867324394013824929e+01 -1.161029734988506412e+01 2.181821317377685432e+01 0.000000000000000000e+00 -2.023282680552742718e+01 2.170534386609793387e+01 -2.264010816958469263e+01 1.795226051104642195e+01 0.000000000000000000e+00
0.000000000000000000e+00 0.000000000000000000e+00 0.000000000000000000e+00 0.000000000000000000e+00 0.000000000000000000e+00 -1.328006524998973870e+00 1.334138848230012542e+01 0.000000000000000000e+00 0.000000000000000000e+00 0.000000000000000000e+00 1.668560061659395544e+01 -2.371795418325418225e+01 3.000000000000000000e+01 -2.280050838203549812e+00 1.118166369586301556e+01 -2.622927904224671281e+01 -3.210833543506539378e+00 -9.300044659143930303e+00 1.547629009284161761e+01 0.000000000000000000e+00 1.638071645293371148e+01 1.074830304908107825e+00 3.000000000000000000e+01 2.650816121883844190e+00 0.000000000000000000e+00
0.000000000000000000e+00 0.000000000000000000e+00 0.000000000000000000e+00 0.000000000000000000e+00 0.000000000000000000e+00 -8.354270903871213960e+00 4.027215160023672524e+00 0.000000000000000000e+00 -1.277744615922763415e-02 -1.499976603609107073e+01 -4.020591730051267021e+00 1.328821674532870922e+01 2.153465472941445924e+01 -3.804911163621634174e+00 2.490707829491086045e+01 1.806547937955155092e+01 -2.666902846972612195e+01 2.194851068720902276e+01 1.712560056875551906e+00 0.000000000000000000e+00 -9.824113968859919055e+00 -1.779733659612035268e+01 1.795372208333933983e+01 1.871967569165474643e+01 -3.802888373102309316e+00
0.000000000000000000e+00 0.000000000000000000e+00 0.000000000000000000e+00 0.000000000000000000e+00 0.000000000000000000e+00 -1.508840610120446790e+01 4.709596818828912929e-02 0.000000000000000000e+00 -3.735519631914196115e+00 -1.116049117642856636e+01 -1.869614371034853662e+01 -7.258552015563853210e+00 2.500701083656009516e+00 -1.536894532679087533e+01 2.857139173847224711e+00 -2.491146932021831972e+01 4.413120292647850995e+00 3.842181773869743022e+00 3.000000000000000000e+01 -5.635907491782996104e+00 5.527171819394241403e+00 3.000000000000000000e+01 8.406559641100143310e+00 -3.778278410122722697e+00 -1.298568263373451614e+01
0.000000000000000000e+00 0.000000000000000000e+00 0.000000000000000000e+00 0.000000000000000000e+00 0.000000000000000000e+00 -2.326042826204794167e+01 -1.386405873609336981e+00 0.000000000000000000e+00 -1.877396281567131808e+01 -1.702741724089810305e+01 -2.102672369234912608e+01 -2.159490982311471541e+01 -8.442459129180168492e-07 -2.010030907550003931e+01 -1.742062720598312708e+01 -4.199020013905934157e+00 -3.000000000000000000e+01 1.774154795095229886e+01 2.269975658819118536e+01 -1.972429255207458709e+01 -1.359102335543774132e+01 2.167268560454105497e+01 -1.721607572398438535e+01 -1.385833271297877012e+01 -1.650962571670413936e+01
0.000000000000000000e+00 0.000000000000000000e+00 0.000000000000000000e+00 0.000000000000000000e+00 0.000000000000000000e+00 -3.000000000000000000e+01 -1.282431201680524602e+01 0.000000000000000000e+00 -2.519993208995261114e+01 -2.672108330121253772e+01 -3.000000000000000000e+01 2.270799170060265482e+01 -9.428185703273588292e-01 -2.932719606586378802e+01 2.169904870624074533e+01 -2.792689394069565978e+01 -3.000000000000000000e+01 -4.253298918720678223e+00 1.398595436968816408e+01 -2.948674566844343303e+01 -1.339063834485963866e+01 -6.818194542015531212e+00 2.557364021284062972e+01 -2.919186822806537052e+01 -1.851661373393722698e+01
0.000000000000000000e+00 0.000000000000000000e+00 0.000000000000000000e+00 0.000000000000000000e+00 0.000000000000000000e+00 -3.000000000000000000e+01 -1.395843399014489883e+01 0.000000000000000000e+00 -3.000000000000000000e+01 -3.000000000000000000e+01 -3.000000000000000000e+01 -6.556506880234022061e-01 -1.116156016671891038e+01 -3.000000000000000000e+01 4.961751376053307183e+00 -3.000000000000000000e+01 -3.000000000000000000e+01 -2.502715245168712599e+01 -4.863116757059997575e+00 -3.000000000000000000e+01 -2.329941027312491286e+01 1.564413529744866516e+01 1.296564974925601454e+01 3.000000000000000000e+01 -2.580068413516612935e+01
