# yaw
0.000000000000000000e+00 0.000000000000000000e+00 0.000000000000000000e+00 0.000000000000000000e+00 0.000000000000000000e+00 0.000000000000000000e+00 -1.665949866924485079e+01 0.000000000000000000e+00 3.000000000000000000e+01 3.000000000000000000e+01 0.000000000000000000e+00 -2.051902624217784066e+01 -1.843649610068386835e+01 3.000000000000000000e+01 3.000000000000000000e+01 3.000000000000000000e+01 3.000000000000000000e+01 1.497066581733532374e-02 -3.000000000000000000e+01 1.933181525855868088e+01 3.000000000000000000e+01 2.265520841099228377e+01 -1.749480347982838779e+01 1.418655380039987079e+01 -1.133899514287606269e+00
0.000000000000000000e+00 0.000000000000000000e+00 0.000000000000000000e+00 0.000000000000000000e+00 0.000000000000000000e+00 3.000000000000000000e+01 -2.200896553142583656e+01 0.000000000000000000e+00 2.668718654815708646e+01 3.000000000000000000e+01 3.000000000000000000e+01 -3.000000000000000000e+01 -2.954506742536052499e+01 2.665577674800466568e+01 3.000000000000000000e+01 3.000000000000000000e+01 2.609080733978941069e+01 0.000000000000000000e+00 -3.000000000000000000e+01 -1.039730354793715783e+01 2.620476739663055454e+01 -6.439781757926105854e+00 -3.000000000000000000e+01 -6.134666560702616955e+00 -2.449610724601864931e+01
0.000000000000000000e+00 0.000000000000000000e+00 0.000000000000000000e+00 0.000000000000000000e+00 0.000000000000000000e+00 2.663077498486057948e+01 -3.000000000000000000e+01 0.000000000000000000e+00 1.587333341632045425e+01 3.000000000000000000e+01 2.194938348152809127e+01 -3.000000000000000000e+01 3.000000000000000000e+01 1.965482012362672037e+01 2.106623880186648279e+01 3.000000000000000000e+01 1.338227960050801890e+01 -1.856970947481741874e+01 3.000000000000000000e+01 1.933493346933514445e+01 1.899016384464357188e+01 -1.902828473610847126e+01 3.000000000000000000e+01 -2.041259803181026200e+01 3.000000000000000000e+01
0.000000000000000000e+00 0.000000000000000000e+00 0.000000000000000000e+00 0.000000000000000000e+00 0.000000000000000000e+00 1.221005724340977316e+01 3.000000000000000000e+01 0.000000000000000000e+00 2.742231211425847803e+00 1.572889958967245150e+01 1.659521514729908631e+01 3.000000000000000000e+01 3.000000000000000000e+01 2.820822813650066507e+01 2.041540017773258597e+01 2.340962594898308424e+01 4.929890858729386593e-01 -3.000000000000000000e+01 3.000000000000000000e+01 2.986253320239031298e-02 1.668814652993852832e+01 -2.964489269784289149e+01 1.826452386741695832e+01 8.974925869012643886e+00 2.569818435666539713e+01
0.000000000000000000e+00 0.000000000000000000e+00 0.000000000000000000e+00 0.000000000000000000e+00 0.000000000000000000e+00 1.213888466489641793e+01 3.000000000000000000e+01 0.000000000000000000e+00 -1.520446524437813451e+01 -6.110123438695185705e+00 1.566710463281216192e+01 2.644131717928504699e+01 2.376051483551729504e+01 9.737053862929203163e+00 1.982857619052904852e+01 1.567315378997713538e+01 0.000000000000000000e+00 3.000000000000000000e+01 3.000000000000000000e+01 -1.804823458142975312e+01 1.315864497416910162e+01 2.545035346600217352e+01 1.343760117423051514e-01 -7.173495986961142101e+00 2.924487052969594103e+01
0.000000000000000000e+00 0.000000000000000000e+00 0.000000000000000000e+00 0.000000000000000000e+00 0.000000000000000000e+00 4.122148189029242737e-01 2.410272684688109024e+01 0.000000000000000000e+00 -2.474997930339396746e+01 2.412394862699871112e+01 1.224329569562893383e+01 2.495379458468831047e+01 2.053365382202618505e+01 -1.116536398170236311e+01 5.861642954705877928e-01 6.788397385766105963e+00 0.000000000000000000e+00 3.000000000000000000e+01 2.918707048126568893e+01 6.004467236881632530e+00 8.169920731292567240e+00 5.707085046415129703e+00 -1.526805517528906897e+01 -1.763830058869032058e+01 1.587208735985281827e+01
0.000000000000000000e+00 0.000000000000000000e+00 0.000000000000000000e+00 0.000000000000000000e+00 0.000000000000000000e+00 0.000000000000000000e+00 1.342728273799302485e+01 0.000000000000000000e+00 2.917172519630243599e+01 5.416323230415517109e+00 0.000000000000000000e+00 1.230802102486160443e+01 8.648360610613654131e+00 -3.000000000000000000e+01 -2.200527979100967002e+01 0.000000000000000000e+00 0.000000000000000000e+00 3.000000000000000000e+01 8.954129319832153655e+00 -2.278934177994140953e+01 0.000000000000000000e+00 -1.722642050001333658e+01 -3.000000000000000000e+01 -2.772155070606370586e+01 1.461840191327597438e+01
0.000000000000000000e+00 0.000000000000000000e+00 0.000000000000000000e+00 0.000000000000000000e+00 0.000000000000000000e+00 0.000000000000000000e+00 9.667232861395456567e+00 0.000000000000000000e+00 1.855164963569737324e+01 -1.762307367290217996e+01 0.000000000000000000e+00 3.689626098914844388e+00 8.136223536004449031e+00 2.988561107451763732e+01 5.607172720604259197e+00 0.000000000000000000e+00 0.000000000000000000e+00 3.000000000000000000e+01 -1.724134814733890053e+01 3.000000000000000000e+01 0.000000000000000000e+00 -2.550968755262888621e+01 2.876269075496415439e+01 2.831517934036541817e+01 -1.071955409032357842e+01
0.000000000000000000e+00 0.000000000000000000e+00 0.000000000000000000e+00 0.000000000000000000e+00 0.000000000000000000e+00 0.000000000000000000e+00 1.817071838451463694e+00 0.000000000000000000e+00 -2.232185831774089468e+00 2.419357662819108157e+01 0.000000000000000000e+00 -4.119234328782400922e+00 -1.036679236496744316e+00 3.000000000000000000e+01 -7.728066777272590393e+00 0.000000000000000000e+00 0.000000000000000000e+00 1.625624038204778898e+01 -5.912539030563069176e+00 -2.273727272187936777e+01 0.000000000000000000e+00 2.698279993335007987e+01 2.464782678825089945e+00 1.612976360618307226e+01 1.409499507602504753e+00
0.000000000000000000e+00 0.000000000000000000e+00 0.000000000000000000e+00 0.000000000000000000e+00 0.000000000000000000e+00 0.000000000000000000e+00 -5.248392301009222827e+00 0.000000000000000000e+00 -2.013400840498612254e+01 -5.161403058813005096e+00 0.000000000000000000e+00 -1.544722235724160697e+01 -1.017568590369314663e+01 1.211087202030128829e+01 2.735758886314200566e+01 0.000000000000000000e+00 0.000000000000000000e+00 4.585676202219875819e+00 2.051615952212474880e+01 -2.863442416504526378e+01 0.000000000000000000e+00 3.228143413717284638e+00 2.318953078344141971e+01 -3.738270832975911784e+00 -2.609050282998129688e+01
0.000000000000000000e+00 0.000000000000000000e+00 0.000000000000000000e+00 0.000000000000000000e+00 0.000000000000000000e+00 0.000000000000000000e+00 -1.581852701342044476e+01 0.000000000000000000e+00 1.995241139670511288e+01 1.687607711436977453e+01 0.000000000000000000e+00 -2.927328142800914890e+01 -2.134758423886317047e+01 -1.829998636259795575e+01 1.627038820000500863e+01 0.000000000000000000e+00 0.000000000000000000e+00 2.204757964013314558e-02 -1.947012233147143689e+01 3.000000000000000000e+01 0.000000000000000000e+00 -1.906549535990217947e+01 -6.983373005973064984e+00 -1.984851346025939023e+01 2.030341535451761104e+01
0.000000000000000000e+00 0.000000000000000000e+00 0.000000000000000000e+00 0.000000000000000000e+00 0.000000000000000000e+00 0.000000000000000000e+00 -2.630697047624481044e+01 0.000000000000000000e+00 2.657522364186993613e+00 -1.411977519629530775e+01 0.000000000000000000e+00 3.000000000000000000e+01 3.000000000000000000e+01 1.193264294555400262e+01 -1.110403421850042172e+01 0.000000000000000000e+00 0.000000000000000000e+00 2.293083444408194649e-11 1.241706754364488674e+01 2.791059252915357192e+01 0.000000000000000000e+00 3.000000000000000000e+01 2.520873705116099472e+01 1.974425706722675145e+01 2.992681962498318082e-01
0.000000000000000000e+00 -1.414105667724206742e-11 0.000000000000000000e+00 -4.400480109926856009e+00 -6.097066564482895856e+00 0.000000000000000000e+00 2.867673807410196929e+01 0.000000000000000000e+00 -2.603015104723821693e+01 2.931995802363026016e+01 0.000000000000000000e+00 1.804748375303462637e+01 2.236383757391786631e+01 2.181644687536697802e+01 -2.054354949041868394e+01 0.000000000000000000e+00 0.000000000000000000e+00 9.970444577712681757e-11 -2.006149424155408312e+01 1.256119956628774581e+01 0.000000000000000000e+00 2.363570406301661464e+01 1.130119571412652313e+01 -1.699517722048396795e+00 -1.798880265636146092e+01
0.000000000000000000e+00 4.527023078423722677e-10 -1.821338226756116507e-01 -1.262424152944748457e+01 -1.082992156636340653e+01 0.000000000000000000e+00 1.322567806283010405e+01 0.000000000000000000e+00 3.000000000000000000e+01 2.143910254537768978e+01 0.000000000000000000e+00 -1.031250596607169356e+01 3.000000000000000000e+01 1.664300809497640365e+00 3.000000000000000000e+01 0.000000000000000000e+00 0.000000000000000000e+00 9.827646205773796871e-13 2.616834817707655958e+01 -1.020456849903979979e+01 0.000000000000000000e+00 1.189987869475815785e+01 -1.625461771420213353e+01 -2.063317714927341129e+01 5.260793785506491460e+00
0.000000000000000000e+00 -1.535967836513679963e+00 -5.433941158875430055e+00 -1.835974084457013333e+01 -1.380246600331822293e+01 0.000000000000000000e+00 1.854376368893684068e+00 -1.115664689191192593e+01 3.000000000000000000e+01 -2.565175410844781068e-01 0.000000000000000000e+00 -3.000000000000000000e+01 3.000000000000000000e+01 1.282154794213778537e+01 1.955924608957638711e+01 0.000000000000000000e+00 0.000000000000000000e+00 0.000000000000000000e+00 8.084688972966400655e+00 -2.628013773149669063e+01 0.000000000000000000e+00 -3.188837344295676335e+00 2.262791423256221179e+01 -3.000000000000000000e+01 -1.340783134790802755e+01
0.000000000000000000e+00 -6.807601005368523417e+00 -1.785604150284267533e+01 -2.713376884284000923e+01 -1.615603799756936709e+01 0.000000000000000000e+00 -8.135607716678151746e+00 -2.017357274106976206e+01 3.000000000000000000e+01 -1.715368368762326456e+00 0.000000000000000000e+00 -3.000000000000000000e+01 1.355987760005522347e+01 -1.391112294342531897e+01 -9.873150468711692440e+00 0.000000000000000000e+00 0.000000000000000000e+00 -5.603116001746640505e-12 -1.939823110342469903e+01 -2.412398762662584062e+01 0.000000000000000000e+00 -1.609973510768718086e+01 5.479309018119214336e+00 -3.000000000000000000e+01 -3.000000000000000000e+01
0.000000000000000000e+00 -2.180818590265382184e+01 -2.603531423184880111e+01 -3.000000000000000000e+01 -2.062862035628519664e+01 0.000000000000000000e+00 -1.677027542110318592e+01 -3.000000000000000000e+01 2.243084236342513904e+01 -2.032025652358042933e+01 0.000000000000000000e+00 -3.000000000000000000e+01 -1.062496645330453227e+01 -1.445248258250528295e+01 -2.584655761591909240e+01 0.000000000000000000e+00 0.000000000000000000e+00 0.000000000000000000e+00 1.764040638031260855e+01 -3.000000000000000000e+01 0.000000000000000000e+00 -2.765269591555169981e+01 -1.881541508541086483e+00 -3.000000000000000000e+01 -3.000000000000000000e+01
0.000000000000000000e+00 -3.000000000000000000e+01 -3.000000000000000000e+01 -3.000000000000000000e+01 -3.000000000000000000e+01 0.000000000000000000e+00 -3.000000000000000000e+01 -3.000000000000000000e+01 9.565086093741710371e+00 -3.000000000000000000e+01 0.000000000000000000e+00 -3.000000000000000000e+01 -2.505990417999603892e+01 -2.367267755313036304e+01 -3.000000000000000000e+01 0.000000000000000000e+00 0.000000000000000000e+00 3.735400686893151927e-10 -1.920038839036403822e+00 -3.000000000000000000e+01 0.000000000000000000e+00 -3.000000000000000000e+01 -2.269944833072645096e+01 -3.000000000000000000e+01 -3.000000000000000000e+01
0.000000000000000000e+00 3.000000000000000000e+01 3.000000000000000000e+01 3.000000000000000000e+01 3.000000000000000000e+01 0.000000000000000000e+00 -3.000000000000000000e+01 3.000000000000000000e+01 -1.213856487166500031e+01 3.000000000000000000e+01 0.000000000000000000e+00 3.000000000000000000e+01 3.000000000000000000e+01 2.829314356414046827e+01 3.000000000000000000e+01 0.000000000000000000e+00 0.000000000000000000e+00 -1.102953538902341268e+00 -2.094410001729244541e+01 3.000000000000000000e+01 0.000000000000000000e+00 3.000000000000000000e+01 -2.614518083426870021e+01 3.000000000000000000e+01 3.000000000000000000e+01
0.000000000000000000e+00 3.000000000000000000e+01 3.000000000000000000e+01 3.000000000000000000e+01 2.662284838918732532e+01 0.000000000000000000e+00 3.000000000000000000e+01 3.000000000000000000e+01 1.362491294075867998e+01 1.433547588888918156e+01 0.000000000000000000e+00 3.000000000000000000e+01 2.438544347159325199e+01 1.671461956793524450e+01 2.557379481637067542e+01 0.000000000000000000e+00 0.000000000000000000e+00 -4.249022298422068467e+00 2.372881002360935554e+01 3.000000000000000000e+01 0.000000000000000000e+00 3.000000000000000000e+01 3.000000000000000000e+01 3.000000000000000000e+01 3.000000000000000000e+01
0.000000000000000000e+00 2.554342966062339215e+01 2.104411156531140392e+01 3.000000000000000000e+01 3.000000000000000000e+01 0.000000000000000000e+00 1.911888717122499060e+01 3.000000000000000000e+01 -6.395704447099172241e-02 -3.062189530380066138e+00 0.000000000000000000e+00 1.553769305904577536e+01 3.000000000000000000e+01 -7.003480078354403560e+00 2.029112077602426112e+01 0.000000000000000000e+00 0.000000000000000000e+00 -9.875077559857867726e+00 6.059032630241203421e+00 2.797314106935328581e+01 0.000000000000000000e+00 1.449756910189162618e+01 3.000000000000000000e+01 2.492837682898712259e+01 2.416308224425675277e+01
0.000000000000000000e+00 1.745539358632554183e+01 2.242638140871227748e+01 3.000000000000000000e+01 -3.000000000000000000e+01 0.000000000000000000e+00 7.511805519638124373e+00 2.875328889360407914e+01 -1.717820846266373636e+01 -3.000000000000000000e+01 0.000000000000000000e+00 -2.703579748119278037e+01 2.523888838875519269e+01 2.176782835662125493e+01 2.189920327382629495e+01 0.000000000000000000e+00 0.000000000000000000e+00 -2.523724024467570004e+01 -2.096026986519025215e+01 2.154011780244741203e+01 0.000000000000000000e+00 7.875342112674578843e+00 1.701811964514292796e+01 1.671750535356775558e+01 1.943040661838256611e+01
0.000000000000000000e+00 4.085771974989599542e+00 3.000000000000000000e+01 3.000000000000000000e+01 3.000000000000000000e+01 0.000000000000000000e+00 -9.818378869459939651e+00 -1.038561528579993798e+01 2.253789265205131898e+01 -3.000000000000000000e+01 0.000000000000000000e+00 3.000000000000000000e+01 4.031706509223347723e+00 -1.610696220897488118e+01 1.606502062051923119e+01 0.000000000000000000e+00 0.000000000000000000e+00 -2.676691455238004380e+01 3.000000000000000000e+01 5.944555749980274584e+00 0.000000000000000000e+00 0.000000000000000000e+00 -1.027861577322705955e+01 1.107278134245697743e+01 0.000000000000000000e+00
0.000000000000000000e+00 0.000000000000000000e+00 0.000000000000000000e+00 0.000000000000000000e+00 0.000000000000000000e+00 0.000000000000000000e+00 0.000000000000000000e+00 0.000000000000000000e+00 0.000000000000000000e+00 0.000000000000000000e+00 0.000000000000000000e+00 0.000000000000000000e+00 0.000000000000000000e+00 0.000000000000000000e+00 0.000000000000000000e+00 0.000000000000000000e+00 0.000000000000000000e+00 0.000000000000000000e+00 0.000000000000000000e+00 0.000000000000000000e+00 0.000000000000000000e+00 0.000000000000000000e+00 0.000000000000000000e+00 0.000000000000000000e+00 0.000000000000000000e+00
0.000000000000000000e+00 0.000000000000000000e+00 0.000000000000000000e+00 0.000000000000000000e+00 0.000000000000000000e+00 0.000000000000000000e+00 0.000000000000000000e+00 0.000000000000000000e+00 0.000000000000000000e+00 0.000000000000000000e+00 0.000000000000000000e+00 0.000000000000000000e+00 0.000000000000000000e+00 0.000000000000000000e+00 0.000000000000000000e+00 0.000000000000000000e+00 0.000000000000000000e+00 0.000000000000000000e+00 0.000000000000000000e+00 0.000000000000000000e+00 0.000000000000000000e+00 0.000000000000000000e+00 0.000000000000000000e+00 0.000000000000000000e+00 0.000000000000000000e+00
0.000000000000000000e+00 0.000000000000000000e+00 0.000000000000000000e+00 0.000000000000000000e+00 0.000000000000000000e+00 0.000000000000000000e+00 0.000000000000000000e+00 0.000000000000000000e+00 0.000000000000000000e+00 0.000000000000000000e+00 0.000000000000000000e+00 0.000000000000000000e+00 0.000000000000000000e+00 0.000000000000000000e+00 0.000000000000000000e+00 0.000000000000000000e+00 0.000000000000000000e+00 0.000000000000000000e+00 0.000000000000000000e+00 0.000000000000000000e+00 0.000000000000000000e+00 0.000000000000000000e+00 0.000000000000000000e+00 0.000000000000000000e+00 0.000000000000000000e+00
0.000000000000000000e+00 0.000000000000000000e+00 0.000000000000000000e+00 0.000000000000000000e+00 0.000000000000000000e+00 0.000000000000000000e+00 0.000000000000000000e+00 0.000000000000000000e+00 0.000000000000000000e+00 0.000000000000000000e+00 0.000000000000000000e+00 0.000000000000000000e+00 0.000000000000000000e+00 0.000000000000000000e+00 0.000000000000000000e+00 0.000000000000000000e+00 0.000000000000000000e+00 0.000000000000000000e+00 0.000000000000000000e+00 0.000000000000000000e+00 0.000000000000000000e+00 0.000000000000000000e+00 0.000000000000000000e+00 0.000000000000000000e+00 0.000000000000000000e+00
0.000000000000000000e+00 2.175158739249490125e+01 3.000000000000000000e+01 -3.000000000000000000e+01 -1.533221788706436328e+01 0.000000000000000000e+00 6.115216290829709855e+00 3.000000000000000000e+01 0.000000000000000000e+00 0.000000000000000000e+00 0.000000000000000000e+00 -3.000000000000000000e+01 9.676601851154078560e+00 -2.093873561854768184e+01 0.000000000000000000e+00 0.000000000000000000e+00 0.000000000000000000e+00 1.734499778988530139e+01 -2.660022775598926970e+01 0.000000000000000000e+00 0.000000000000000000e+00 0.000000000000000000e+00 3.367163285370068593e+00 0.000000000000000000e+00 0.000000000000000000e+00
0.000000000000000000e+00 0.000000000000000000e+00 3.000000000000000000e+01 -3.000000000000000000e+01 -2.437827973723863906e+01 0.000000000000000000e+00 -3.495963042432962964e-01 2.637503991240401646e+01 2.868036225126722982e+01 3.000000000000000000e+01 0.000000000000000000e+00 3.000000000000000000e+01 2.303228357135899529e+01 2.527097934517038524e+01 0.000000000000000000e+00 0.000000000000000000e+00 0.000000000000000000e+00 3.000000000000000000e+01 -3.000000000000000000e+01 0.000000000000000000e+00 0.000000000000000000e+00 0.000000000000000000e+00 -1.488745276530346473e+01 0.000000000000000000e+00 0.000000000000000000e+00
0.000000000000000000e+00 -2.555159565866052773e+01 3.000000000000000000e+01 3.000000000000000000e+01 7.443434928932077810e+00 0.000000000000000000e+00 -1.244858066587472045e+01 2.256991856583351463e+01 8.545070782176681590e+00 2.271405224498345277e+01 0.000000000000000000e+00 1.359619953532081382e+01 -5.381260826207463488e+00 8.680052459603754045e+00 0.000000000000000000e+00 0.000000000000000000e+00 0.000000000000000000e+00 -2.607881696363862289e+01 3.000000000000000000e+01 0.000000000000000000e+00 0.000000000000000000e+00 0.000000000000000000e+00 -2.306987906457233706e+01 -1.653311780799577103e-07 0.000000000000000000e+00
-1.726202571490583759e+00 2.192804650537641109e+01 2.690601392010810144e+01 3.000000000000000000e+01 -1.754829335064380302e+01 -2.029643234375419492e-01 2.949347495334622238e+01 8.463888248304627382e+00 -1.706674845971061671e+01 1.026512940286306552e+01 0.000000000000000000e+00 1.581688307870687105e+01 -2.091112580623056161e+01 -6.373263891398557313e+00 0.000000000000000000e+00 -2.480836493931424247e+00 0.000000000000000000e+00 3.000000000000000000e+01 1.929079419532441619e+01 0.000000000000000000e+00 0.000000000000000000e+00 0.000000000000000000e+00 2.148787316198393782e+01 -2.251525783018215273e-11 0.000000000000000000e+00
-8.605758705106701711e+00 7.698459086519700456e+00 1.584237372007904732e+01 1.890992783570415625e+01 1.251924557584270303e+01 -6.599977356060636069e+00 -2.593455832963553576e+01 -7.089032584190074537e+00 1.022214078344950039e+01 -5.823204534451163816e+00 0.000000000000000000e+00 1.231904567239141060e-02 3.000000000000000000e+01 -1.932338313322106060e+01 0.000000000000000000e+00 -5.713903018531683031e+00 -6.485533373849812655e+00 3.000000000000000000e+01 1.250925798489876506e+01 0.000000000000000000e+00 0.000000000000000000e+00 0.000000000000000000e+00 6.200429538251097661e+00 -6.679902645634942166e-14 0.000000000000000000e+00
-1.273026086409089608e+01 -1.809067415710120130e+01 4.658739356340526605e-01 2.153732639360829637e+01 1.240903919443472958e+01 -1.544324554262148830e+01 2.714361497669424494e+01 3.016562290847190075e-01 -3.490762131384383071e+00 -1.483872188413944748e+01 -4.792524660330807658e-03 -4.732720249534344781e+00 2.455156815085998545e+01 2.749111745143902752e+01 7.360318936918935989e-12 -9.694938700127718079e+00 -1.871922757479735466e+01 3.000000000000000000e+01 2.005983326558151258e+00 0.000000000000000000e+00 0.000000000000000000e+00 0.000000000000000000e+00 -8.717939582459088399e+00 -8.209304768602739529e-13 0.000000000000000000e+00
-1.515824451647888438e+01 1.181199483629064240e+01 -4.100192955343405110e+00 5.367422716150035633e+00 -8.542347509839432362e+00 -2.243103840205784039e+01 1.156593577843456444e+01 -2.012677511840968592e+01 -2.050102914901616913e+01 -2.101226616637769951e+01 -9.112975321883258317e+00 1.874862157980600230e+01 -1.763044538275007289e+00 -2.933488366715978568e+00 -7.192896902692848522e-13 -2.004056247108441724e+01 -1.407971243615330792e+01 1.487284342674729487e+01 -1.203989238408661233e+00 0.000000000000000000e+00 0.000000000000000000e+00 0.000000000000000000e+00 -2.387390469227508660e+01 -4.145388237346831598e-13 0.000000000000000000e+00
-1.719578992962925312e+01 -2.342154695098946249e+01 -1.524668279297579865e+01 1.105834422935589956e+01 -2.014864887559053841e+01 -3.000000000000000000e+01 1.050880933690912622e+00 1.788486978141494177e+01 -2.554899877164569588e+01 -2.806095490040087270e+01 -2.085145204368536298e+01 2.145292358343859063e-01 -1.690658814550257460e+01 -1.837914995813261854e+01 0.000000000000000000e+00 -3.000000000000000000e+01 -2.269322755654187063e+01 2.365255222848719363e+00 -1.214787597541262798e+01 0.000000000000000000e+00 0.000000000000000000e+00 0.000000000000000000e+00 2.355273878868273840e+01 0.000000000000000000e+00 0.000000000000000000e+00
-2.474140794639568597e+01 1.187033515295773789e+01 -1.295830414791881147e+01 -2.810131520111557091e+00 -2.106932958710450876e+01 -3.000000000000000000e+01 -1.665980168174384346e+01 -3.000000000000000000e+01 -3.000000000000000000e+01 -3.000000000000000000e+01 -3.000000000000000000e+01 -1.765674551379558821e+01 1.579970663522718866e+01 -3.000000000000000000e+01 0.000000000000000000e+00 -3.000000000000000000e+01 -3.000000000000000000e+01 0.000000000000000000e+00 -1.560123214209155940e+01 0.000000000000000000e+00 0.000000000000000000e+00 0.000000000000000000e+00 2.424134061034010745e+00 0.000000000000000000e+00 0.000000000000000000e+00
3.000000000000000000e+01 -2.154646052907247267e+01 -2.282181130006262038e+01 1.732393320923604563e+01 3.000000000000000000e+01 3.000000000000000000e+01 1.518800844711958042e+01 -2.343333544426551995e+01 3.000000000000000000e+01 3.000000000000000000e+01 3.000000000000000000e+01 -2.571447288954094645e+01 5.040921640530281467e-01 3.000000000000000000e+01 0.000000000000000000e+00 3.000000000000000000e+01 3.000000000000000000e+01 -8.896183195058620116e-11 -2.180605168701888985e+01 0.000000000000000000e+00 0.000000000000000000e+00 0.000000000000000000e+00 -1.520473948549835264e+01 0.000000000000000000e+00 0.000000000000000000e+00
2.858067516761359528e+01 -2.381267428791144170e+01 -1.956183754333549629e+01 -8.697158694846471860e-01 1.933588530407659434e+01 3.000000000000000000e+01 -4.934849786679962769e+00 -2.126708223485469418e+01 2.207426879266514419e+01 3.000000000000000000e+01 2.401756568331110842e+01 -3.000000000000000000e+01 -1.881285281668188603e+01 2.834074913595181044e+01 0.000000000000000000e+00 3.000000000000000000e+01 2.844812676549771524e+01 -3.122196420946781625e+00 -3.000000000000000000e+01 0.000000000000000000e+00 0.000000000000000000e+00 0.000000000000000000e+00 -2.732501101721951287e+01 0.000000000000000000e+00 0.000000000000000000e+00
3.000000000000000000e+01 -2.440477758156935195e+01 3.000000000000000000e+01 -2.026313955012589574e+01 1.372702119466418402e+01 3.000000000000000000e+01 -2.778310878354286828e+01 3.000000000000000000e+01 1.149327694810122935e+01 2.048280361387708837e+01 1.185817655527105430e+01 3.000000000000000000e+01 2.385095857802204122e+01 1.526657353127172279e+01 0.000000000000000000e+00 2.952355277957260782e+01 1.748100677987933693e+01 -2.195582225662428755e+01 3.000000000000000000e+01 0.000000000000000000e+00 0.000000000000000000e+00 0.000000000000000000e+00 -3.000000000000000000e+01 -5.187243257171304598e-13 0.000000000000000000e+00
2.048988573593804929e+01 2.902289580939318725e+01 2.436238551631077698e+01 3.917769556137755682e+00 1.245611974647383935e+00 3.000000000000000000e+01 1.300621899670058745e+01 3.000000000000000000e+01 1.239557843099374362e-01 1.372275311305705969e+01 -2.633139897442728028e+00 1.820534435650537830e+01 -3.080547096319772304e+00 1.468983158403625744e+01 0.000000000000000000e+00 2.047516663946696980e+01 1.463089656180192399e+01 3.000000000000000000e+01 3.000000000000000000e+01 0.000000000000000000e+00 0.000000000000000000e+00 0.000000000000000000e+00 2.627481973432348283e+01 0.000000000000000000e+00 0.000000000000000000e+00
5.970823922683147877e+00 3.000000000000000000e+01 2.854435507808710426e+01 6.040781176227830507e+00 -6.029694328767489016e-13 2.907928411253546841e+01 -1.212583371195573889e+01 3.000000000000000000e+01 6.487370623507114094e-13 3.402632771573462112e+00 -2.228335377817118967e+01 -9.755113335315984457e+00 -1.800182477272256421e+01 1.511832041212080702e+00 0.000000000000000000e+00 1.397781209476436182e+01 1.171178406238414205e+01 1.534415401462963402e+01 1.884574853717527887e+01 0.000000000000000000e+00 0.000000000000000000e+00 0.000000000000000000e+00 1.744623805240523495e+01 -8.142387839071057480e-13 0.000000000000000000e+00
9.109476647667412053e+00 3.000000000000000000e+01 1.893205092135400491e+01 -2.225199803990955161e+01 0.000000000000000000e+00 1.137686665147790599e+01 3.000000000000000000e+01 3.000000000000000000e+01 1.874160428004878499e-11 2.294268951240499566e-01 2.955345408927638573e+01 1.361529137674837564e+01 2.424486180198738339e+01 1.458181439191303594e-10 0.000000000000000000e+00 7.595396097022183213e+00 4.456676887204926274e+00 7.006292426311185650e+00 1.687893252000291611e+01 0.000000000000000000e+00 0.000000000000000000e+00 0.000000000000000000e+00 4.114439629499684337e+00 3.652974839280994983e-13 0.000000000000000000e+00
-1.018056409923363859e+01 2.203324013413780236e+01 1.828971050650716634e+01 2.639589175644617924e+01 0.000000000000000000e+00 1.209463277491605915e+01 3.000000000000000000e+01 2.150848480297812770e+01 -3.608323239006241741e-13 2.375229600835416006e-12 -2.208304923843827439e+01 -1.417189381805508575e+01 -5.763103298024230270e+00 1.026682681440585584e-10 0.000000000000000000e+00 1.119219043190144092e+00 -1.134682107170611687e+01 -1.954528171776697931e+01 2.978940936070082479e+00 0.000000000000000000e+00 0.000000000000000000e+00 0.000000000000000000e+00 -1.256997496340521714e+01 -9.908432557298636007e-11 0.000000000000000000e+00
-1.126663061332959614e+01 1.132421626274502913e+01 1.605107214760444023e+01 1.858150946316171215e+01 0.000000000000000000e+00 -9.105689571883161193e+00 2.430074359294493647e+01 7.464178002827712710e+00 5.353603027588744000e-16 0.000000000000000000e+00 2.351280317466962444e+01 -1.574037267914497606e+00 2.576284648932379184e+01 1.304059209925781829e-10 0.000000000000000000e+00 -1.657886753073472098e-15 -2.111106782640811375e+01 3.000000000000000000e+01 -2.625829254773567101e+00 0.000000000000000000e+00 0.000000000000000000e+00 0.000000000000000000e+00 2.456062424719234727e+01 -2.681656856311726443e-10 0.000000000000000000e+00
-8.919579842811568682e+00 -2.643071559189853925e+00 -8.460172682112576226e+00 4.751546141709833471e+00 0.000000000000000000e+00 -1.811918534267831893e+00 1.424076289957277197e+01 -9.547810655112719758e+00 -1.618782977349287043e-15 0.000000000000000000e+00 1.876406392290271796e+01 1.738778209478274306e+01 1.182325317318923119e+01 -6.082193262413605667e-16 0.000000000000000000e+00 -1.871080780137214516e-01 2.173974384010174532e+01 1.698785428908596273e+01 -1.256049356762509284e+01 0.000000000000000000e+00 0.000000000000000000e+00 1.417151924022289158e-15 -8.743962988629617739e-01 -1.217417412381016852e-12 0.000000000000000000e+00
1.925789037543113125e+01 -2.213448338805021720e+01 -2.236857820039898570e+01 1.368525734295412081e-07 0.000000000000000000e+00 1.863954215674842274e+01 -5.366950101491277714e+00 -2.181787775619307013e+01 2.086310688785917082e-15 0.000000000000000000e+00 1.515671791520590084e+01 -2.053152273079329682e+00 1.290462943431367748e-01 2.482879027260862895e-14 0.000000000000000000e+00 -8.761534555093348331e+00 2.883281844484217871e+00 -1.178956544292459618e+01 -2.227253632229200875e+01 0.000000000000000000e+00 0.000000000000000000e+00 5.002706211398008188e-17 -2.298515303365488904e+01 -3.100380083950069293e-14 0.000000000000000000e+00
-2.112497752459550426e+01 -1.997353289482138194e+01 -2.004763072389487633e+01 -3.588512398371194683e-15 0.000000000000000000e+00 -1.366480845952716194e+01 1.279231564634630303e+01 2.266186598062063950e+01 -3.392026038858302188e-17 0.000000000000000000e+00 -1.268474613958592379e+01 3.000000000000000000e+01 -1.211642098214163327e-01 -1.876001265832907896e-13 0.000000000000000000e+00 -1.925311361432006763e+01 -1.875569594087449588e+01 2.150811975718757196e+01 3.000000000000000000e+01 0.000000000000000000e+00 0.000000000000000000e+00 1.456302184706473206e-13 9.395705786817639904e+00 -2.573302292284082335e-12 0.000000000000000000e+00
-2.276625614615254278e+01 2.676561371846839066e+01 -2.264232876782180170e+01 7.305787884959565675e-12 0.000000000000000000e+00 -2.057186173530614326e+01 -6.718386441331546166e+00 8.926329307875132457e+00 0.000000000000000000e+00 0.000000000000000000e+00 1.807289520305594621e+01 1.771709058662673186e+01 -1.527996743224003851e+01 0.000000000000000000e+00 0.000000000000000000e+00 3.000000000000000000e+01 1.991343244188875516e+01 -5.677357333151689112e+00 2.159901434590658909e+01 0.000000000000000000e+00 0.000000000000000000e+00 -5.375297436377133077e-11 -1.680128447250936574e+01 5.882962920160193659e-11 0.000000000000000000e+00
2.682955169661335759e+01 1.832982699668919224e+01 2.948695384827341925e+01 -6.431191252827692217e+00 0.000000000000000000e+00 1.073874846683408535e+01 2.530181468105638132e+01 -6.185970348954953124e+00 0.000000000000000000e+00 0.000000000000000000e+00 -3.633599895775960209e-01 3.160310105384229323e-02 -1.841798169638654059e+01 0.000000000000000000e+00 0.000000000000000000e+00 3.000000000000000000e+01 -1.154045102486539598e+01 -2.439084985616465673e+01 -2.940837702711156965e+01 -1.973182357909706308e+00 0.000000000000000000e+00 -1.187460689108005840e-01 2.692890801300345771e+01 -2.843130264594162515e-02 0.000000000000000000e+00
2.559914303257897927e+01 -1.220768724060456734e+01 8.281768426529653837e+00 -1.258352974094647436e+01 0.000000000000000000e+00 -7.521216839789449438e+00 3.668034804229897805e+00 -1.121942078677640708e+01 0.000000000000000000e+00 0.000000000000000000e+00 -2.340748372222150309e+01 -2.159814561123956506e-02 3.000000000000000000e+01 0.000000000000000000e+00 0.000000000000000000e+00 3.000000000000000000e+01 1.914469125635849167e+01 2.317989470915840400e+01 2.496864807885438253e+01 -6.824925479159351660e+00 1.118506430681610048e-13 -2.441318813467818760e+00 1.315276846816158418e+01 -8.135989226418988807e+00 -6.096090601684260868e-01
2.790485039418150848e+01 -3.000000000000000000e+01 -8.238959568732681760e+00 -1.891093079405556665e+01 0.000000000000000000e+00 1.221135699671065389e+01 -6.632459126051791110e+00 -1.494104970274156763e+01 0.000000000000000000e+00 0.000000000000000000e+00 2.233081628643649452e+01 -7.700897621434535267e+00 2.497253915602118113e+01 0.000000000000000000e+00 0.000000000000000000e+00 2.959851032092496581e+01 1.428946810553693147e+01 4.252297388551078861e+00 6.797594552407611346e+00 -1.205792230042615820e+01 -3.992545185508062477e+00 -9.282625552226928534e+00 7.071719179404467592e-01 -1.225976484766466612e+01 -1.002931945464029972e+01
1.279771827084997327e+01 -2.766081410214178504e+01 -1.589372533048375935e+01 -2.644857110072310036e+01 0.000000000000000000e+00 -6.708649232896826575e+00 -1.473038833841825301e+01 -1.900496507807749325e+01 0.000000000000000000e+00 0.000000000000000000e+00 1.835357955748979819e+01 -2.621095040384864205e+01 1.365479881144238838e+01 0.000000000000000000e+00 0.000000000000000000e+00 2.144140436193996990e+01 -1.932937331516771096e+01 1.887017269538477393e+01 -5.014681050296526665e-01 -2.363574648170089532e+01 -1.202820873136124291e+01 -1.830889244644722780e+01 -2.164041021876835502e-01 -1.697737371033828424e+01 -1.616356964961230602e+01
-7.029467100990713035e+00 -3.000000000000000000e+01 -2.320685060957934098e+01 -3.000000000000000000e+01 0.000000000000000000e+00 -1.387474383313462312e+01 -3.000000000000000000e+01 -2.850834623755008934e+01 0.000000000000000000e+00 0.000000000000000000e+00 4.966627161545084768e+00 -3.000000000000000000e+01 1.156060962224867650e+00 3.957562926352404820e-15 0.000000000000000000e+00 1.228820467842389164e+01 2.456508646812189767e+01 -3.969706901046238912e+00 -1.202448274943179740e+01 -3.000000000000000000e+01 -1.648943608641997116e+01 -2.590280130020867233e+01 -1.370631403361186784e+01 -3.000000000000000000e+01 -2.263117858585540532e+01
-2.334620666099108632e+01 -3.000000000000000000e+01 -3.000000000000000000e+01 -3.000000000000000000e+01 0.000000000000000000e+00 -2.682398976398683033e+01 -3.000000000000000000e+01 -3.000000000000000000e+01 0.000000000000000000e+00 0.000000000000000000e+00 6.115522913885593173e-09 -3.000000000000000000e+01 -1.449076151197813386e-13 0.000000000000000000e+00 0.000000000000000000e+00 -5.304486845713633159e+00 3.803998884393267943e+00 -1.507917010423253856e+01 -2.252011265020035680e+01 -3.000000000000000000e+01 -2.356503254023909477e+01 -3.000000000000000000e+01 -2.689766567147507104e+01 -3.000000000000000000e+01 -3.000000000000000000e+01
3.000000000000000000e+01 3.000000000000000000e+01 3.000000000000000000e+01 3.000000000000000000e+01 0.000000000000000000e+00 -3.000000000000000000e+01 3.000000000000000000e+01 3.000000000000000000e+01 0.000000000000000000e+00 0.000000000000000000e+00 -1.085890669700550859e+01 3.000000000000000000e+01 0.000000000000000000e+00 0.000000000000000000e+00 0.000000000000000000e+00 -2.266922994144031733e+01 -2.589365905425838665e+00 -3.000000000000000000e+01 2.438983892926194130e+01 3.000000000000000000e+01 3.000000000000000000e+01 3.000000000000000000e+01 1.955014191209205521e+01 3.000000000000000000e+01 3.000000000000000000e+01
2.228789127185682517e+01 3.000000000000000000e+01 2.898842769558235233e+01 3.000000000000000000e+01 0.000000000000000000e+00 2.430100597239884408e+01 2.926981627751463577e+01 3.000000000000000000e+01 0.000000000000000000e+00 0.000000000000000000e+00 1.310826372829478359e+01 3.000000000000000000e+01 0.000000000000000000e+00 0.000000000000000000e+00 0.000000000000000000e+00 2.085097346936973395e+01 -1.560576271532423753e+01 2.459307522191297224e+01 1.516347631251910322e+01 3.000000000000000000e+01 2.098746333509147632e+01 3.000000000000000000e+01 3.673305498985414363e+00 3.000000000000000000e+01 3.000000000000000000e+01
1.679346852914463284e+01 2.298433171127534536e+01 1.696445959965305761e+01 2.508910455124622274e+01 0.000000000000000000e+00 2.857621726681156105e+01 2.906405726464025818e+01 2.145840033928830692e+01 0.000000000000000000e+00 0.000000000000000000e+00 -8.049859384310371624e+00 1.971234347153303901e+01 0.000000000000000000e+00 0.000000000000000000e+00 0.000000000000000000e+00 1.673253424815904555e+00 -2.714406649072985189e+01 8.612114857795088341e+00 4.668213423225320985e-02 2.769735373795894873e+01 2.128299582689078306e+01 3.000000000000000000e+01 -8.509315886369109137e-09 2.471200694466095271e+01 2.116539765618994906e+01
1.239165983286755868e+01 9.124613246066564543e+00 7.255799017577841070e+00 1.731042509079812675e+01 0.000000000000000000e+00 2.849618376283758536e+01 3.000000000000000000e+01 1.542010035556439895e+01 0.000000000000000000e+00 0.000000000000000000e+00 -2.421714006606367775e+01 -1.400563738790909163e+01 0.000000000000000000e+00 0.000000000000000000e+00 0.000000000000000000e+00 1.679472399882730471e+01 2.671377539644624122e+01 -1.499214113668801929e+01 -3.115013461235121434e-02 1.987592980100230022e+01 -7.070339414874364792e+00 2.259764255738481609e+01 -9.927605987908761609e-09 3.000000000000000000e+01 1.280667991391466209e+01
3.617886368963331822e+00 1.090751793467411357e+00 4.634252997542825381e-01 1.011327350303335493e+01 0.000000000000000000e+00 -2.213975161185057061e+01 -2.249301836440325530e+01 4.445878015643275560e+00 0.000000000000000000e+00 0.000000000000000000e+00 -1.163688635748989064e+01 3.000000000000000000e+01 -6.852111836969466019e+00 1.964470430369495577e-13 0.000000000000000000e+00 -5.503719679559990752e+00 -3.000000000000000000e+01 1.221852537438168618e+01 -9.595884380306550554e+00 1.363451834879681712e+01 2.424454326196089227e+01 5.150905532989265900e+00 -2.482095810834347382e+00 1.955185590084888858e+01 -2.456729725894071681e+00
0.000000000000000000e+00 0.000000000000000000e+00 0.000000000000000000e+00 2.642876821067746906e+00 0.000000000000000000e+00 2.945636140352983645e+01 2.697576525036308226e+01 1.515498210685915392e+00 0.000000000000000000e+00 0.000000000000000000e+00 -3.000000000000000000e+01 3.000000000000000000e+01 -2.049808956654654679e+01 0.000000000000000000e+00 0.000000000000000000e+00 -1.934976569170645178e+01 -2.197501113382497451e+01 9.769652630226484044e-03 -2.542312129039307322e+01 7.604476414126161821e+00 5.172360637671038930e+00 -1.129939107789762076e+01 -2.331963188428210998e+01 3.608977134119242258e+00 -1.913966836684545214e+01
0.000000000000000000e+00 0.000000000000000000e+00 0.000000000000000000e+00 0.000000000000000000e+00 0.000000000000000000e+00 -1.580744169434973756e+01 3.620024389805790666e+00 0.000000000000000000e+00 0.000000000000000000e+00 0.000000000000000000e+00 -3.000000000000000000e+01 2.662548895327338627e+01 3.000000000000000000e+01 -4.924484607149625305e-11 0.000000000000000000e+00 1.782013853972753736e+01 -2.126211157415977482e+01 -1.945828343072590627e+01 2.768848122902382514e+01 -1.039875371284760153e+00 -1.177695331765968023e-01 3.000000000000000000e+01 2.560437438389545761e+01 -1.207129302919514036e+00 2.036477577941318984e+01
0.000000000000000000e+00 0.000000000000000000e+00 0.000000000000000000e+00 0.000000000000000000e+00 0.000000000000000000e+00 -2.388014316877453780e+01 -1.271221549615046342e+01 0.000000000000000000e+00 0.000000000000000000e+00 0.000000000000000000e+00 3.000000000000000000e+01 -1.736436847756139201e+01 2.472003720779112257e+01 -3.012502207765660039e-11 0.000000000000000000e+00 8.197381278366774326e-01 3.000000000000000000e+01 -3.000000000000000000e+01 7.158162022094902710e+00 -1.373072635393738317e+01 -1.696390176581409293e+01 2.134787478881605338e+01 5.911384757477834206e+00 -1.739699560627321517e+01 6.108619233314226626e+00
0.000000000000000000e+00 0.000000000000000000e+00 0.000000000000000000e+00 0.000000000000000000e+00 0.000000000000000000e+00 2.666573234184942010e+01 -2.017845742281238230e+01 6.249069827476451171e-13 0.000000000000000000e+00 0.000000000000000000e+00 2.195277277484050416e+01 -3.000000000000000000e+01 -3.132616142098963996e-01 1.376197271198401169e-13 0.000000000000000000e+00 -1.411392504785130697e+01 3.000000000000000000e+01 1.342158763050795578e+01 2.646853793473340558e-02 -2.016475888874521161e+01 2.127605971341557733e+01 -3.200149913054156414e+00 2.523988375966878411e-04 1.541701528231323159e+01 -2.319925055625707166e+00
0.000000000000000000e+00 0.000000000000000000e+00 0.000000000000000000e+00 0.000000000000000000e+00 0.000000000000000000e+00 1.890343237861052472e+01 3.000000000000000000e+01 7.315286141871021291e-12 0.000000000000000000e+00 0.000000000000000000e+00 6.189593913959725135e+00 3.000000000000000000e+01 -1.993170019780316693e+01 -3.897966506576396506e-11 0.000000000000000000e+00 1.094011269706106049e+01 2.572901529917711372e+01 -1.987032919403568343e+01 -1.068842857660865953e+01 -2.436461747397621380e+01 1.222027500172930381e+01 1.138550227892487143e+01 -6.323313185320245111e+00 -1.970303711989105366e+01 -1.773461582447295726e+01
0.000000000000000000e+00 0.000000000000000000e+00 0.000000000000000000e+00 0.000000000000000000e+00 0.000000000000000000e+00 6.927798719542153982e+00 2.616297408570557081e+01 0.000000000000000000e+00 0.000000000000000000e+00 0.000000000000000000e+00 -1.393774280223424533e+01 2.345107245636958737e+01 3.000000000000000000e+01 -1.913290177150453830e-12 0.000000000000000000e+00 -1.721733286351595282e+01 6.574419327561789927e+00 2.478040177629425855e+01 3.000000000000000000e+01 2.708870675306195963e+01 1.477544944064264065e+01 -9.784930876322107451e+00 2.273771087215029496e+01 -2.711677885934399157e+01 2.132679038261668936e+01
0.000000000000000000e+00 0.000000000000000000e+00 0.000000000000000000e+00 0.000000000000000000e+00 0.000000000000000000e+00 2.108557535623257345e-02 1.740009354142088327e+01 0.000000000000000000e+00 0.000000000000000000e+00 0.000000000000000000e+00 -2.295040262328916469e+01 1.333350439106492580e+01 2.948786404633235136e+01 4.577893197853355788e-11 0.000000000000000000e+00 3.000000000000000000e+01 -2.201767026738330912e+01 1.192326167611046550e+01 1.458314990644266551e+01 2.124627315894399970e+01 -1.146160264101130544e+01 3.000000000000000000e+01 5.629211795786952521e-01 2.770029998413749084e+01 7.091595409067123157e+00
0.000000000000000000e+00 0.000000000000000000e+00 0.000000000000000000e+00 0.000000000000000000e+00 0.000000000000000000e+00 -2.024999483090418995e+00 1.237611165136703839e+01 0.000000000000000000e+00 0.000000000000000000e+00 0.000000000000000000e+00 2.017771824257683377e+01 1.057703206185367861e+01 2.127803988381515410e+01 3.100049146952890763e-11 0.000000000000000000e+00 -2.902457762366448790e+01 2.441917094274126399e+01 -2.656809674512861719e+01 -1.435858956601142467e+01 7.358656867305241711e+00 1.101893191589164722e+01 2.864370671006762592e+01 -2.366397453911620730e+01 2.745495877279791941e+01 -1.763561339874144451e+01
0.000000000000000000e+00 0.000000000000000000e+00 0.000000000000000000e+00 0.000000000000000000e+00 0.000000000000000000e+00 -9.967746274000248263e+00 4.005809257826586922e+00 0.000000000000000000e+00 0.000000000000000000e+00 0.000000000000000000e+00 2.031713058202018196e+00 1.209956291255225328e-03 1.850126354760797653e+01 -2.641429132322350411e-10 -3.066747906896496012e+00 3.000000000000000000e+01 -1.231448793406960673e+00 3.000000000000000000e+01 1.278037596816810861e+01 -1.523166167074213995e+01 -2.122801272396976202e+01 3.813705475699777026e+00 2.940679058365070375e+01 1.404917200280202572e+01 1.129290005909646766e+01
0.000000000000000000e+00 0.000000000000000000e+00 0.000000000000000000e+00 0.000000000000000000e+00 0.000000000000000000e+00 -1.693995763330517335e+01 1.251894162405353048e-07 0.000000000000000000e+00 0.000000000000000000e+00 -1.916968412791275167e+00 -1.328877184304442416e+01 8.827300405970716150e-11 5.812952854821316073e+00 -1.179060276709183785e+00 -1.345798661267363094e+01 -3.000000000000000000e+01 2.726650582120302602e+01 -3.000000000000000000e+01 -1.090893711996558402e+01 3.000000000000000000e+01 -2.764357140819879533e+01 -3.773292330538206230e+00 2.117366581004838366e+01 -2.276279539549349096e+01 1.660496075606274502e+01
0.000000000000000000e+00 0.000000000000000000e+00 0.000000000000000000e+00 0.000000000000000000e+00 0.000000000000000000e+00 -2.531797718006958675e+01 -8.298598758801442599e-03 0.000000000000000000e+00 -9.669734130923018256e+00 -1.760510426870274969e+01 -1.666355592564931243e+01 -3.327975691481271259e+00 -1.524600429550455827e+00 -8.118996682800460718e+00 -1.678812378580417786e+01 -3.000000000000000000e+01 -8.923264412924170941e+00 2.816402168702536812e+01 1.525760327339458300e+01 2.650467804696065244e+01 3.000000000000000000e+01 -1.267740511856970187e+01 3.000000000000000000e+01 -2.400010751009488175e+01 -6.955288765852893462e+00
0.000000000000000000e+00 0.000000000000000000e+00 0.000000000000000000e+00 0.000000000000000000e+00 0.000000000000000000e+00 -3.000000000000000000e+01 -2.003203709814632916e+00 0.000000000000000000e+00 -1.665380726462033678e+01 -2.817902395373572233e+01 -2.221613150686224003e+01 -6.229423955924158207e+00 -1.482285383638218867e+01 -2.315541431932810212e+01 -1.811252207849700113e+01 -3.000000000000000000e+01 -2.698325085652464495e+01 2.741161077047491545e+01 -1.528514741679629907e+01 1.584399345050074892e+01 -5.469133100728152286e+00 1.587545675900866016e+01 1.802481755741957059e+01 2.503630783631434298e+01 -1.726925571733045572e+01
0.000000000000000000e+00 0.000000000000000000e+00 0.000000000000000000e+00 0.000000000000000000e+00 0.000000000000000000e+00 -3.000000000000000000e+01 -1.226249741211647404e+01 0.000000000000000000e+00 -3.000000000000000000e+01 -3.000000000000000000e+01 -3.000000000000000000e+01 -1.896654544166529632e+01 -1.319441923018404594e+01 -3.000000000000000000e+01 -2.431821768843178688e+01 -3.000000000000000000e+01 -3.000000000000000000e+01 1.159944823612540077e+01 -1.037980750296777011e+01 -5.693027667528231639e+00 -2.704820118677618268e+01 -1.362878437491589168e+01 -1.322624247683806820e+00 1.906589267689284384e+01 -2.706474176345199822e+01
