6.645499804653067599e+01
6.758201638147363610e+01
7.151943179939667061e+01
7.557557662404717291e+01
7.947425035211493594e+01
8.034079175897714720e+01
8.034121321019837580e+01
8.034886124835458077e+01
8.038329485724109702e+01
8.192474588163150884e+01
8.398197378026165438e+01
8.591035450788929495e+01
8.810620976627079415e+01
9.027025278766159033e+01
9.247970209863859736e+01
9.427920927560255393e+01
9.572702044833020807e+01
9.627947071710627824e+01
9.680580810201827546e+01
9.720374988999024879e+01
9.723670218151161748e+01
9.727075984699820310e+01
9.730176216643482690e+01
