9.092752386093600592e+01    45.
9.172433360028018967e+01    45.
9.304949375023147695e+01    45.
9.406839859273598847e+01    45.
9.534970672066542363e+01    4.626945783602561590e+01
9.679505369478454213e+01    4.845670805489447019e+01
9.681907976106231217e+01    4.978001804532508601e+01
9.684400310214088847e+01    5.118847839686672785e+01
9.687150839985599760e+01    5.254828004007910636e+01
9.689952331938727070e+01    5.400866787000087754e+01
9.692800718464985721e+01    5.544459628255889072e+01
9.695696658518939159e+01    5.672733334507725544e+01
9.698639498569616535e+01    5.820987451928311174e+01
1.027346335401665840e+02    6.201847856677024851e+01
1.036491079182058428e+02    6.369358861259883042e+01
1.037001096871344998e+02    6.477190423299732913e+01
1.037516679336665248e+02    6.527359315089627501e+01
1.038037752088636836e+02    6.577459923957216859e+01
1.038549845265818874e+02    6.677066038202059417e+01
1.039094113023192278e+02    6.694304680296920651e+01
1.039635664099305217e+02    6.917287924820807632e+01
1.040179626788484342e+02    7.109507413842591461e+01
1.040729353450522154e+02    7.191319726592772099e+01
