9.746497142113319967e+01
1.007407095131561476e+02
1.024129853467070888e+02
1.028154133888186692e+02
1.044529938087548544e+02
1.061869720473469414e+02
1.091250279145918824e+02
1.111662563372141506e+02
1.111867900938148210e+02
1.112103827063629780e+02
1.112340264323980392e+02
1.117793580541893022e+02
1.127949346828350770e+02
1.133577567885223090e+02
1.132326162703671741e+02
1.131135409044861575e+02
1.129996173873620791e+02
1.132275335086745827e+02
1.149843005527140605e+02
1.155557550540226259e+02
1.149816917193657559e+02
1.150333353011564412e+02
1.171167883305816986e+02
