73.2                      73.2
73.2                      73.2
73.2                      73.2
8.245868933037945681e+01  73.2
9.936768395625240657e+01  73.2
1.020963223363434906e+02  73.2
1.019869662958678020e+02  73.2
1.026600002475595943e+02  7.469171022997574028e+01
1.017649938828523659e+02  9.137745963409722094e+01
9.961847197687549738e+01  9.931299993936795545e+01
1.015312971784926219e+02  1.008305407082570326e+02
1.014369485045197337e+02  1.014105507388036926e+02
1.021273533796530160e+02  1.013919954868071471e+02
1.024016607311403249e+02  1.018916963681577528e+02
1.023456549076060753e+02  1.023456549076060753e+02
1.022852547514456063e+02  1.022852547514456063e+02
1.022309265127805986e+02  1.022309265127805986e+02
1.024039419513529339e+02  1.023557896676853716e+02
1.041114563507125013e+02  1.041114563507125013e+02
1.048276951005909723e+02  1.048276951005909723e+02
1.052762857975955058e+02  1.052762857975955058e+02
1.057551227296440715e+02  1.057551227296440715e+02
1.071683413392912030e+02  1.071683413392912030e+02
