# turbineX, turbineY, turbineZ
5.056000000000000227e+02 5.056000000000000227e+02 7.400000000000000000e+01
1.007636056944393772e+03 5.056000000000000227e+02 7.400000000000000000e+01
1.516800000000000182e+03 5.056000000000000227e+02 7.400000000000000000e+01
5.056000000000000227e+02 9.420440050514704353e+02 7.400000000000000000e+01
1.022472576287357469e+03 1.051926853811324690e+03 7.400000000000000000e+01
1.516800000000000182e+03 1.042528952772869843e+03 7.400000000000000000e+01
5.056000000000000227e+02 1.516800000000000182e+03 7.400000000000000000e+01
9.781896273544880387e+02 1.516800000000000182e+03 7.400000000000000000e+01
1.516800000000000182e+03 1.516800000000000182e+03 7.400000000000000000e+01
