# turbineX, turbineY, turbineZ
3.792000000000000455e+02 4.498743634992850389e+02 1.175507443864194244e+02
7.081236138316764936e+02 3.792000000000000455e+02 1.175507443864194244e+02
1.137600000000000364e+03 3.792000000000000455e+02 1.175507443864194244e+02
3.792000000000001023e+02 8.544063705621947520e+02 1.175507443864194244e+02
7.626445716752872386e+02 6.610651702218077617e+02 1.175507443864194244e+02
1.137599999999999909e+03 6.320000000000001137e+02 1.175507443864194244e+02
3.792000000000000455e+02 1.137600000000000136e+03 1.175507443864194244e+02
8.248505120251223843e+02 1.130156099239181231e+03 1.175507443864194244e+02
1.137600000000000136e+03 1.137600000000000136e+03 1.175507443864194244e+02
