# turbineX, turbineY, turbineZ
3.792000000000000455e+02 3.792000000000000455e+02 7.400000000000000000e+01
7.582819485724011201e+02 3.792000000000000455e+02 7.400000000000000000e+01
1.137599996497729762e+03 3.792000000000000455e+02 7.400000000000000000e+01
3.792000000000000455e+02 7.584808248795146710e+02 7.400000000000000000e+01
7.583206698423515491e+02 7.583676879018623822e+02 7.400000000000000000e+01
1.137599996501153555e+03 7.583432426556863675e+02 7.400000000000000000e+01
3.792000000000000455e+02 1.137599996501054193e+03 7.400000000000000000e+01
7.584903242292099321e+02 1.137599996498233622e+03 7.400000000000000000e+01
1.137599996503785178e+03 1.137599996496312542e+03 7.400000000000000000e+01
