45.   9.656526986565511095e+01
45.   9.670410102744128267e+01
45.   9.672624484661864130e+01
45.   9.674852218865173370e+01
45.   9.677149321285433814e+01
45.   9.679125642244804339e+01
45.   9.681922641168617361e+01
4.517121113778350860e+01    9.684400310212855345e+01
4.603358417581606687e+01    9.687150914166011262e+01
4.683341994724375468e+01    9.689952331780345673e+01
4.935844500705672999e+01    9.954937232329862695e+01
5.266411393027567556e+01    1.033595905509363462e+02
5.347588141809205098e+01    1.035488216544208342e+02
5.416685847946650512e+01    1.035986873434123936e+02
5.489349518145457552e+01    1.036491160983019171e+02
5.561678426285779864e+01    1.037001097364555591e+02
5.639067789275797793e+01    1.037516679365039352e+02
5.710024486047326064e+01    1.038037920188030228e+02
5.778360247072507150e+01    1.038564829461529655e+02
5.853580627058917685e+01    1.039097417349353378e+02
5.920336235616605336e+01    1.039635694532137933e+02
6.004413255954054307e+01    1.040177175206220284e+02
6.111208148769705417e+01    1.040715133799653671e+02
