#1  2
0.025  103.670  103.536
0.05   104.130  103.429
0.075  104.130  103.257
0.1    110.647  73.2000
0.125  113.693  73.2000
0.15   117.586  73.2000
0.175  117.586  73.2000
0.2    117.586  73.2000
0.225  117.586  73.2000
0.25   117.586  73.2000
0.275  117.586  73.2000
0.3    117.586  73.2000


#COE_1_15817066_23.txt
#COE_1_15817066_66.txt
#COE_1_15817066_45.txt
#COE_1_15692965_46.txt
#COE_1_15817066_46.txt
#COE_1_15817066_69.txt
#COE_1_15692965_37.txt
#COE_1_15817066_82.txt
#COE_1_15817066_37.txt
#COE_1_15817066_69.txt
#COE_1_15692965_40.txt
#COE_1_15692965_37.txt
