#1  2
0.08  110.688  73.2000
0.09  111.995  73.2000
0.1   117.586  73.2000
0.11  117.573  73.2000
0.12  117.560  73.2000
0.13  117.548  73.2000
0.14  110.569  105.096
0.15  110.550  110.550
0.16  110.531  110.531
0.17  117.501  110.514
0.18  117.490  110.496
0.19  117.479  110.479
0.2   117.468  113.538
0.21  117.458  117.458
0.22  117.448  117.448
0.23  117.438  117.438
0.24  117.428  117.428
0.25  117.419  117.419
0.26  117.409  117.409
0.27  117.400  117.400
0.28  117.391  117.391
0.29  117.382  117.382
0.3   117.374  117.374

#6.257194090001201658e+01 15662000 37
#6.253983262637565588e+01 15662000 30
#6.249411619404008889e+01 15662000 9
#6.241619148909841641e+01 15662000 36
#6.231121931631432176e+01 15662000 25
#6.218768232420514863e+01 15661999 1
#6.192619652222646920e+01 15662000 1
#6.166743029984175450e+01 15662000 19
#6.132928212943672008e+01 15662000 13
#6.104274715835754961e+01 15662000 15
#6.061767152121409197e+01 15662000 23
#6.026360953888864458e+01 15662000 7
#5.985633449564723207e+01 15662000 42
#5.942885980740623353e+01 15662000 10
#5.902952314936662503e+01 15662000 12
#5.856282296267761467e+01 15662000 37
#5.816487827354384166e+01 15662000 31
#5.771513104236409220e+01 15662000 17
#5.738147882681268896e+01 15662000 24
#5.699592854809775133e+01 15662000 32
#5.640177709013963891e+01 15662000 34
#5.613087877637856593e+01 15662000 46
#5.570160150677585875e+01 15662000 27
