#shearExp 5 groups
6.871303384690654070e+01 1.501815000000000000e+07 5.000000000000000000e+00
6.864609481067802221e+01 1.501815000000000000e+07 5.000000000000000000e+00
6.812732203211741933e+01 1.501815100000000000e+07 6.000000000000000000e+00
6.828211167878160381e+01 1.501815100000000000e+07 7.000000000000000000e+00
6.782218427237808100e+01 1.501815000000000000e+07 5.000000000000000000e+00
6.829227795550542623e+01 1.501815000000000000e+07 2.000000000000000000e+00
6.773200527199256271e+01 1.501815000000000000e+07 1.000000000000000000e+00
6.712496211619087205e+01 1.501815000000000000e+07 6.000000000000000000e+00
6.739685533716165367e+01 1.501815000000000000e+07 2.000000000000000000e+00
6.681218027907839030e+01 1.501815000000000000e+07 3.000000000000000000e+00
6.661587909027599608e+01 1.501815000000000000e+07 4.000000000000000000e+00
6.616135112102426774e+01 1.501815100000000000e+07 6.000000000000000000e+00
6.549029625540292443e+01 1.501815000000000000e+07 3.000000000000000000e+00
6.502322366920211039e+01 1.501815000000000000e+07 2.000000000000000000e+00
6.452465700576865970e+01 1.501815100000000000e+07 6.000000000000000000e+00
6.445728651121710584e+01 1.501815000000000000e+07 3.000000000000000000e+00
6.467099269216610935e+01 1.501815000000000000e+07 6.000000000000000000e+00
6.288959748686018969e+01 1.501815100000000000e+07 4.000000000000000000e+00
6.304213746799278084e+01 1.501815000000000000e+07 1.000000000000000000e+01
6.276434941904481235e+01 1.501815100000000000e+07 1.000000000000000000e+01
6.227874602435622364e+01 1.501815100000000000e+07 7.000000000000000000e+00
6.146715716493972792e+01 1.501815100000000000e+07 1.000000000000000000e+01
6.099041990558068704e+01 1.501815000000000000e+07 1.000000000000000000e+01
