#shearExp 25 groups CHECK THAT SOLUTION IS FEASIBLE 8, ,10,11,12,13,18
6.680234227874247210e+01 1.527310700000000000e+07 1.100000000000000000e+01
6.647304645847535198e+01 1.527310700000000000e+07 1.800000000000000000e+01
6.674823627858410191e+01 1.527310700000000000e+07 7.000000000000000000e+00
6.663970481690469683e+01 1.527310700000000000e+07 1.300000000000000000e+01
6.645185918751781173e+01 1.526460300000000000e+07 1.000000000000000000e+00
6.615526593478249140e+01 1.527310700000000000e+07 4.000000000000000000e+00
6.609111638396731792e+01 1.527310700000000000e+07 2.000000000000000000e+00
6.570350472084005844e+01 1.527310700000000000e+07 1.100000000000000000e+01
6.561067521187088403e+01 1.527310700000000000e+07 1.400000000000000000e+01
6.519951411422835008e+01 1.527310700000000000e+07 1.500000000000000000e+01
6.475375856099689997e+01 1.527310700000000000e+07 7.000000000000000000e+00
6.476300584737376198e+01 1.527310700000000000e+07 2.000000000000000000e+01
6.409688341679488133e+01 1.527310700000000000e+07 5.000000000000000000e+00
6.368532556896383312e+01 1.527310700000000000e+07 2.100000000000000000e+01
6.270022756260198094e+01 1.527310700000000000e+07 1.600000000000000000e+01
6.286074886482607127e+01 1.527310700000000000e+07 1.200000000000000000e+01
6.251127129609618294e+01 1.526460300000000000e+07 2.000000000000000000e+00
6.219566485350695473e+01 1.527310700000000000e+07 2.300000000000000000e+01
6.173857294046298705e+01 1.527310700000000000e+07 1.100000000000000000e+01
6.114366163700880463e+01 1.527310700000000000e+07 1.600000000000000000e+01
6.085406236549550130e+01 1.527310700000000000e+07 1.200000000000000000e+01
6.026348280823304293e+01 1.527310700000000000e+07 9.000000000000000000e+00
6.003367357801062099e+01 1.526460300000000000e+07 4.000000000000000000e+00
