#shearExp 1 height group CHECK FEASIBILITY
6.779375767136286868e+01 15662000 7
6.768598544939257522e+01 15662000 16
6.743573962638345165e+01 15662000 46
6.715335330821608295e+01 15662000 36
6.687546860900977208e+01 15662000 21
6.658899852469664893e+01 15662000 17
6.627672135685402566e+01 15662000 11
6.586994236451599249e+01 15662000 49
6.548304426621363916e+01 15662000 25
6.511177990719778563e+01 15662000 3
6.471951700521275086e+01 15662000 35
6.430333875452511450e+01 15662000 26
6.381797196641251446e+01 15662000 41
6.333679587223309682e+01 15662000 14
6.285986342341671929e+01 15662000 36
6.238712175871305021e+01 15662000 42
6.191857826703658674e+01 15662000 5
6.145423627172308301e+01 15662000 42
6.099404409629740087e+01 15662000 37
6.053800917852331764e+01 15662000 10
6.008601728186808089e+01 15662000 41
5.963804826421328897e+01 15662000 29
5.919412192488469060e+01 15662000 50
