#shearExp Grid 

7.188750679965242796e+01 1.507499600000000000e+07 1.000000000000000000e+00
7.192947890002362499e+01 1.507499600000000000e+07 5.000000000000000000e+00
7.192929205321794939e+01 1.507499600000000000e+07 5.000000000000000000e+00
7.188683483253150541e+01 1.507499600000000000e+07 5.000000000000000000e+00
7.188660148817653806e+01 1.507499600000000000e+07 5.000000000000000000e+00
7.188646219390781766e+01 1.507499600000000000e+07 4.000000000000000000e+00
7.188624967310499869e+01 1.507499600000000000e+07 5.000000000000000000e+00
7.188566249296371780e+01 1.507499600000000000e+07 4.000000000000000000e+00
7.188505305342253848e+01 1.507512500000000000e+07 4.000000000000000000e+00
7.188508983772604211e+01 1.507512500000000000e+07 2.000000000000000000e+00
7.188510807534174774e+01 1.507499600000000000e+07 3.000000000000000000e+00
7.188506006363111567e+01 1.507499600000000000e+07 3.000000000000000000e+00
7.188218010587527829e+01 1.507512500000000000e+07 3.000000000000000000e+00
7.188243730752753891e+01 1.507512500000000000e+07 3.000000000000000000e+00
7.188470450927491129e+01 1.507499600000000000e+07 4.000000000000000000e+00
7.188427848120196018e+01 1.507499600000000000e+07 5.000000000000000000e+00
7.187560414168805778e+01 1.507512500000000000e+07 2.000000000000000000e+00
7.192381209632110028e+01 1.507512500000000000e+07 2.000000000000000000e+00
7.191897542727646453e+01 1.507512500000000000e+07 3.000000000000000000e+00
7.192643334880250450e+01 1.507499600000000000e+07 3.000000000000000000e+00
7.188367147861086437e+01 1.507499600000000000e+07 3.000000000000000000e+00
7.188344168284700686e+01 1.507499600000000000e+07 4.000000000000000000e+00
7.188334594376374298e+01 1.507499600000000000e+07 4.000000000000000000e+00
