#shearExp Just Layout All from warm start
6.960742372825593804e+01 1.501181500000000000e+07 1.000000000000000000e+01
6.960742372825593804e+01 1.501181400000000000e+07 8.000000000000000000e+00
6.960737555115920827e+01 1.501181400000000000e+07 6.000000000000000000e+00
6.960922982251697988e+01 1.501181600000000000e+07 6.000000000000000000e+00
6.960683753961690456e+01 1.501181300000000000e+07 3.000000000000000000e+00
6.960683376428413283e+01 1.501181400000000000e+07 7.000000000000000000e+00
6.960683376428397651e+01 1.501181300000000000e+07 1.000000000000000000e+01
6.960683376428315228e+01 1.501181400000000000e+07 2.000000000000000000e+00
6.960684624350196259e+01 1.501181500000000000e+07 9.000000000000000000e+00
6.960822237786136668e+01 1.501181600000000000e+07 1.000000000000000000e+00
6.960683378846891856e+01 1.501181300000000000e+07 7.000000000000000000e+00
6.960683378846891856e+01 1.501181700000000000e+07 5.000000000000000000e+00
6.960683378846891856e+01 1.501181600000000000e+07 6.000000000000000000e+00
6.960683378846891856e+01 1.501181700000000000e+07 5.000000000000000000e+00
6.960683378846891856e+01 1.501181300000000000e+07 1.000000000000000000e+00
6.960683378846891856e+01 1.501181400000000000e+07 8.000000000000000000e+00
6.960683378846891856e+01 1.501181300000000000e+07 7.000000000000000000e+00
6.960683378846891856e+01 1.501181300000000000e+07 1.000000000000000000e+01
6.960683378846891856e+01 1.501181400000000000e+07 9.000000000000000000e+00
6.960683378846891856e+01 1.501181400000000000e+07 1.000000000000000000e+01
6.960683378846891856e+01 1.501181300000000000e+07 2.000000000000000000e+00
6.960683378846891856e+01 1.501181500000000000e+07 2.000000000000000000e+00
6.960683378846891856e+01 1.501181300000000000e+07 1.000000000000000000e+01
