#shearExp 2 groups CHECK THAT SOLUTION IS FEASIBLE 8, ,10,11,12,13,18
6.608500811413226472e+01 15662000 2
6.597798268800134736e+01 15662000 37
6.582891089441383770e+01 15662000 26
6.575686516758690914e+01 15662000 15
6.564279240122773729e+01 15662000 5
6.552640979747191352e+01 15662000 21
6.540775064592760657e+01 15661999 1
6.528666910013639324e+01 15662000 31
6.516360168887852922e+01 15662000 14
6.505468021241851773e+01 15662000 4
6.466426634777367610e+01 15662000 48
6.422732015484648116e+01 15662000 32
6.379411124161191537e+01 15662000 18
6.333678991874505471e+01 15662000 10
6.285985806249964014e+01 15662000 43
6.238712471522089231e+01 15662000 42
6.191857585354775750e+01 15662000 40
6.145423642385032537e+01 15726234 16
6.099404533889797619e+01 15726234 11
6.053803863320621304e+01 15726234 38
6.008602059058042499e+01 15726234 18
5.977618663850136471e+01 15662000 2
5.919415763342617964e+01 15662000 17
