#spacing grid
9.100067671339334652e+01 1.501182200000000000e+07 9.000000000000000000e+00
8.624620044584916911e+01 1.501182000000000000e+07 4.000000000000000000e+00
7.843064427803152228e+01 1.501182000000000000e+07 5.000000000000000000e+00
7.382775510154337439e+01 1.501181900000000000e+07 1.000000000000000000e+01
6.969924444088255200e+01 1.501181900000000000e+07 8.000000000000000000e+00
6.643678447281635613e+01 1.501181800000000000e+07 1.000000000000000000e+00
6.437926636620841236e+01 1.501182000000000000e+07 9.000000000000000000e+00
6.145110300733610131e+01 1.501182200000000000e+07 6.000000000000000000e+00
6.099988123392358830e+01 1.501181900000000000e+07 9.000000000000000000e+00
5.992728557721559213e+01 1.501181900000000000e+07 6.000000000000000000e+00
5.935972307660026814e+01 1.501182100000000000e+07 9.000000000000000000e+00
5.823231330150108676e+01 1.501182000000000000e+07 5.000000000000000000e+00
5.823891424463928956e+01 1.501182000000000000e+07 1.000000000000000000e+00
5.712598825418081105e+01 1.501181800000000000e+07 5.000000000000000000e+00
5.647665962553099206e+01 1.501182100000000000e+07 1.000000000000000000e+01
5.552787845762978947e+01 1.501181800000000000e+07 8.000000000000000000e+00
5.585386544638308237e+01 1.501182000000000000e+07 3.000000000000000000e+00
