#spacing 25 height groups
8.384798885151710124e+01 1.501828600000000000e+07 3.000000000000000000e+00
7.997598584565631086e+01 1.500526000000000000e+07 2.000000000000000000e+01
6.762987766737707318e+01 1.501828600000000000e+07 3.000000000000000000e+00
6.493464417675642153e+01 1.501828600000000000e+07 3.000000000000000000e+00
6.184778664474794851e+01 1.501828600000000000e+07 3.000000000000000000e+00
6.066691444691671364e+01 1.501828600000000000e+07 2.000000000000000000e+00
5.926206908406430074e+01 1.501828600000000000e+07 2.000000000000000000e+00
5.768903494135342669e+01 1.501828600000000000e+07 2.000000000000000000e+00
5.725081191682103565e+01 1.501828600000000000e+07 2.000000000000000000e+00
5.612702756184465613e+01 1.501828600000000000e+07 2.000000000000000000e+00
5.622835973571113755e+01 1.501828600000000000e+07 2.000000000000000000e+00
5.582760722962905930e+01 1.501845500000000000e+07 9.000000000000000000e+00
NO DATA
NO DATA
NO DATA
NO DATA
NO DATA
