#spacing 2 groups
8.404014109016401335e+01 1.501828600000000000e+07 2.000000000000000000e+00
7.427639475503589495e+01 1.501845500000000000e+07 4.000000000000000000e+00
6.798624700152652167e+01 1.501828600000000000e+07 6.000000000000000000e+00
6.428874516199455513e+01 1.501182100000000000e+07 8.000000000000000000e+00
6.183522395291995366e+01 1.501845500000000000e+07 9.000000000000000000e+00
6.017328650538633639e+01 1.501182100000000000e+07 9.000000000000000000e+00
5.858431622667974636e+01 1.501828600000000000e+07 4.000000000000000000e+00
5.747490901436120936e+01 1.501828600000000000e+07 1.000000000000000000e+01
5.681555566780997424e+01 1.501828600000000000e+07 2.000000000000000000e+00
5.611521016651587956e+01 1.501828600000000000e+07 6.000000000000000000e+00
5.547840579106899384e+01 1.501845500000000000e+07 1.000000000000000000e+00
5.501002063473938364e+01 1.501845500000000000e+07 8.000000000000000000e+00
5.448656695160453012e+01 1.501845500000000000e+07 1.000000000000000000e+00
5.437599373287926596e+01 1.501845500000000000e+07 2.000000000000000000e+00
5.380492737648657453e+01 1.501828600000000000e+07 9.000000000000000000e+00
5.377426729794196092e+01 1.501845500000000000e+07 7.000000000000000000e+00
5.361606652615271429e+01 1.501828600000000000e+07 5.000000000000000000e+00
